<?xml version="1.0" encoding="utf-8"?>
<COLLADA xmlns:xsi="http://www.w3.org/2001/XMLSchema-instance" xmlns:xsd="http://www.w3.org/2001/XMLSchema" version="1.4.1" xmlns="http://www.collada.org/2005/11/COLLADASchema">
  <asset>
    <created>2017-06-01T10:06:14.323194+03:00</created>
    <modified>2017-06-01T10:06:14.323194+03:00</modified>
    <unit meter="1" name="meter" />
    <up_axis>Y_UP</up_axis>
    <contributor>
      <authoring_tool>Skele: Character Animation Tools</authoring_tool>
      <comments>https://www.assetstore.unity3d.com/en/#!/content/16899</comments>
    </contributor>
    <revision>1.0</revision>
  </asset>
  <library_animation_clips>
    <animation_clip name="KamaraIdleB" start="0" end="10.550000190734863">
      <instance_animation url="KamaraIdleB_0" />
    </animation_clip>
  </library_animation_clips>
  <library_animations>
    <animation id="KamaraIdleB_0" name="KamaraIdleB">
      <animation id="Chest_0_0-anim" name="Chest_0_0">
        <source id="Chest_0_0-Matrix-animation-input">
          <float_array id="Chest_0_0-Matrix-animation-input-array" count="634">0
0.01666667
0.03333334
0.05
0.06666667
0.08333334
0.1
0.1166667
0.1333333
0.15
0.1666667
0.1833333
0.2
0.2166667
0.2333333
0.25
0.2666667
0.2833334
0.3
0.3166667
0.3333334
0.3500001
0.3666668
0.3833334
0.4000001
0.4166668
0.4333335
0.4500002
0.4666668
0.4833335
0.5000002
0.5166668
0.5333335
0.5500001
0.5666668
0.5833334
0.6000001
0.6166667
0.6333334
0.65
0.6666667
0.6833333
0.7
0.7166666
0.7333333
0.7499999
0.7666666
0.7833332
0.7999999
0.8166665
0.8333332
0.8499998
0.8666665
0.8833331
0.8999998
0.9166664
0.9333331
0.9499997
0.9666664
0.9833331
0.9999997
1.016666
1.033333
1.05
1.066666
1.083333
1.1
1.116666
1.133333
1.15
1.166666
1.183333
1.2
1.216666
1.233333
1.25
1.266666
1.283333
1.299999
1.316666
1.333333
1.349999
1.366666
1.383333
1.399999
1.416666
1.433333
1.449999
1.466666
1.483333
1.499999
1.516666
1.533333
1.549999
1.566666
1.583333
1.599999
1.616666
1.633332
1.649999
1.666666
1.683332
1.699999
1.716666
1.733332
1.749999
1.766666
1.783332
1.799999
1.816666
1.833332
1.849999
1.866666
1.883332
1.899999
1.916666
1.933332
1.949999
1.966666
1.983332
1.999999
2.016665
2.033332
2.049999
2.066665
2.083332
2.099999
2.116665
2.133332
2.149999
2.166665
2.183332
2.199999
2.216665
2.233332
2.249999
2.266665
2.283332
2.299999
2.316665
2.333332
2.349998
2.366665
2.383332
2.399998
2.416665
2.433332
2.449998
2.466665
2.483332
2.499998
2.516665
2.533332
2.549998
2.566665
2.583332
2.599998
2.616665
2.633332
2.649998
2.666665
2.683331
2.699998
2.716665
2.733331
2.749998
2.766665
2.783331
2.799998
2.816665
2.833331
2.849998
2.866665
2.883331
2.899998
2.916665
2.933331
2.949998
2.966665
2.983331
2.999998
3.016665
3.033331
3.049998
3.066664
3.083331
3.099998
3.116664
3.133331
3.149998
3.166664
3.183331
3.199998
3.216664
3.233331
3.249998
3.266664
3.283331
3.299998
3.316664
3.333331
3.349998
3.366664
3.383331
3.399997
3.416664
3.433331
3.449997
3.466664
3.483331
3.499997
3.516664
3.533331
3.549997
3.566664
3.583331
3.599997
3.616664
3.633331
3.649997
3.666664
3.683331
3.699997
3.716664
3.73333
3.749997
3.766664
3.78333
3.799997
3.816664
3.83333
3.849997
3.866664
3.88333
3.899997
3.916664
3.93333
3.949997
3.966664
3.98333
3.999997
4.016664
4.03333
4.049997
4.066664
4.083331
4.099998
4.116665
4.133332
4.149999
4.166666
4.183332
4.199999
4.216666
4.233333
4.25
4.266667
4.283334
4.300001
4.316668
4.333334
4.350001
4.366668
4.383335
4.400002
4.416669
4.433336
4.450003
4.46667
4.483336
4.500003
4.51667
4.533337
4.550004
4.566671
4.583338
4.600005
4.616672
4.633338
4.650005
4.666672
4.683339
4.700006
4.716673
4.73334
4.750007
4.766674
4.78334
4.800007
4.816674
4.833341
4.850008
4.866675
4.883342
4.900009
4.916676
4.933342
4.950009
4.966676
4.983343
5.00001
5.016677
5.033344
5.050011
5.066678
5.083344
5.100011
5.116678
5.133345
5.150012
5.166679
5.183346
5.200013
5.21668
5.233346
5.250013
5.26668
5.283347
5.300014
5.316681
5.333348
5.350015
5.366682
5.383348
5.400015
5.416682
5.433349
5.450016
5.466683
5.48335
5.500017
5.516684
5.53335
5.550017
5.566684
5.583351
5.600018
5.616685
5.633352
5.650019
5.666686
5.683352
5.700019
5.716686
5.733353
5.75002
5.766687
5.783354
5.800021
5.816688
5.833354
5.850021
5.866688
5.883355
5.900022
5.916689
5.933356
5.950023
5.96669
5.983356
6.000023
6.01669
6.033357
6.050024
6.066691
6.083358
6.100025
6.116692
6.133358
6.150025
6.166692
6.183359
6.200026
6.216693
6.23336
6.250027
6.266694
6.28336
6.300027
6.316694
6.333361
6.350028
6.366695
6.383362
6.400029
6.416696
6.433362
6.450029
6.466696
6.483363
6.50003
6.516697
6.533364
6.550031
6.566698
6.583364
6.600031
6.616698
6.633365
6.650032
6.666699
6.683366
6.700033
6.7167
6.733366
6.750033
6.7667
6.783367
6.800034
6.816701
6.833368
6.850035
6.866702
6.883368
6.900035
6.916702
6.933369
6.950036
6.966703
6.98337
7.000037
7.016704
7.03337
7.050037
7.066704
7.083371
7.100038
7.116705
7.133372
7.150039
7.166706
7.183372
7.200039
7.216706
7.233373
7.25004
7.266707
7.283374
7.300041
7.316708
7.333375
7.350041
7.366708
7.383375
7.400042
7.416709
7.433376
7.450043
7.46671
7.483377
7.500043
7.51671
7.533377
7.550044
7.566711
7.583378
7.600045
7.616712
7.633379
7.650045
7.666712
7.683379
7.700046
7.716713
7.73338
7.750047
7.766714
7.783381
7.800047
7.816714
7.833381
7.850048
7.866715
7.883382
7.900049
7.916716
7.933383
7.950049
7.966716
7.983383
8.00005
8.016716
8.033382
8.050049
8.066715
8.083382
8.100048
8.116714
8.133381
8.150047
8.166714
8.18338
8.200047
8.216713
8.233379
8.250046
8.266712
8.283379
8.300045
8.316711
8.333378
8.350044
8.366711
8.383377
8.400043
8.41671
8.433376
8.450043
8.466709
8.483376
8.500042
8.516708
8.533375
8.550041
8.566708
8.583374
8.60004
8.616707
8.633373
8.65004
8.666706
8.683372
8.700039
8.716705
8.733372
8.750038
8.766705
8.783371
8.800037
8.816704
8.83337
8.850037
8.866703
8.883369
8.900036
8.916702
8.933369
8.950035
8.966702
8.983368
9.000034
9.016701
9.033367
9.050034
9.0667
9.083366
9.100033
9.116699
9.133366
9.150032
9.166698
9.183365
9.200031
9.216698
9.233364
9.250031
9.266697
9.283363
9.30003
9.316696
9.333363
9.350029
9.366695
9.383362
9.400028
9.416695
9.433361
9.450027
9.466694
9.48336
9.500027
9.516693
9.53336
9.550026
9.566692
9.583359
9.600025
9.616692
9.633358
9.650024
9.666691
9.683357
9.700024
9.71669
9.733356
9.750023
9.766689
9.783356
9.800022
9.816689
9.833355
9.850021
9.866688
9.883354
9.900021
9.916687
9.933353
9.95002
9.966686
9.983353
10.00002
10.01669
10.03335
10.05002
10.06668
10.08335
10.10002
10.11668
10.13335
10.15002
10.16668
10.18335
10.20002
10.21668
10.23335
10.25002
10.26668
10.28335
10.30001
10.31668
10.33335
10.35001
10.36668
10.38335
10.40001
10.41668
10.43335
10.45001
10.46668
10.48335
10.50001
10.51668
10.53334
10.55
</float_array>
          <technique_common>
            <accessor count="634" offset="0" source="#Chest_0_0-Matrix-animation-input-array" stride="1">
              <param name="TIME" type="float" />
            </accessor>
          </technique_common>
        </source>
        <source id="Chest_0_0-Matrix-animation-output-transform">
          <float_array id="Chest_0_0-Matrix-animation-output-transform-array" count="10144">1 0 0 -2.642279E-12 
0 0.9999821 0.005980359 0.2666135 
0 -0.005980358 0.9999821 2.243303E-10 
0 0 0 1 
1 0 0 1.388764E-08 
0 0.9999965 0.002603089 0.2666135 
0 -0.002603089 0.9999966 2.32488E-08 
0 0 0 1 
1 0 0 2.828236E-08 
0 0.9999995 -0.0008968579 0.2666135 
0 0.0008968579 0.9999996 4.710941E-08 
0 0 0 1 
1 0 0 4.312932E-08 
0 0.9999898 -0.004506755 0.2666135 
0 0.004506755 0.9999899 7.171967E-08 
0 0 0 1 
1 0 0 5.837635E-08 
0 0.9999662 -0.00821386 0.2666135 
0 0.008213859 0.9999663 9.699308E-08 
0 0 0 1 
1 0 0 7.397126E-08 
0 0.9999279 -0.01200543 0.2666135 
0 0.01200543 0.9999279 1.228431E-07 
0 0 0 1 
1 0 0 8.986187E-08 
0 0.999874 -0.01586872 0.2666135 
0 0.01586872 0.9998741 1.491833E-07 
0 0 0 1 
1 0 0 1.05996E-07 
0 0.9998041 -0.01979097 0.2666135 
0 0.01979097 0.9998041 1.759272E-07 
0 0 0 1 
1 0 0 1.223215E-07 
0 0.9997177 -0.02375942 0.2666135 
0 0.02375942 0.9997177 2.029882E-07 
0 0 0 1 
1 0 0 1.387861E-07 
0 0.9996145 -0.02776132 0.2666135 
0 0.02776132 0.9996146 2.302799E-07 
0 0 0 1 
1 0 0 1.553377E-07 
0 0.9994947 -0.03178391 0.2666135 
0 0.0317839 0.9994948 2.577158E-07 
0 0 0 1 
1 0 0 1.719241E-07 
0 0.9993584 -0.03581444 0.2666135 
0 0.03581443 0.9993585 2.852092E-07 
0 0 0 1 
1 0 0 1.884931E-07 
0 0.999206 -0.03984016 0.2666135 
0 0.03984015 0.9992061 3.126739E-07 
0 0 0 1 
1 0 0 2.049925E-07 
0 0.9990382 -0.04384834 0.2666135 
0 0.04384833 0.9990382 3.400233E-07 
0 0 0 1 
1 0 0 2.213701E-07 
0 0.9988556 -0.04782622 0.2666135 
0 0.04782622 0.9988557 3.671708E-07 
0 0 0 1 
1 0 0 2.375738E-07 
0 0.9986594 -0.05176113 0.2666135 
0 0.05176113 0.9986595 3.9403E-07 
0 0 0 1 
1 0 0 2.535514E-07 
0 0.9984508 -0.05564033 0.2666135 
0 0.05564033 0.9984509 4.205143E-07 
0 0 0 1 
1 0 0 2.692507E-07 
0 0.9982312 -0.05945116 0.2666135 
0 0.05945115 0.9982312 4.465374E-07 
0 0 0 1 
1 0 0 2.846195E-07 
0 0.9980021 -0.06318091 0.2666135 
0 0.0631809 0.9980021 4.720127E-07 
0 0 0 1 
1 0 0 2.996057E-07 
0 0.9977652 -0.06681695 0.2666135 
0 0.06681694 0.9977652 4.968535E-07 
0 0 0 1 
1 0 0 3.141569E-07 
0 0.9975225 -0.07034663 0.2666135 
0 0.07034662 0.9975226 5.209737E-07 
0 0 0 1 
1 0 0 3.282211E-07 
0 0.9972762 -0.07375734 0.2666135 
0 0.07375734 0.9972762 5.442865E-07 
0 0 0 1 
1 0 0 3.417462E-07 
0 0.9970282 -0.07703647 0.2666135 
0 0.07703646 0.9970283 5.667055E-07 
0 0 0 1 
1 0 0 3.546798E-07 
0 0.9967811 -0.08017145 0.2666135 
0 0.08017144 0.9967811 5.881442E-07 
0 0 0 1 
1 0 0 3.669698E-07 
0 0.996537 -0.08314966 0.2666135 
0 0.08314966 0.9965371 6.085161E-07 
0 0 0 1 
1 0 0 3.78564E-07 
0 0.9962987 -0.08595861 0.2666135 
0 0.08595861 0.9962987 6.277347E-07 
0 0 0 1 
1 0 0 3.894104E-07 
0 0.9960685 -0.08858573 0.2666135 
0 0.08858573 0.9960685 6.457134E-07 
0 0 0 1 
1 0 0 3.994565E-07 
0 0.9958491 -0.09101851 0.2666135 
0 0.0910185 0.9958492 6.623659E-07 
0 0 0 1 
1 0 0 4.086504E-07 
0 0.9956432 -0.0932444 0.2666135 
0 0.0932444 0.9956433 6.776056E-07 
0 0 0 1 
1 0 0 4.169397E-07 
0 0.9954532 -0.09525091 0.2666135 
0 0.0952509 0.9954533 6.91346E-07 
0 0 0 1 
1 0 0 4.242724E-07 
0 0.9952818 -0.09702551 0.2666135 
0 0.09702551 0.9952819 7.035005E-07 
0 0 0 1 
1 0 0 4.305962E-07 
0 0.9951315 -0.09855574 0.2666135 
0 0.09855573 0.9951316 7.139828E-07 
0 0 0 1 
1 0 0 4.358589E-07 
0 0.9950045 -0.09982903 0.2666135 
0 0.09982902 0.9950046 7.227064E-07 
0 0 0 1 
1 0 0 4.40374E-07 
0 0.994894 -0.1009252 0.2666135 
0 0.1009252 0.994894 7.301905E-07 
0 0 0 1 
1 0 0 4.444939E-07 
0 0.9947912 -0.1019333 0.2666135 
0 0.1019333 0.9947912 7.370197E-07 
0 0 0 1 
1 0 0 4.482253E-07 
0 0.9946963 -0.1028547 0.2666135 
0 0.1028547 0.9946964 7.432049E-07 
0 0 0 1 
1 0 0 4.515749E-07 
0 0.9946095 -0.1036909 0.2666135 
0 0.1036909 0.9946096 7.487571E-07 
0 0 0 1 
1 0 0 4.545493E-07 
0 0.9945308 -0.1044433 0.2666135 
0 0.1044433 0.9945309 7.536875E-07 
0 0 0 1 
1 0 0 4.571551E-07 
0 0.9944602 -0.1051133 0.2666135 
0 0.1051132 0.9944603 7.580069E-07 
0 0 0 1 
1 0 0 4.59399E-07 
0 0.9943978 -0.1057022 0.2666135 
0 0.1057022 0.9943978 7.617264E-07 
0 0 0 1 
1 0 0 4.612877E-07 
0 0.9943435 -0.1062114 0.2666135 
0 0.1062114 0.9943436 7.648571E-07 
0 0 0 1 
1 0 0 4.628278E-07 
0 0.9942974 -0.1066424 0.2666135 
0 0.1066424 0.9942974 7.6741E-07 
0 0 0 1 
1 0 0 4.64026E-07 
0 0.9942594 -0.1069966 0.2666135 
0 0.1069966 0.9942594 7.693961E-07 
0 0 0 1 
1 0 0 4.648889E-07 
0 0.9942293 -0.1072753 0.2666135 
0 0.1072752 0.9942294 7.708264E-07 
0 0 0 1 
1 0 0 4.654231E-07 
0 0.9942072 -0.1074799 0.2666135 
0 0.1074799 0.9942073 7.717119E-07 
0 0 0 1 
1 0 0 4.656353E-07 
0 0.994193 -0.1076118 0.2666135 
0 0.1076118 0.994193 7.720637E-07 
0 0 0 1 
1 0 0 4.655322E-07 
0 0.9941864 -0.1076724 0.2666135 
0 0.1076724 0.9941865 7.718928E-07 
0 0 0 1 
1 0 0 4.651204E-07 
0 0.9941874 -0.107663 0.2666135 
0 0.107663 0.9941875 7.712101E-07 
0 0 0 1 
1 0 0 4.644065E-07 
0 0.9941958 -0.1075851 0.2666135 
0 0.1075851 0.9941959 7.700269E-07 
0 0 0 1 
1 0 0 4.633973E-07 
0 0.9942115 -0.1074401 0.2666135 
0 0.1074401 0.9942116 7.683539E-07 
0 0 0 1 
1 0 0 4.620993E-07 
0 0.9942343 -0.1072292 0.2666135 
0 0.1072292 0.9942343 7.662023E-07 
0 0 0 1 
1 0 0 4.605192E-07 
0 0.9942639 -0.1069539 0.2666135 
0 0.1069539 0.9942639 7.635832E-07 
0 0 0 1 
1 0 0 4.586636E-07 
0 0.9943002 -0.1066156 0.2666135 
0 0.1066156 0.9943003 7.605075E-07 
0 0 0 1 
1 0 0 4.565393E-07 
0 0.994343 -0.1062157 0.2666135 
0 0.1062157 0.9943431 7.569862E-07 
0 0 0 1 
1 0 0 4.541528E-07 
0 0.9943921 -0.1057554 0.2666135 
0 0.1057554 0.9943922 7.530303E-07 
0 0 0 1 
1 0 0 4.515109E-07 
0 0.9944472 -0.1052362 0.2666135 
0 0.1052362 0.9944472 7.48651E-07 
0 0 0 1 
1 0 0 4.4862E-07 
0 0.9945081 -0.1046594 0.2666135 
0 0.1046594 0.9945081 7.438592E-07 
0 0 0 1 
1 0 0 4.45487E-07 
0 0.9945745 -0.1040265 0.2666135 
0 0.1040265 0.9945745 7.386659E-07 
0 0 0 1 
1 0 0 4.421184E-07 
0 0.9946461 -0.1033387 0.2666135 
0 0.1033387 0.9946462 7.330822E-07 
0 0 0 1 
1 0 0 4.38521E-07 
0 0.9947229 -0.1025975 0.2666135 
0 0.1025975 0.994723 7.271191E-07 
0 0 0 1 
1 0 0 4.347012E-07 
0 0.9948044 -0.1018043 0.2666135 
0 0.1018043 0.9948044 7.207875E-07 
0 0 0 1 
1 0 0 4.306659E-07 
0 0.9948904 -0.1009603 0.2666135 
0 0.1009603 0.9948905 7.140986E-07 
0 0 0 1 
1 0 0 4.264216E-07 
0 0.9949806 -0.100067 0.2666135 
0 0.100067 0.9949807 7.070633E-07 
0 0 0 1 
1 0 0 4.219751E-07 
0 0.9950749 -0.09912576 0.2666135 
0 0.09912575 0.9950749 6.996927E-07 
0 0 0 1 
1 0 0 4.173329E-07 
0 0.9951727 -0.09813788 0.2666135 
0 0.09813787 0.9951728 6.919978E-07 
0 0 0 1 
1 0 0 4.125017E-07 
0 0.9952741 -0.09710481 0.2666135 
0 0.0971048 0.9952742 6.839896E-07 
0 0 0 1 
1 0 0 4.074881E-07 
0 0.9953786 -0.09602787 0.2666135 
0 0.09602787 0.9953787 6.756792E-07 
0 0 0 1 
1 0 0 4.022989E-07 
0 0.995486 -0.09490842 0.2666135 
0 0.09490841 0.995486 6.670775E-07 
0 0 0 1 
1 0 0 3.969406E-07 
0 0.9955959 -0.09374787 0.2666135 
0 0.09374786 0.995596 6.581956E-07 
0 0 0 1 
1 0 0 3.914199E-07 
0 0.9957082 -0.09254757 0.2666135 
0 0.09254757 0.9957083 6.490445E-07 
0 0 0 1 
1 0 0 3.857434E-07 
0 0.9958225 -0.0913089 0.2666135 
0 0.09130889 0.9958226 6.396352E-07 
0 0 0 1 
1 0 0 3.799179E-07 
0 0.9959387 -0.09003323 0.2666135 
0 0.09003322 0.9959388 6.299788E-07 
0 0 0 1 
1 0 0 3.739499E-07 
0 0.9960564 -0.08872192 0.2666135 
0 0.08872191 0.9960564 6.200863E-07 
0 0 0 1 
1 0 0 3.678461E-07 
0 0.9961753 -0.08737634 0.2666135 
0 0.08737633 0.9961753 6.099687E-07 
0 0 0 1 
1 0 0 3.616131E-07 
0 0.9962953 -0.08599789 0.2666135 
0 0.08599788 0.9962953 5.99637E-07 
0 0 0 1 
1 0 0 3.552576E-07 
0 0.996416 -0.08458792 0.2666135 
0 0.08458791 0.996416 5.891022E-07 
0 0 0 1 
1 0 0 3.487864E-07 
0 0.9965371 -0.08314782 0.2666135 
0 0.08314781 0.9965372 5.783754E-07 
0 0 0 1 
1 0 0 3.422059E-07 
0 0.9966586 -0.08167896 0.2666135 
0 0.08167895 0.9966587 5.674676E-07 
0 0 0 1 
1 0 0 3.355228E-07 
0 0.9967801 -0.08018272 0.2666135 
0 0.08018272 0.9967802 5.563898E-07 
0 0 0 1 
1 0 0 3.287439E-07 
0 0.9969014 -0.07866047 0.2666135 
0 0.07866047 0.9969015 5.45153E-07 
0 0 0 1 
1 0 0 3.218756E-07 
0 0.9970223 -0.0771136 0.2666135 
0 0.07711359 0.9970223 5.337683E-07 
0 0 0 1 
1 0 0 3.149248E-07 
0 0.9971424 -0.07554348 0.2666135 
0 0.07554347 0.9971425 5.222467E-07 
0 0 0 1 
1 0 0 3.078981E-07 
0 0.9972618 -0.0739515 0.2666135 
0 0.07395149 0.9972618 5.105991E-07 
0 0 0 1 
1 0 0 3.00802E-07 
0 0.99738 -0.07233902 0.2666135 
0 0.07233901 0.9973801 4.988368E-07 
0 0 0 1 
1 0 0 2.936433E-07 
0 0.997497 -0.07070743 0.2666135 
0 0.07070743 0.9974971 4.869705E-07 
0 0 0 1 
1 0 0 2.864286E-07 
0 0.9976126 -0.06905814 0.2666135 
0 0.06905814 0.9976127 4.750115E-07 
0 0 0 1 
1 0 0 2.791645E-07 
0 0.9977265 -0.06739251 0.2666135 
0 0.06739251 0.9977266 4.629705E-07 
0 0 0 1 
1 0 0 2.718577E-07 
0 0.9978386 -0.06571192 0.2666135 
0 0.06571191 0.9978386 4.508589E-07 
0 0 0 1 
1 0 0 2.645149E-07 
0 0.9979487 -0.06401778 0.2666135 
0 0.06401777 0.9979488 4.386874E-07 
0 0 0 1 
1 0 0 2.571427E-07 
0 0.9980567 -0.06231145 0.2666135 
0 0.06231145 0.9980568 4.264673E-07 
0 0 0 1 
1 0 0 2.497477E-07 
0 0.9981624 -0.06059431 0.2666135 
0 0.06059431 0.9981624 4.142094E-07 
0 0 0 1 
1 0 0 2.423366E-07 
0 0.9982657 -0.05886779 0.2666135 
0 0.05886779 0.9982658 4.019248E-07 
0 0 0 1 
1 0 0 2.349161E-07 
0 0.9983665 -0.05713325 0.2666135 
0 0.05713325 0.9983665 3.896245E-07 
0 0 0 1 
1 0 0 2.274927E-07 
0 0.9984646 -0.05539206 0.2666135 
0 0.05539206 0.9984647 3.773196E-07 
0 0 0 1 
1 0 0 2.200732E-07 
0 0.99856 -0.05364567 0.2666135 
0 0.05364566 0.99856 3.650211E-07 
0 0 0 1 
1 0 0 2.126642E-07 
0 0.9986525 -0.0518954 0.2666135 
0 0.0518954 0.9986525 3.5274E-07 
0 0 0 1 
1 0 0 2.052724E-07 
0 0.998742 -0.05014268 0.2666135 
0 0.05014268 0.998742 3.404872E-07 
0 0 0 1 
1 0 0 1.979043E-07 
0 0.9988285 -0.04838891 0.2666135 
0 0.04838891 0.9988286 3.28274E-07 
0 0 0 1 
1 0 0 1.905667E-07 
0 0.9989119 -0.04663546 0.2666135 
0 0.04663545 0.998912 3.161112E-07 
0 0 0 1 
1 0 0 1.832662E-07 
0 0.9989921 -0.04488375 0.2666135 
0 0.04488375 0.9989922 3.040099E-07 
0 0 0 1 
1 0 0 1.760094E-07 
0 0.9990692 -0.04313513 0.2666135 
0 0.04313513 0.9990693 2.919811E-07 
0 0 0 1 
1 0 0 1.68803E-07 
0 0.9991429 -0.04139102 0.2666135 
0 0.04139102 0.999143 2.800359E-07 
0 0 0 1 
1 0 0 1.616537E-07 
0 0.9992135 -0.03965284 0.2666135 
0 0.03965284 0.9992135 2.681852E-07 
0 0 0 1 
1 0 0 1.545681E-07 
0 0.9992806 -0.03792191 0.2666135 
0 0.03792191 0.9992807 2.5644E-07 
0 0 0 1 
1 0 0 1.475528E-07 
0 0.9993445 -0.03619971 0.2666135 
0 0.0361997 0.9993446 2.448115E-07 
0 0 0 1 
1 0 0 1.406145E-07 
0 0.9994051 -0.03448758 0.2666135 
0 0.03448757 0.9994051 2.333106E-07 
0 0 0 1 
1 0 0 1.337598E-07 
0 0.9994623 -0.03278692 0.2666135 
0 0.03278692 0.9994624 2.219484E-07 
0 0 0 1 
1 0 0 1.269954E-07 
0 0.9995162 -0.03109916 0.2666135 
0 0.03109916 0.9995163 2.107357E-07 
0 0 0 1 
1 0 0 1.20328E-07 
0 0.9995669 -0.02942565 0.2666135 
0 0.02942565 0.999567 1.996839E-07 
0 0 0 1 
1 0 0 1.137642E-07 
0 0.9996144 -0.0277678 0.2666135 
0 0.0277678 0.9996144 1.888038E-07 
0 0 0 1 
1 0 0 1.073106E-07 
0 0.9996586 -0.02612703 0.2666135 
0 0.02612703 0.9996586 1.781062E-07 
0 0 0 1 
1 0 0 1.009739E-07 
0 0.9996997 -0.02450469 0.2666135 
0 0.02450469 0.9996997 1.676026E-07 
0 0 0 1 
1 0 0 9.476074E-08 
0 0.9997377 -0.02290221 0.2666135 
0 0.0229022 0.9997377 1.573036E-07 
0 0 0 1 
1 0 0 8.867784E-08 
0 0.9997726 -0.02132098 0.2666135 
0 0.02132097 0.9997727 1.472207E-07 
0 0 0 1 
1 0 0 8.273167E-08 
0 0.9998046 -0.01976237 0.2666135 
0 0.01976237 0.9998047 1.373644E-07 
0 0 0 1 
1 0 0 7.692907E-08 
0 0.9998338 -0.01822781 0.2666135 
0 0.01822781 0.9998339 1.27746E-07 
0 0 0 1 
1 0 0 7.127659E-08 
0 0.9998602 -0.01671867 0.2666135 
0 0.01671867 0.9998602 1.183764E-07 
0 0 0 1 
1 0 0 6.578091E-08 
0 0.9998839 -0.01523634 0.2666135 
0 0.01523634 0.9998839 1.092668E-07 
0 0 0 1 
1 0 0 6.04486E-08 
0 0.999905 -0.01378224 0.2666135 
0 0.01378224 0.999905 1.004282E-07 
0 0 0 1 
1 0 0 5.528651E-08 
0 0.9999236 -0.01235773 0.2666135 
0 0.01235773 0.9999236 9.187141E-08 
0 0 0 1 
1 0 0 5.030108E-08 
0 0.9999399 -0.01096424 0.2666135 
0 0.01096424 0.9999399 8.360757E-08 
0 0 0 1 
1 0 0 4.549901E-08 
0 0.9999538 -0.009603128 0.2666135 
0 0.009603127 0.9999539 7.564768E-08 
0 0 0 1 
1 0 0 4.088707E-08 
0 0.9999657 -0.008275797 0.2666135 
0 0.008275796 0.9999657 6.800286E-08 
0 0 0 1 
1 0 0 3.647176E-08 
0 0.9999756 -0.006983659 0.2666135 
0 0.006983659 0.9999756 6.068427E-08 
0 0 0 1 
1 0 0 3.225983E-08 
0 0.9999835 -0.005728086 0.2666135 
0 0.005728086 0.9999836 5.370248E-08 
0 0 0 1 
1 0 0 2.825783E-08 
0 0.9999897 -0.004510481 0.2666135 
0 0.004510481 0.9999898 4.70688E-08 
0 0 0 1 
1 0 0 2.44726E-08 
0 0.9999944 -0.003332207 0.2666135 
0 0.003332207 0.9999945 4.079425E-08 
0 0 0 1 
1 0 0 2.091048E-08 
0 0.9999976 -0.002194684 0.2666135 
0 0.002194684 0.9999976 3.488981E-08 
0 0 0 1 
1 0 0 1.757843E-08 
0 0.9999993 -0.001099286 0.2666135 
0 0.001099286 0.9999994 2.936667E-08 
0 0 0 1 
1 0 0 1.448288E-08 
0 0.9999999 -4.742924E-05 0.2666135 
0 4.742923E-05 1 2.423559E-08 
0 0 0 1 
1 0 0 1.163062E-08 
0 0.9999995 0.0009595284 0.2666135 
0 -0.0009595284 0.9999995 1.950764E-08 
0 0 0 1 
1 0 0 9.028298E-09 
0 0.9999981 0.001920188 0.2666135 
0 -0.001920188 0.9999982 1.51939E-08 
0 0 0 1 
1 0 0 6.682427E-09 
0 0.9999959 0.00283315 0.2666135 
0 -0.00283315 0.999996 1.130542E-08 
0 0 0 1 
1 0 0 4.599769E-09 
0 0.9999931 0.003697009 0.2666135 
0 -0.003697008 0.9999931 7.853316E-09 
0 0 0 1 
1 0 0 2.786976E-09 
0 0.9999897 0.004510415 0.2666135 
0 -0.004510415 0.9999898 4.848403E-09 
0 0 0 1 
1 0 0 1.250697E-09 
0 0.9999861 0.005271969 0.2666135 
0 -0.005271969 0.9999861 2.301817E-09 
0 0 0 1 
1 0 0 -2.50111E-12 
0 0.9999821 0.005980292 0.2666135 
0 -0.005980292 0.9999821 2.244747E-10 
0 0 0 1 
1 0 0 -1.079661E-09 
0 0.9999777 0.006667133 0.2666135 
0 -0.006667133 0.9999778 -1.560931E-09 
0 0 0 1 
1 0 0 -2.092575E-09 
0 0.9999728 0.007365074 0.2666135 
0 -0.007365074 0.9999729 -3.239933E-09 
0 0 0 1 
1 0 0 -3.041789E-09 
0 0.9999673 0.008073928 0.2666135 
0 -0.008073927 0.9999674 -4.813345E-09 
0 0 0 1 
1 0 0 -3.927803E-09 
0 0.9999613 0.008793497 0.2666135 
0 -0.008793497 0.9999613 -6.281997E-09 
0 0 0 1 
1 0 0 -4.751116E-09 
0 0.9999546 0.009523587 0.2666135 
0 -0.009523586 0.9999546 -7.646717E-09 
0 0 0 1 
1 0 0 -5.512228E-09 
0 0.9999472 0.010264 0.2666135 
0 -0.010264 0.9999473 -8.908332E-09 
0 0 0 1 
1 0 0 -6.211638E-09 
0 0.9999393 0.01101455 0.2666135 
0 -0.01101455 0.9999393 -1.006767E-08 
0 0 0 1 
1 0 0 -6.849846E-09 
0 0.9999306 0.01177503 0.2666135 
0 -0.01177503 0.9999307 -1.112556E-08 
0 0 0 1 
1 0 0 -7.427354E-09 
0 0.9999213 0.01254525 0.2666135 
0 -0.01254525 0.9999213 -1.208284E-08 
0 0 0 1 
1 0 0 -7.944658E-09 
0 0.9999111 0.01332501 0.2666135 
0 -0.01332501 0.9999112 -1.294032E-08 
0 0 0 1 
1 0 0 -8.40226E-09 
0 0.9999003 0.01411412 0.2666135 
0 -0.01411412 0.9999004 -1.369884E-08 
0 0 0 1 
1 0 0 -8.80066E-09 
0 0.9998887 0.01491238 0.2666135 
0 -0.01491238 0.9998888 -1.435922E-08 
0 0 0 1 
1 0 0 -9.140356E-09 
0 0.9998764 0.0157196 0.2666135 
0 -0.0157196 0.9998764 -1.49223E-08 
0 0 0 1 
1 0 0 -9.421849E-09 
0 0.9998632 0.01653558 0.2666135 
0 -0.01653557 0.9998633 -1.53889E-08 
0 0 0 1 
1 0 0 -9.645638E-09 
0 0.9998493 0.01736012 0.2666135 
0 -0.01736012 0.9998493 -1.575985E-08 
0 0 0 1 
1 0 0 -9.812223E-09 
0 0.9998344 0.01819303 0.2666135 
0 -0.01819302 0.9998345 -1.603598E-08 
0 0 0 1 
1 0 0 -9.922104E-09 
0 0.9998188 0.01903411 0.2666135 
0 -0.01903411 0.9998189 -1.621812E-08 
0 0 0 1 
1 0 0 -9.97578E-09 
0 0.9998022 0.01988317 0.2666135 
0 -0.01988316 0.9998023 -1.630709E-08 
0 0 0 1 
1 0 0 -9.973752E-09 
0 0.9997848 0.02074 0.2666135 
0 -0.02074 0.9997849 -1.630373E-08 
0 0 0 1 
1 0 0 -9.916518E-09 
0 0.9997665 0.02160443 0.2666135 
0 -0.02160443 0.9997666 -1.620886E-08 
0 0 0 1 
1 0 0 -9.804579E-09 
0 0.9997473 0.02247624 0.2666135 
0 -0.02247624 0.9997474 -1.602331E-08 
0 0 0 1 
1 0 0 -9.638435E-09 
0 0.9997272 0.02335525 0.2666135 
0 -0.02335525 0.9997272 -1.574791E-08 
0 0 0 1 
1 0 0 -9.418584E-09 
0 0.9997061 0.02424125 0.2666135 
0 -0.02424125 0.9997061 -1.538349E-08 
0 0 0 1 
1 0 0 -9.145527E-09 
0 0.999684 0.02513405 0.2666135 
0 -0.02513405 0.9996841 -1.493087E-08 
0 0 0 1 
1 0 0 -8.819764E-09 
0 0.999661 0.02603346 0.2666135 
0 -0.02603346 0.9996611 -1.439088E-08 
0 0 0 1 
1 0 0 -8.441793E-09 
0 0.999637 0.02693927 0.2666135 
0 -0.02693927 0.9996371 -1.376436E-08 
0 0 0 1 
1 0 0 -8.012115E-09 
0 0.999612 0.0278513 0.2666135 
0 -0.0278513 0.9996121 -1.305213E-08 
0 0 0 1 
1 0 0 -7.53123E-09 
0 0.999586 0.02876934 0.2666135 
0 -0.02876934 0.9995861 -1.225501E-08 
0 0 0 1 
1 0 0 -6.999637E-09 
0 0.999559 0.0296932 0.2666135 
0 -0.0296932 0.999559 -1.137385E-08 
0 0 0 1 
1 0 0 -6.417836E-09 
0 0.999531 0.03062269 0.2666135 
0 -0.03062269 0.999531 -1.040946E-08 
0 0 0 1 
1 0 0 -5.786325E-09 
0 0.9995019 0.0315576 0.2666135 
0 -0.0315576 0.9995019 -9.362671E-09 
0 0 0 1 
1 0 0 -5.105607E-09 
0 0.9994717 0.03249776 0.2666135 
0 -0.03249775 0.9994718 -8.234315E-09 
0 0 0 1 
1 0 0 -4.376182E-09 
0 0.9994406 0.03344293 0.2666135 
0 -0.03344293 0.9994406 -7.025218E-09 
0 0 0 1 
1 0 0 -3.598543E-09 
0 0.9994083 0.03439296 0.2666135 
0 -0.03439296 0.9994084 -5.736216E-09 
0 0 0 1 
1 0 0 -2.773201E-09 
0 0.999375 0.03534762 0.2666135 
0 -0.03534761 0.9993751 -4.368125E-09 
0 0 0 1 
1 0 0 -1.900642E-09 
0 0.9993407 0.03630673 0.2666135 
0 -0.03630673 0.9993407 -2.92178E-09 
0 0 0 1 
1 0 0 -9.81375E-10 
0 0.9993052 0.03727009 0.2666135 
0 -0.03727009 0.9993052 -1.398008E-09 
0 0 0 1 
1 0 0 -1.590404E-11 
0 0.9992686 0.03823751 0.2666135 
0 -0.0382375 0.9992687 2.023654E-10 
0 0 0 1 
1 0 0 9.952844E-10 
0 0.999231 0.03920878 0.2666135 
0 -0.03920878 0.999231 1.878502E-09 
0 0 0 1 
1 0 0 2.051682E-09 
0 0.9991922 0.04018372 0.2666135 
0 -0.04018372 0.9991923 3.629582E-09 
0 0 0 1 
1 0 0 3.152793E-09 
0 0.9991524 0.04116212 0.2666135 
0 -0.04116211 0.9991525 5.454772E-09 
0 0 0 1 
1 0 0 4.298114E-09 
0 0.9991115 0.04214379 0.2666135 
0 -0.04214379 0.9991115 7.353255E-09 
0 0 0 1 
1 0 0 5.487145E-09 
0 0.9990695 0.04312854 0.2666135 
0 -0.04312854 0.9990695 9.324187E-09 
0 0 0 1 
1 0 0 6.71939E-09 
0 0.9990264 0.04411617 0.2666135 
0 -0.04411616 0.9990264 1.136675E-08 
0 0 0 1 
1 0 0 7.994346E-09 
0 0.9989821 0.04510648 0.2666135 
0 -0.04510647 0.9989822 1.348011E-08 
0 0 0 1 
1 0 0 9.311517E-09 
0 0.9989368 0.04609926 0.2666135 
0 -0.04609926 0.9989369 1.566346E-08 
0 0 0 1 
1 0 0 1.06704E-08 
0 0.9988904 0.04709434 0.2666135 
0 -0.04709434 0.9988905 1.791593E-08 
0 0 0 1 
1 0 0 1.20705E-08 
0 0.9988429 0.04809151 0.2666135 
0 -0.04809151 0.998843 2.023672E-08 
0 0 0 1 
1 0 0 1.351131E-08 
0 0.9987943 0.04909059 0.2666135 
0 -0.04909058 0.9987943 2.2625E-08 
0 0 0 1 
1 0 0 1.499233E-08 
0 0.9987446 0.05009136 0.2666135 
0 -0.05009136 0.9987447 2.507994E-08 
0 0 0 1 
1 0 0 1.651307E-08 
0 0.9986938 0.05109363 0.2666135 
0 -0.05109363 0.9986939 2.760071E-08 
0 0 0 1 
1 0 0 1.807302E-08 
0 0.998642 0.05209722 0.2666135 
0 -0.05209722 0.998642 3.018648E-08 
0 0 0 1 
1 0 0 1.967169E-08 
0 0.998589 0.05310192 0.2666135 
0 -0.05310191 0.9985891 3.283642E-08 
0 0 0 1 
1 0 0 2.130857E-08 
0 0.998535 0.05410754 0.2666135 
0 -0.05410754 0.9985351 3.554971E-08 
0 0 0 1 
1 0 0 2.298317E-08 
0 0.99848 0.05511387 0.2666135 
0 -0.05511387 0.9984801 3.832552E-08 
0 0 0 1 
1 0 0 2.469498E-08 
0 0.9984239 0.05612075 0.2666135 
0 -0.05612074 0.998424 4.116301E-08 
0 0 0 1 
1 0 0 2.644351E-08 
0 0.9983668 0.05712793 0.2666135 
0 -0.05712793 0.9983669 4.406137E-08 
0 0 0 1 
1 0 0 2.822826E-08 
0 0.9983087 0.05813527 0.2666135 
0 -0.05813526 0.9983087 4.701975E-08 
0 0 0 1 
1 0 0 3.004872E-08 
0 0.9982495 0.05914254 0.2666135 
0 -0.05914253 0.9982495 5.003735E-08 
0 0 0 1 
1 0 0 3.19044E-08 
0 0.9981893 0.06014954 0.2666135 
0 -0.06014954 0.9981894 5.311333E-08 
0 0 0 1 
1 0 0 3.379479E-08 
0 0.9981282 0.06115611 0.2666135 
0 -0.0611561 0.9981282 5.624682E-08 
0 0 0 1 
1 0 0 3.571942E-08 
0 0.998066 0.06216201 0.2666135 
0 -0.06216201 0.9980661 5.943704E-08 
0 0 0 1 
1 0 0 3.767774E-08 
0 0.9980029 0.06316708 0.2666135 
0 -0.06316707 0.9980029 6.268317E-08 
0 0 0 1 
1 0 0 3.966929E-08 
0 0.9979389 0.06417111 0.2666135 
0 -0.0641711 0.9979389 6.598436E-08 
0 0 0 1 
1 0 0 4.169356E-08 
0 0.9978738 0.0651739 0.2666135 
0 -0.06517389 0.9978739 6.933978E-08 
0 0 0 1 
1 0 0 4.375004E-08 
0 0.997808 0.06617526 0.2666135 
0 -0.06617525 0.997808 7.274861E-08 
0 0 0 1 
1 0 0 4.583825E-08 
0 0.9977412 0.06717501 0.2666135 
0 -0.067175 0.9977412 7.620999E-08 
0 0 0 1 
1 0 0 4.795767E-08 
0 0.9976735 0.0681729 0.2666135 
0 -0.06817289 0.9976735 7.972315E-08 
0 0 0 1 
1 0 0 5.010782E-08 
0 0.9976049 0.06916882 0.2666135 
0 -0.06916881 0.997605 8.328724E-08 
0 0 0 1 
1 0 0 5.228819E-08 
0 0.9975355 0.07016252 0.2666135 
0 -0.07016251 0.9975356 8.690138E-08 
0 0 0 1 
1 0 0 5.449826E-08 
0 0.9974653 0.0711538 0.2666135 
0 -0.07115379 0.9974654 9.05648E-08 
0 0 0 1 
1 0 0 5.673758E-08 
0 0.9973943 0.07214249 0.2666135 
0 -0.07214248 0.9973943 9.427666E-08 
0 0 0 1 
1 0 0 5.90056E-08 
0 0.9973225 0.07312836 0.2666135 
0 -0.07312836 0.9973226 9.803615E-08 
0 0 0 1 
1 0 0 6.130184E-08 
0 0.9972499 0.07411128 0.2666135 
0 -0.07411127 0.99725 1.018424E-07 
0 0 0 1 
1 0 0 6.362581E-08 
0 0.9971766 0.07509099 0.2666135 
0 -0.07509098 0.9971767 1.056946E-07 
0 0 0 1 
1 0 0 6.5977E-08 
0 0.9971026 0.07606733 0.2666135 
0 -0.07606732 0.9971027 1.095919E-07 
0 0 0 1 
1 0 0 6.835491E-08 
0 0.9970279 0.07704008 0.2666135 
0 -0.07704007 0.997028 1.135335E-07 
0 0 0 1 
1 0 0 7.075904E-08 
0 0.9969526 0.07800908 0.2666135 
0 -0.07800907 0.9969527 1.175186E-07 
0 0 0 1 
1 0 0 7.31889E-08 
0 0.9968766 0.07897411 0.2666135 
0 -0.0789741 0.9968767 1.215463E-07 
0 0 0 1 
1 0 0 7.564397E-08 
0 0.9968 0.07993498 0.2666135 
0 -0.07993498 0.9968001 1.256158E-07 
0 0 0 1 
1 0 0 7.812377E-08 
0 0.9967229 0.0808915 0.2666135 
0 -0.0808915 0.9967229 1.297263E-07 
0 0 0 1 
1 0 0 8.062779E-08 
0 0.9966452 0.08184347 0.2666135 
0 -0.08184347 0.9966452 1.33877E-07 
0 0 0 1 
1 0 0 8.315555E-08 
0 0.9965669 0.08279071 0.2666135 
0 -0.0827907 0.996567 1.38067E-07 
0 0 0 1 
1 0 0 8.570651E-08 
0 0.9964882 0.08373301 0.2666135 
0 -0.08373301 0.9964882 1.422954E-07 
0 0 0 1 
1 0 0 8.828022E-08 
0 0.996409 0.08467017 0.2666135 
0 -0.08467016 0.9964091 1.465616E-07 
0 0 0 1 
1 0 0 9.087613E-08 
0 0.9963294 0.08560203 0.2666135 
0 -0.08560202 0.9963294 1.508646E-07 
0 0 0 1 
1 0 0 9.349378E-08 
0 0.9962493 0.08652838 0.2666135 
0 -0.08652838 0.9962494 1.552036E-07 
0 0 0 1 
1 0 0 9.613264E-08 
0 0.9961689 0.08744899 0.2666135 
0 -0.08744898 0.996169 1.595778E-07 
0 0 0 1 
1 0 0 9.879224E-08 
0 0.9960882 0.08836371 0.2666135 
0 -0.08836371 0.9960883 1.639863E-07 
0 0 0 1 
1 0 0 1.01472E-07 
0 0.9960072 0.08927234 0.2666135 
0 -0.08927234 0.9960073 1.684284E-07 
0 0 0 1 
1 0 0 1.041716E-07 
0 0.9959259 0.09017467 0.2666135 
0 -0.09017467 0.995926 1.729031E-07 
0 0 0 1 
1 0 0 1.068904E-07 
0 0.9958444 0.09107054 0.2666135 
0 -0.09107053 0.9958444 1.774097E-07 
0 0 0 1 
1 0 0 1.096279E-07 
0 0.9957626 0.09195969 0.2666135 
0 -0.09195969 0.9957627 1.819474E-07 
0 0 0 1 
1 0 0 1.123836E-07 
0 0.9956808 0.09284202 0.2666135 
0 -0.09284201 0.9956809 1.865153E-07 
0 0 0 1 
1 0 0 1.151571E-07 
0 0.9955988 0.09371725 0.2666135 
0 -0.09371724 0.9955989 1.911126E-07 
0 0 0 1 
1 0 0 1.179478E-07 
0 0.9955167 0.09458524 0.2666135 
0 -0.09458523 0.9955168 1.957384E-07 
0 0 0 1 
1 0 0 1.207551E-07 
0 0.9954346 0.09544577 0.2666135 
0 -0.09544577 0.9954346 2.003919E-07 
0 0 0 1 
1 0 0 1.235788E-07 
0 0.9953524 0.09629866 0.2666135 
0 -0.09629866 0.9953525 2.050724E-07 
0 0 0 1 
1 0 0 1.264182E-07 
0 0.9952703 0.09714373 0.2666135 
0 -0.09714372 0.9952704 2.097789E-07 
0 0 0 1 
1 0 0 1.292727E-07 
0 0.9951882 0.09798076 0.2666135 
0 -0.09798075 0.9951883 2.145106E-07 
0 0 0 1 
1 0 0 1.321421E-07 
0 0.9951063 0.09880956 0.2666135 
0 -0.09880956 0.9951063 2.192668E-07 
0 0 0 1 
1 0 0 1.350256E-07 
0 0.9950245 0.09962998 0.2666135 
0 -0.09962998 0.9950246 2.240466E-07 
0 0 0 1 
1 0 0 1.379229E-07 
0 0.9949429 0.1004418 0.2666135 
0 -0.1004418 0.994943 2.288491E-07 
0 0 0 1 
1 0 0 1.408334E-07 
0 0.9948615 0.1012448 0.2666135 
0 -0.1012448 0.9948615 2.336735E-07 
0 0 0 1 
1 0 0 1.437566E-07 
0 0.9947804 0.1020388 0.2666135 
0 -0.1020388 0.9947804 2.385191E-07 
0 0 0 1 
1 0 0 1.466922E-07 
0 0.9946995 0.1028236 0.2666135 
0 -0.1028236 0.9946996 2.43385E-07 
0 0 0 1 
1 0 0 1.496394E-07 
0 0.9946191 0.1035991 0.2666135 
0 -0.1035991 0.9946191 2.482703E-07 
0 0 0 1 
1 0 0 1.525979E-07 
0 0.994539 0.104365 0.2666135 
0 -0.104365 0.9945391 2.531743E-07 
0 0 0 1 
1 0 0 1.555671E-07 
0 0.9944594 0.1051211 0.2666135 
0 -0.1051211 0.9944595 2.58096E-07 
0 0 0 1 
1 0 0 1.585465E-07 
0 0.9943802 0.1058673 0.2666135 
0 -0.1058673 0.9943803 2.630347E-07 
0 0 0 1 
1 0 0 1.615357E-07 
0 0.9943016 0.1066033 0.2666135 
0 -0.1066033 0.9943016 2.679895E-07 
0 0 0 1 
1 0 0 1.645341E-07 
0 0.9942235 0.107329 0.2666135 
0 -0.107329 0.9942235 2.729597E-07 
0 0 0 1 
1 0 0 1.675412E-07 
0 0.994146 0.1080442 0.2666135 
0 -0.1080442 0.9941461 2.779443E-07 
0 0 0 1 
1 0 0 1.705566E-07 
0 0.9940692 0.1087487 0.2666135 
0 -0.1087487 0.9940693 2.829426E-07 
0 0 0 1 
1 0 0 1.735797E-07 
0 0.9939931 0.1094422 0.2666135 
0 -0.1094422 0.9939932 2.879537E-07 
0 0 0 1 
1 0 0 1.7661E-07 
0 0.9939177 0.1101247 0.2666135 
0 -0.1101247 0.9939178 2.929767E-07 
0 0 0 1 
1 0 0 1.796471E-07 
0 0.9938431 0.1107958 0.2666135 
0 -0.1107958 0.9938432 2.980109E-07 
0 0 0 1 
1 0 0 1.826904E-07 
0 0.9937693 0.1114555 0.2666135 
0 -0.1114555 0.9937694 3.030555E-07 
0 0 0 1 
1 0 0 1.857394E-07 
0 0.9936965 0.1121035 0.2666135 
0 -0.1121035 0.9936965 3.081096E-07 
0 0 0 1 
1 0 0 1.887937E-07 
0 0.9936245 0.1127396 0.2666135 
0 -0.1127396 0.9936246 3.131723E-07 
0 0 0 1 
1 0 0 1.918527E-07 
0 0.9935535 0.1133637 0.2666135 
0 -0.1133637 0.9935536 3.18243E-07 
0 0 0 1 
1 0 0 1.949159E-07 
0 0.9934835 0.1139755 0.2666135 
0 -0.1139755 0.9934835 3.233205E-07 
0 0 0 1 
1 0 0 1.979829E-07 
0 0.9934146 0.1145749 0.2666135 
0 -0.1145749 0.9934146 3.284044E-07 
0 0 0 1 
1 0 0 2.010531E-07 
0 0.9933467 0.1151617 0.2666135 
0 -0.1151617 0.9933468 3.334935E-07 
0 0 0 1 
1 0 0 2.041261E-07 
0 0.99328 0.1157356 0.2666135 
0 -0.1157356 0.9932801 3.385872E-07 
0 0 0 1 
1 0 0 2.072013E-07 
0 0.9932145 0.1162965 0.2666135 
0 -0.1162965 0.9932145 3.436845E-07 
0 0 0 1 
1 0 0 2.102782E-07 
0 0.9931502 0.1168442 0.2666135 
0 -0.1168442 0.9931502 3.487849E-07 
0 0 0 1 
1 0 0 2.133563E-07 
0 0.9930872 0.1173785 0.2666135 
0 -0.1173785 0.9930872 3.538873E-07 
0 0 0 1 
1 0 0 2.164352E-07 
0 0.9930255 0.1178992 0.2666135 
0 -0.1178992 0.9930255 3.589908E-07 
0 0 0 1 
1 0 0 2.195143E-07 
0 0.9929652 0.1184061 0.2666135 
0 -0.1184061 0.9929652 3.640948E-07 
0 0 0 1 
1 0 0 2.225933E-07 
0 0.9929063 0.1188991 0.2666135 
0 -0.1188991 0.9929063 3.691983E-07 
0 0 0 1 
1 0 0 2.256713E-07 
0 0.9928488 0.1193779 0.2666135 
0 -0.1193779 0.9928489 3.743005E-07 
0 0 0 1 
1 0 0 2.287482E-07 
0 0.9927929 0.1198423 0.2666135 
0 -0.1198423 0.992793 3.794007E-07 
0 0 0 1 
1 0 0 2.318233E-07 
0 0.9927385 0.1202923 0.2666135 
0 -0.1202922 0.9927385 3.844979E-07 
0 0 0 1 
1 0 0 2.348961E-07 
0 0.9926856 0.1207274 0.2666135 
0 -0.1207274 0.9926857 3.895914E-07 
0 0 0 1 
1 0 0 2.379661E-07 
0 0.9926344 0.1211476 0.2666135 
0 -0.1211476 0.9926345 3.946803E-07 
0 0 0 1 
1 0 0 2.410329E-07 
0 0.9925849 0.1215527 0.2666135 
0 -0.1215527 0.992585 3.997638E-07 
0 0 0 1 
1 0 0 2.44096E-07 
0 0.9925371 0.1219426 0.2666135 
0 -0.1219426 0.9925371 4.048411E-07 
0 0 0 1 
1 0 0 2.471548E-07 
0 0.9924911 0.1223169 0.2666135 
0 -0.1223169 0.9924911 4.099113E-07 
0 0 0 1 
1 0 0 2.502087E-07 
0 0.9924468 0.1226755 0.2666135 
0 -0.1226755 0.9924468 4.149737E-07 
0 0 0 1 
1 0 0 2.532575E-07 
0 0.9924043 0.1230182 0.2666135 
0 -0.1230182 0.9924044 4.200272E-07 
0 0 0 1 
1 0 0 2.563005E-07 
0 0.9923638 0.1233448 0.2666135 
0 -0.1233448 0.9923639 4.250713E-07 
0 0 0 1 
1 0 0 2.593373E-07 
0 0.9923252 0.1236552 0.2666135 
0 -0.1236552 0.9923252 4.30105E-07 
0 0 0 1 
1 0 0 2.623673E-07 
0 0.9922885 0.1239491 0.2666135 
0 -0.1239491 0.9922886 4.351275E-07 
0 0 0 1 
1 0 0 2.653899E-07 
0 0.9922538 0.1242264 0.2666135 
0 -0.1242264 0.9922539 4.401379E-07 
0 0 0 1 
1 0 0 2.684049E-07 
0 0.9922212 0.1244868 0.2666135 
0 -0.1244868 0.9922212 4.451356E-07 
0 0 0 1 
1 0 0 2.714116E-07 
0 0.9921907 0.1247302 0.2666135 
0 -0.1247302 0.9921907 4.501194E-07 
0 0 0 1 
1 0 0 2.744096E-07 
0 0.9921622 0.1249564 0.2666135 
0 -0.1249564 0.9921622 4.550888E-07 
0 0 0 1 
1 0 0 2.773983E-07 
0 0.9921359 0.1251651 0.2666135 
0 -0.1251651 0.9921359 4.600428E-07 
0 0 0 1 
1 0 0 2.803772E-07 
0 0.9921117 0.1253563 0.2666135 
0 -0.1253562 0.9921118 4.649807E-07 
0 0 0 1 
1 0 0 2.833458E-07 
0 0.9920898 0.1255296 0.2666135 
0 -0.1255296 0.9920899 4.699016E-07 
0 0 0 1 
1 0 0 2.863038E-07 
0 0.9920701 0.1256849 0.2666135 
0 -0.1256849 0.9920702 4.748046E-07 
0 0 0 1 
1 0 0 2.892504E-07 
0 0.9920527 0.1258221 0.2666135 
0 -0.1258221 0.9920528 4.796889E-07 
0 0 0 1 
1 0 0 2.921853E-07 
0 0.9920377 0.1259409 0.2666135 
0 -0.1259408 0.9920378 4.845538E-07 
0 0 0 1 
1 0 0 2.95108E-07 
0 0.992025 0.126041 0.2666135 
0 -0.126041 0.992025 4.893984E-07 
0 0 0 1 
1 0 0 2.980179E-07 
0 0.9920146 0.1261225 0.2666135 
0 -0.1261225 0.9920147 4.942218E-07 
0 0 0 1 
1 0 0 3.009145E-07 
0 0.9920067 0.126185 0.2666135 
0 -0.126185 0.9920067 4.990233E-07 
0 0 0 1 
1 0 0 3.037973E-07 
0 0.9920012 0.1262283 0.2666135 
0 -0.1262283 0.9920012 5.038019E-07 
0 0 0 1 
1 0 0 3.066661E-07 
0 0.9919981 0.1262523 0.2666135 
0 -0.1262522 0.9919982 5.085569E-07 
0 0 0 1 
1 0 0 3.095199E-07 
0 0.9919975 0.1262567 0.2666135 
0 -0.1262567 0.9919976 5.132875E-07 
0 0 0 1 
1 0 0 3.123585E-07 
0 0.9919995 0.1262414 0.2666135 
0 -0.1262414 0.9919996 5.179927E-07 
0 0 0 1 
1 0 0 3.151814E-07 
0 0.992004 0.1262062 0.2666135 
0 -0.1262062 0.992004 5.226719E-07 
0 0 0 1 
1 0 0 3.179879E-07 
0 0.992011 0.1261509 0.2666135 
0 -0.1261509 0.9920111 5.273242E-07 
0 0 0 1 
1 0 0 3.207779E-07 
0 0.9920206 0.1260753 0.2666135 
0 -0.1260752 0.9920207 5.319486E-07 
0 0 0 1 
1 0 0 3.235504E-07 
0 0.9920328 0.1259791 0.2666135 
0 -0.1259791 0.9920329 5.365444E-07 
0 0 0 1 
1 0 0 3.263053E-07 
0 0.9920477 0.1258622 0.2666135 
0 -0.1258622 0.9920477 5.411109E-07 
0 0 0 1 
1 0 0 3.290419E-07 
0 0.9920651 0.1257245 0.2666135 
0 -0.1257245 0.9920652 5.45647E-07 
0 0 0 1 
1 0 0 3.317597E-07 
0 0.9920853 0.1255657 0.2666135 
0 -0.1255656 0.9920853 5.501522E-07 
0 0 0 1 
1 0 0 3.344583E-07 
0 0.992108 0.1253855 0.2666135 
0 -0.1253855 0.9921081 5.546252E-07 
0 0 0 1 
1 0 0 3.371372E-07 
0 0.9921335 0.1251839 0.2666135 
0 -0.1251839 0.9921336 5.590657E-07 
0 0 0 1 
1 0 0 3.397957E-07 
0 0.9921616 0.1249607 0.2666135 
0 -0.1249607 0.9921617 5.634726E-07 
0 0 0 1 
1 0 0 3.424336E-07 
0 0.9921924 0.1247156 0.2666135 
0 -0.1247156 0.9921925 5.67845E-07 
0 0 0 1 
1 0 0 3.450502E-07 
0 0.992226 0.1244483 0.2666135 
0 -0.1244483 0.9922261 5.721822E-07 
0 0 0 1 
1 0 0 3.47645E-07 
0 0.9922623 0.1241589 0.2666135 
0 -0.1241589 0.9922624 5.764834E-07 
0 0 0 1 
1 0 0 3.502176E-07 
0 0.9923013 0.123847 0.2666135 
0 -0.123847 0.9923013 5.807478E-07 
0 0 0 1 
1 0 0 3.527674E-07 
0 0.9923429 0.1235124 0.2666135 
0 -0.1235124 0.992343 5.849744E-07 
0 0 0 1 
1 0 0 3.55294E-07 
0 0.9923874 0.123155 0.2666135 
0 -0.123155 0.9923875 5.891624E-07 
0 0 0 1 
1 0 0 3.577968E-07 
0 0.9924345 0.1227746 0.2666135 
0 -0.1227745 0.9924346 5.933111E-07 
0 0 0 1 
1 0 0 3.602754E-07 
0 0.9924844 0.1223708 0.2666135 
0 -0.1223708 0.9924845 5.974196E-07 
0 0 0 1 
1 0 0 3.627293E-07 
0 0.992537 0.1219437 0.2666135 
0 -0.1219437 0.992537 6.01487E-07 
0 0 0 1 
1 0 0 3.651578E-07 
0 0.9925922 0.1214929 0.2666135 
0 -0.1214929 0.9925923 6.055126E-07 
0 0 0 1 
1 0 0 3.675607E-07 
0 0.9926502 0.1210183 0.2666135 
0 -0.1210183 0.9926503 6.094955E-07 
0 0 0 1 
1 0 0 3.699372E-07 
0 0.9927109 0.1205197 0.2666135 
0 -0.1205197 0.9927109 6.13435E-07 
0 0 0 1 
1 0 0 3.722871E-07 
0 0.9927742 0.1199968 0.2666135 
0 -0.1199968 0.9927742 6.173301E-07 
0 0 0 1 
1 0 0 3.746097E-07 
0 0.9928402 0.1194495 0.2666135 
0 -0.1194495 0.9928403 6.2118E-07 
0 0 0 1 
1 0 0 3.769045E-07 
0 0.9929088 0.1188776 0.2666135 
0 -0.1188776 0.9929089 6.249839E-07 
0 0 0 1 
1 0 0 3.791712E-07 
0 0.9929801 0.1182809 0.2666135 
0 -0.1182809 0.9929802 6.287411E-07 
0 0 0 1 
1 0 0 3.81409E-07 
0 0.993054 0.1176591 0.2666135 
0 -0.1176591 0.993054 6.324505E-07 
0 0 0 1 
1 0 0 3.836176E-07 
0 0.9931304 0.1170121 0.2666135 
0 -0.1170121 0.9931305 6.361115E-07 
0 0 0 1 
1 0 0 3.857964E-07 
0 0.9932094 0.1163397 0.2666135 
0 -0.1163397 0.9932095 6.397232E-07 
0 0 0 1 
1 0 0 3.879451E-07 
0 0.993291 0.1156417 0.2666135 
0 -0.1156416 0.993291 6.432846E-07 
0 0 0 1 
1 0 0 3.900629E-07 
