<?xml version="1.0" encoding="utf-8"?>
<COLLADA xmlns:xsi="http://www.w3.org/2001/XMLSchema-instance" xmlns:xsd="http://www.w3.org/2001/XMLSchema" version="1.4.1" xmlns="http://www.collada.org/2005/11/COLLADASchema">
  <asset>
    <created>2017-06-01T10:06:12.4754975+03:00</created>
    <modified>2017-06-01T10:06:12.4754975+03:00</modified>
    <unit meter="1" name="meter" />
    <up_axis>Y_UP</up_axis>
    <contributor>
      <authoring_tool>Skele: Character Animation Tools</authoring_tool>
      <comments>https://www.assetstore.unity3d.com/en/#!/content/16899</comments>
    </contributor>
    <revision>1.0</revision>
  </asset>
  <library_animation_clips>
    <animation_clip name="KamaraFaint" start="0" end="0.83333331346511841">
      <instance_animation url="KamaraFaint_0" />
    </animation_clip>
  </library_animation_clips>
  <library_animations>
    <animation id="KamaraFaint_0" name="KamaraFaint">
      <animation id="Stomach_0_0-anim" name="Stomach_0_0">
        <source id="Stomach_0_0-Matrix-animation-input">
          <float_array id="Stomach_0_0-Matrix-animation-input-array" count="51">0
0.01666667
0.03333334
0.05
0.06666667
0.08333334
0.1
0.1166667
0.1333333
0.15
0.1666667
0.1833333
0.2
0.2166667
0.2333333
0.25
0.2666667
0.2833334
0.3
0.3166667
0.3333334
0.3500001
0.3666668
0.3833334
0.4000001
0.4166668
0.4333335
0.4500002
0.4666668
0.4833335
0.5000002
0.5166668
0.5333335
0.5500001
0.5666668
0.5833334
0.6000001
0.6166667
0.6333334
0.65
0.6666667
0.6833333
0.7
0.7166666
0.7333333
0.7499999
0.7666666
0.7833332
0.7999999
0.8166665
0.8333332
</float_array>
          <technique_common>
            <accessor count="51" offset="0" source="#Stomach_0_0-Matrix-animation-input-array" stride="1">
              <param name="TIME" type="float" />
            </accessor>
          </technique_common>
        </source>
        <source id="Stomach_0_0-Matrix-animation-output-transform">
          <float_array id="Stomach_0_0-Matrix-animation-output-transform-array" count="816">1 0 0 0.001590341 
0 0.000680685 -0.9999998 -0.005881555 
0 0.9999998 0.000680685 0.5126933 
0 0 0 1 
1 0 0 0.001590425 
0 0.04948151 -0.998775 0.03236432 
0 0.998775 0.04948151 0.5059425 
0 0 0 1 
1 0 0 0.001590515 
0 0.0989511 -0.9950923 0.07197038 
0 0.9950923 0.0989511 0.4998646 
0 0 0 1 
1 0 0 0.001590602 
0 0.148698 -0.9888826 0.1108963 
0 0.9888826 0.148698 0.4934503 
0 0 0 1 
1 0 0 0.001590676 
0 0.1983294 -0.9801354 0.1471019 
0 0.9801354 0.1983294 0.48569 
0 0 0 1 
1 0 0 0.001590729 
0 0.2474572 -0.9688988 0.1785468 
0 0.9688988 0.2474572 0.4755744 
0 0 0 1 
1 0 0 0.001590757 
0 0.2957048 -0.9552794 0.205398 
0 0.9552794 0.2957048 0.4622824 
0 0 0 1 
1 0 0 0.001590768 
0 0.3427141 -0.9394398 0.2293951 
0 0.9394398 0.3427141 0.4463734 
0 0 0 1 
1 0 0 0.001590767 
0 0.3881522 -0.9215953 0.2508569 
0 0.9215953 0.3881522 0.428909 
0 0 0 1 
1 0 0 0.001590757 
0 0.4317151 -0.90201 0.2701024 
0 0.90201 0.4317151 0.4109505 
0 0 0 1 
1 0 0 0.001590745 
0 0.4731334 -0.8809907 0.2874505 
0 0.8809907 0.4731334 0.3935591 
0 0 0 1 
1 0 0 0.001590734 
0 0.5121744 -0.8588815 0.30322 
0 0.8588815 0.5121744 0.3777964 
0 0 0 1 
1 0 0 0.001590729 
0 0.5486435 -0.8360565 0.3177299 
0 0.8360565 0.5486435 0.3647236 
0 0 0 1 
1 0 0 0.001590729 
0 0.5829114 -0.8125357 0.3311171 
0 0.8125357 0.5829114 0.3539507 
0 0 0 1 
1 0 0 0.001590729 
0 0.6154742 -0.788157 0.3433675 
0 0.788157 0.6154742 0.3442942 
0 0 0 1 
1 0 0 0.001590729 
0 0.6463596 -0.7630329 0.3545734 
0 0.7630329 0.6463596 0.3356251 
0 0 0 1 
1 0 0 0.001590729 
0 0.6756001 -0.7372683 0.364827 
0 0.7372683 0.6756001 0.3278144 
0 0 0 1 
1 0 0 0.001590729 
0 0.7032319 -0.7109606 0.3742206 
0 0.7109606 0.7032319 0.3207334 
0 0 0 1 
1 0 0 0.001590729 
0 0.7292945 -0.6841999 0.3828462 
0 0.6841999 0.7292945 0.3142531 
0 0 0 1 
1 0 0 0.001590729 
0 0.7538304 -0.6570691 0.3907962 
0 0.6570691 0.7538304 0.3082445 
0 0 0 1 
1 0 0 0.001590729 
0 0.7768832 -0.6296446 0.3981628 
0 0.6296446 0.7768832 0.3025789 
0 0 0 1 
1 0 0 0.001590729 
0 0.7984992 -0.6019959 0.4050382 
0 0.6019959 0.7984992 0.2971272 
0 0 0 1 
1 0 0 0.001590729 
0 0.8187246 -0.5741864 0.4115146 
0 0.5741864 0.8187246 0.2917606 
0 0 0 1 
1 0 0 0.001590729 
0 0.8376069 -0.5462735 0.4176843 
0 0.5462735 0.8376069 0.2863501 
0 0 0 1 
1 0 0 0.001590729 
0 0.8551935 -0.5183088 0.4236394 
0 0.5183088 0.8551935 0.2807669 
0 0 0 1 
1 0 0 0.001590729 
0 0.871532 -0.4903387 0.4294721 
0 0.4903387 0.871532 0.2748821 
0 0 0 1 
1 0 0 0.001590729 
0 0.8866692 -0.4624043 0.4352748 
0 0.4624043 0.8866692 0.2685666 
0 0 0 1 
1 0 0 0.001590729 
0 0.9006515 -0.4345421 0.4411397 
0 0.4345421 0.9006515 0.2616917 
0 0 0 1 
1 0 0 0.001590729 
0 0.9135243 -0.4067842 0.4471588 
0 0.4067842 0.9135243 0.2541285 
0 0 0 1 
1 0 0 0.001590729 
0 0.9254373 -0.3789008 0.4531537 
0 0.3789008 0.9254373 0.245737 
0 0 0 1 
1 0 0 0.001590729 
0 0.9364609 -0.350772 0.4588817 
0 0.350772 0.9364609 0.2365761 
0 0 0 1 
1 0 0 0.001590729 
0 0.9465364 -0.3225972 0.4643393 
0 0.3225972 0.9465364 0.2268154 
0 0 0 1 
1 0 0 0.001590729 
0 0.9556263 -0.2945817 0.4695226 
0 0.2945817 0.9556263 0.216624 
0 0 0 1 
1 0 0 0.001590729 
0 0.9637144 -0.2669357 0.4744281 
0 0.2669357 0.9637144 0.2061714 
0 0 0 1 
1 0 0 0.001590729 
0 0.9708045 -0.2398722 0.479052 
0 0.2398722 0.9708045 0.195627 
0 0 0 1 
1 0 0 0.001590729 
0 0.9769201 -0.2136053 0.4833907 
0 0.2136053 0.9769201 0.18516 
0 0 0 1 
1 0 0 0.001590729 
0 0.9821022 -0.188349 0.4874405 
0 0.188349 0.9821022 0.17494 
0 0 0 1 
1 0 0 0.001590729 
0 0.9864078 -0.1643155 0.4911977 
0 0.1643155 0.9864078 0.1651361 
0 0 0 1 
1 0 0 0.001590729 
0 0.9899076 -0.1417146 0.4946587 
0 0.1417146 0.9899076 0.1559179 
0 0 0 1 
1 0 0 0.001590729 
0 0.9926826 -0.1207528 0.4978197 
0 0.1207528 0.9926826 0.1474546 
0 0 0 1 
1 0 0 0.001590729 
0 0.994822 -0.1016322 0.5006771 
0 0.1016322 0.994822 0.1399156 
0 0 0 1 
1 0 0 0.001590729 
0 0.9964191 -0.08455133 0.5032272 
0 0.08455133 0.9964191 0.1334702 
0 0 0 1 
1 0 0 0.001590729 
0 0.9975677 -0.06970425 0.5054663 
0 0.06970425 0.9975677 0.128288 
0 0 0 1 
1 0 0 0.001590729 
0 0.9982779 -0.05866199 0.5070607 
0 0.05866199 0.9982779 0.124847 
0 0 0 1 
1 0 0 0.001590729 
0 0.998638 -0.05217352 0.507809 
0 0.05217352 0.998638 0.1232319 
0 0 0 1 
1 0 0 0.001590729 
0 0.9987894 -0.04919169 0.5079067 
0 0.04919169 0.9987894 0.1230212 
0 0 0 1 
1 0 0 0.001590729 
0 0.9988151 -0.04866564 0.5075487 
0 0.04866564 0.9988151 0.1237937 
0 0 0 1 
1 0 0 0.001590729 
0 0.998772 -0.04954301 0.5069305 
0 0.04954301 0.998772 0.1251279 
0 0 0 1 
1 0 0 0.001590729 
0 0.9987103 -0.05077118 0.5062472 
0 0.05077118 0.9987103 0.1266026 
0 0 0 1 
1 0 0 0.001590729 
0 0.9986834 -0.05129766 0.5056941 
0 0.05129766 0.9986834 0.1277964 
0 0 0 1 
1 0 0 0.001590729 
0 0.9987457 -0.05007001 0.5054663 
0 0.05007001 0.9987457 0.128288 
0 0 0 1 
</float_array>
          <technique_common>
            <accessor count="51" offset="0" source="#Stomach_0_0-Matrix-animation-output-transform-array" stride="16">
              <param type="float4x4" />
            </accessor>
          </technique_common>
        </source>
        <source id="Stomach_0_0-Interpolations">
          <Name_array id="Stomach_0_0-Interpolations-array" count="51">LINEAR
LINEAR
LINEAR
LINEAR
LINEAR
LINEAR
LINEAR
LINEAR
LINEAR
LINEAR
LINEAR
LINEAR
LINEAR
LINEAR
LINEAR
LINEAR
LINEAR
LINEAR
LINEAR
LINEAR
LINEAR
LINEAR
LINEAR
LINEAR
LINEAR
LINEAR
LINEAR
LINEAR
LINEAR
LINEAR
LINEAR
LINEAR
LINEAR
LINEAR
LINEAR
LINEAR
LINEAR
LINEAR
LINEAR
LINEAR
LINEAR
LINEAR
LINEAR
LINEAR
LINEAR
LINEAR
LINEAR
LINEAR
LINEAR
LINEAR
LINEAR</Name_array>
          <technique_common>
            <accessor count="51" offset="0" source="#Stomach_0_0-Interpolations-array" stride="1">
              <param type="name" />
            </accessor>
          </technique_common>
        </source>
        <sampler id="Stomach_0_0-Matrix-animation-transform">
          <input semantic="INPUT" source="#Stomach_0_0-Matrix-animation-input" />
          <input semantic="OUTPUT" source="#Stomach_0_0-Matrix-animation-output-transform" />
          <input semantic="INTERPOLATION" source="#Stomach_0_0-Interpolations" />
        </sampler>
        <channel source="#Stomach_0_0-Matrix-animation-transform" target="Stomach/matrix" />
      </animation>
      <animation id="RightThigh_0_1-anim" name="RightThigh_0_1">
        <source id="RightThigh_0_1-Matrix-animation-input">
          <float_array id="RightThigh_0_1-Matrix-animation-input-array" count="51">0
0.01666667
0.03333334
0.05
0.06666667
0.08333334
0.1
0.1166667
0.1333333
0.15
0.1666667
0.1833333
0.2
0.2166667
0.2333333
0.25
0.2666667
0.2833334
0.3
0.3166667
0.3333334
0.3500001
0.3666668
0.3833334
0.4000001
0.4166668
0.4333335
0.4500002
0.4666668
0.4833335
0.5000002
0.5166668
0.5333335
0.5500001
0.5666668
0.5833334
0.6000001
0.6166667
0.6333334
0.65
0.6666667
0.6833333
0.7
0.7166666
0.7333333
0.7499999
0.7666666
0.7833332
0.7999999
0.8166665
0.8333332
</float_array>
          <technique_common>
            <accessor count="51" offset="0" source="#RightThigh_0_1-Matrix-animation-input-array" stride="1">
              <param name="TIME" type="float" />
            </accessor>
          </technique_common>
        </source>
        <source id="RightThigh_0_1-Matrix-animation-output-transform">
          <float_array id="RightThigh_0_1-Matrix-animation-output-transform-array" count="816">0.9954367 0.0677227 0.06680597 -0.1208393 
0.06685623 -0.9976478 0.01509651 0.05255294 
0.06766938 -0.01056154 -0.9976509 -0.002807333 
0 0 0 1 
0.9953862 0.06516758 0.07002141 -0.1208393 
0.06756216 -0.9971877 -0.03241704 0.05255294 
0.06771012 0.03699934 -0.9970177 -0.002807333 
0 0 0 1 
0.9953464 0.06207286 0.0733209 -0.1208393 
0.06816635 -0.9941489 -0.083786 0.05255294 
0.06768923 0.08839667 -0.9937816 -0.002807333 
0 0 0 1 
0.9953222 0.05845692 0.07655103 -0.1208393 
0.06860795 -0.9881174 -0.1375365 0.05255294 
0.06759956 0.1421493 -0.9875335 -0.002807333 
0 0 0 1 
0.9953166 0.05437757 0.07957143 -0.1208393 
0.06884268 -0.9789429 -0.1921744 0.05255294 
0.06744403 0.196758 -0.978129 -0.002807333 
0 0 0 1 
0.9953304 0.04993403 0.08226568 -0.1208393 
0.06884776 -0.9667645 -0.2462225 0.05255294 
0.06723481 0.2507438 -0.965715 -0.002807333 
0 0 0 1 
0.9953625 0.04526101 0.08454943 -0.1208393 
0.06862133 -0.9520139 -0.2982611 0.05255294 
0.0669908 0.3026886 -0.9507314 -0.002807333 
0 0 0 1 
0.9954097 0.04052585 0.08637631 -0.1208393 
0.06818639 -0.935396 -0.3469639 0.05255294 
0.06673322 0.3512711 -0.9338918 -0.002807333 
0 0 0 1 
0.9954673 0.03591661 0.08774093 -0.1208393 
0.06758624 -0.9178532 -0.3911233 0.05255294 
0.06648359 0.395292 -0.9161459 -0.002807333 
0 0 0 1 
0.9955297 0.03163573 0.08867601 -0.1208393 
0.06688407 -0.9005099 -0.4296596 0.05255294 
0.06625921 0.4336825 -0.8986255 -0.002807333 
0 0 0 1 
0.9955907 0.02788872 0.08924688 -0.1208393 
0.06615603 -0.8846118 -0.4616108 0.05255294 
0.06607328 0.4654931 -0.882581 -0.002807333 
0 0 0 1 
0.9956444 0.02487752 0.08953774 -0.1208393 
0.06548524 -0.8714462 -0.4860995 0.05255294 
0.06593253 0.4898598 -0.8693038 -0.002807333 
0 0 0 1 
0.9956855 0.02279366 0.08963575 -0.1208393 
0.06495302 -0.8622611 -0.5022802 0.05255294 
0.06583885 0.5059499 -0.8600454 -0.002807333 
0 0 0 1 
0.9957134 0.02162526 0.08961472 -0.1208393 
0.06457934 -0.8573305 -0.5106983 0.05255294 
0.06578365 0.5143113 -0.855076 -0.002807333 
0 0 0 1 
0.995731 0.02119705 0.08952133 -0.1208393 
0.06433623 -0.8560002 -0.5129559 0.05255294 
0.0657553 0.5165405 -0.8537336 -0.002807333 
0 0 0 1 
0.9957393 0.02143683 0.0893719 -0.1208393 
0.06421586 -0.8579425 -0.5097157 0.05255294 
0.06574745 0.5132978 -0.8556877 -0.002807333 
0 0 0 1 
0.9957399 0.02226343 0.08916324 -0.1208393 
0.06419954 -0.8627263 -0.5015786 0.05255294 
0.06575479 0.5051807 -0.8605043 -0.002807333 
0 0 0 1 
0.9957346 0.02359067 0.0888799 -0.1208393 
0.06426277 -0.8698524 -0.4891076 0.05255294 
0.0657722 0.4927473 -0.8676825 -0.002807333 
0 0 0 1 
0.9957256 0.02532919 0.08850154 -0.1208393 
0.06437854 -0.8787873 -0.4728503 0.05255294 
0.0657953 0.4765405 -0.8766862 -0.002807333 
0 0 0 1 
0.9957148 0.02738805 0.08800828 -0.1208393 
0.06451979 -0.8889902 -0.4533574 0.05255294 
0.06582011 0.4571062 -0.8869727 -0.002807333 
0 0 0 1 
0.9957041 0.0296781 0.08738557 -0.1208393 
0.06466312 -0.8999364 -0.4311984 0.05255294 
0.0658425 0.4350092 -0.8980145 -0.002807333 
0 0 0 1 
0.9956948 0.03211238 0.08662742 -0.1208393 
0.06478908 -0.9111398 -0.4069715 0.05255294 
0.06585904 0.4108438 -0.9093231 -0.002807333 
0 0 0 1 
0.995688 0.03460931 0.08573936 -0.1208393 
0.06488495 -0.9221672 -0.3813091 0.05255294 
0.06586737 0.3852392 -0.9204623 -0.002807333 
0 0 0 1 
0.9956841 0.037094 0.0847389 -0.1208393 
0.0649446 -0.9326532 -0.3548792 0.05255294 
0.06586631 0.3588613 -0.9310632 -0.002807333 
0 0 0 1 
0.9956833 0.03949966 0.08365548 -0.1208393 
0.06496873 -0.9423069 -0.3283838 0.05255294 
0.06585627 0.3324109 -0.9408319 -0.002807333 
0 0 0 1 
0.9956846 0.04176905 0.08252998 -0.1208393 
0.06496526 -0.9509156 -0.3025531 0.05255294 
0.06583987 0.3066179 -0.9495521 -0.002807333 
0 0 0 1 
0.9956869 0.04385361 0.08141317 -0.1208393 
0.06494746 -0.958342 -0.2781391 0.05255294 
0.06582247 0.2822352 -0.9570835 -0.002807333 
0 0 0 1 
0.9956885 0.04571436 0.08036302 -0.1208393 
0.06493421 -0.9645173 -0.2559084 0.05255294 
0.06581103 0.2600309 -0.9633541 -0.002807333 
0 0 0 1 
0.9956874 0.04731956 0.07944205 -0.1208393 
0.06494796 -0.9694253 -0.2366343 0.05255294 
0.06581389 0.2407804 -0.9683449 -0.002807333 
0 0 0 1 
0.9956527 0.0494196 0.07859369 -0.1208393 
0.06556777 -0.9736406 -0.2184586 0.05255294 
0.06572405 0.2226686 -0.9726755 -0.002807333 
0 0 0 1 
0.9955594 0.05258575 0.07771645 -0.1208393 
0.06718531 -0.9776556 -0.1991849 0.05255294 
0.06550386 0.2035277 -0.9768744 -0.002807333 
0 0 0 1 
0.995414 0.05652212 0.07681037 -0.1208393 
0.0695398 -0.9813728 -0.1790842 0.05255294 
0.06525558 0.1836096 -0.9808301 -0.002807333 
0 0 0 1 
0.9952253 0.06093371 0.07587677 -0.1208393 
0.07236515 -0.9847137 -0.1584332 0.05255294 
0.0650612 0.1631723 -0.9844491 -0.002807333 
0 0 0 1 
0.9950058 0.06552815 0.07491975 -0.1208393 
0.0753921 -0.9876263 -0.1375142 0.05255294 
0.06497984 0.1424799 -0.9876618 -0.002807333 
0 0 0 1 
0.9947731 0.07001454 0.07394566 -0.1208393 
0.07834831 -0.9900817 -0.1166136 0.05255294 
0.06504582 0.1218011 -0.99042 -0.002807333 
0 0 0 1 
0.9945497 0.07410358 0.07296249 -0.1208393 
0.08095941 -0.992081 -0.0960208 0.05255294 
0.06526742 0.1014074 -0.9927009 -0.002807333 
0 0 0 1 
0.9943616 0.07750878 0.07198012 -0.1208393 
0.08295202 -0.9936488 -0.07602713 0.05255294 
0.06562839 0.08157171 -0.9945036 -0.002807333 
0 0 0 1 
0.9942385 0.07994562 0.07100978 -0.1208393 
0.08405437 -0.9948332 -0.05692438 0.05255294 
0.06609025 0.06256689 -0.9958491 -0.002807333 
0 0 0 1 
0.9942096 0.08113075 0.07006411 -0.1208393 
0.08399646 -0.9957022 -0.03900374 0.05255294 
0.06659672 0.04466432 -0.9967793 -0.002807333 
0 0 0 1 
0.9943014 0.08078226 0.06915706 -0.1208393 
0.08251155 -0.9963345 -0.0225549 0.05255294 
0.06707968 0.02813344 -0.9973502 -0.002807333 
0 0 0 1 
0.9945339 0.07861876 0.06830224 -0.1208393 
0.07933491 -0.9968167 -0.007865409 0.05255294 
0.06746458 0.01324155 -0.997633 -0.002807333 
0 0 0 1 
0.9949151 0.07435983 0.06751386 -0.1208393 
0.07420439 -0.9972315 0.004779387 0.05255294 
0.06768044 0.0002547476 -0.9977065 -0.002807333 
0 0 0 1 
0.9954367 0.0677227 0.06680597 -0.1208393 
0.06685623 -0.9976478 0.01509651 0.05255294 
0.06766938 -0.01056154 -0.9976509 -0.002807333 
0 0 0 1 
0.9961081 0.05765796 0.06624085 -0.1208393 
0.05630935 -0.99817 0.02202708 0.05255294 
0.06738782 -0.0182119 -0.9975597 -0.002807333 
0 0 0 1 
0.9968362 0.04387498 0.06584742 -0.1208393 
0.04228925 -0.9987857 0.0252683 0.05255294 
0.06687425 -0.02240437 -0.9975091 -0.002807333 
0 0 0 1 
0.9974468 0.02723046 0.06558799 -0.1208393 
0.02559267 -0.9993427 0.02567209 0.05255294 
0.0662421 -0.02392866 -0.997516 -0.002807333 
0 0 0 1 
0.9977924 0.008582423 0.06542243 -0.1208393 
0.007018806 -0.9996852 0.02408976 0.05255294 
0.06560674 -0.02357807 -0.9975665 -0.002807333 
0 0 0 1 
0.9977737 -0.01120886 0.06531015 -0.1208393 
-0.01262864 -0.9996917 0.02137236 0.05255294 
0.06504865 -0.02215019 -0.9976355 -0.002807333 
0 0 0 1 
0.9973528 -0.0312802 0.06521033 -0.1208393 
-0.03254065 -0.9993011 0.01837102 0.05255294 
0.06458835 -0.02044496 -0.9977016 -0.002807333 
0 0 0 1 
0.9965591 -0.05076918 0.06508389 -0.1208393 
-0.0519072 -0.9985244 0.01593708 0.05255294 
0.06417698 -0.01926112 -0.9977518 -0.002807333 
0 0 0 1 
0.9954883 -0.0688168 0.06489079 -0.1208393 
-0.06992047 -0.9974409 0.01492201 0.05255294 
0.06369606 -0.01939244 -0.9977803 -0.002807333 
0 0 0 1 
</float_array>
          <technique_common>
            <accessor count="51" offset="0" source="#RightThigh_0_1-Matrix-animation-output-transform-array" stride="16">
              <param type="float4x4" />
            </accessor>
          </technique_common>
        </source>
        <source id="RightThigh_0_1-Interpolations">
          <Name_array id="RightThigh_0_1-Interpolations-array" count="51">LINEAR
LINEAR
LINEAR
LINEAR
LINEAR
LINEAR
LINEAR
LINEAR
LINEAR
LINEAR
LINEAR
LINEAR
LINEAR
LINEAR
LINEAR
LINEAR
LINEAR
LINEAR
LINEAR
LINEAR
LINEAR
LINEAR
LINEAR
LINEAR
LINEAR
LINEAR
LINEAR
LINEAR
LINEAR
LINEAR
LINEAR
LINEAR
LINEAR
LINEAR
LINEAR
LINEAR
LINEAR
LINEAR
LINEAR
LINEAR
LINEAR
LINEAR
LINEAR
LINEAR
LINEAR
LINEAR
LINEAR
LINEAR
LINEAR
LINEAR
LINEAR</Name_array>
          <technique_common>
            <accessor count="51" offset="0" source="#RightThigh_0_1-Interpolations-array" stride="1">
              <param type="name" />
            </accessor>
          </technique_common>
        </source>
        <sampler id="RightThigh_0_1-Matrix-animation-transform">
          <input semantic="INPUT" source="#RightThigh_0_1-Matrix-animation-input" />
          <input semantic="OUTPUT" source="#RightThigh_0_1-Matrix-animation-output-transform" />
          <input semantic="INTERPOLATION" source="#RightThigh_0_1-Interpolations" />
        </sampler>
        <channel source="#RightThigh_0_1-Matrix-animation-transform" target="RightThigh/matrix" />
      </animation>
      <animation id="Chest_0_2-anim" name="Chest_0_2">
        <source id="Chest_0_2-Matrix-animation-input">
          <float_array id="Chest_0_2-Matrix-animation-input-array" count="51">0
0.01666667
0.03333334
0.05
0.06666667
0.08333334
0.1
0.1166667
0.1333333
0.15
0.1666667
0.1833333
0.2
0.2166667
0.2333333
0.25
0.2666667
0.2833334
0.3
0.3166667
0.3333334
0.3500001
0.3666668
0.3833334
0.4000001
0.4166668
0.4333335
0.4500002
0.4666668
0.4833335
0.5000002
0.5166668
0.5333335
0.5500001
0.5666668
0.5833334
0.6000001
0.6166667
0.6333334
0.65
0.6666667
0.6833333
0.7
0.7166666
0.7333333
0.7499999
0.7666666
0.7833332
0.7999999
0.8166665
0.8333332
</float_array>
          <technique_common>
            <accessor count="51" offset="0" source="#Chest_0_2-Matrix-animation-input-array" stride="1">
              <param name="TIME" type="float" />
            </accessor>
          </technique_common>
        </source>
        <source id="Chest_0_2-Matrix-animation-output-transform">
          <float_array id="Chest_0_2-Matrix-animation-output-transform-array" count="816">1 0 0 -2.728484E-12 
0 0.9999999 0 0.2666135 
0 0 1 1.895834E-10 
0 0 0 1 
1 0 0 -2.728484E-12 
0 0.9997706 -0.02141752 0.2666135 
0 0.02141751 0.9997706 1.895834E-10 
0 0 0 1 
1 0 0 -2.728484E-12 
0 0.9990268 -0.04410615 0.2666135 
0 0.04410615 0.9990268 1.895834E-10 
0 0 0 1 
1 0 0 -2.728484E-12 
0 0.9977108 -0.0676249 0.2666135 
0 0.0676249 0.9977108 1.895834E-10 
0 0 0 1 
1 0 0 -2.728484E-12 
0 0.9958021 -0.09153173 0.2666135 
0 0.09153172 0.9958022 1.895834E-10 
0 0 0 1 
1 0 0 -2.728484E-12 
0 0.9933207 -0.1153859 0.2666135 
0 0.1153859 0.9933208 1.895834E-10 
0 0 0 1 
1 0 0 -2.728484E-12 
0 0.9903273 -0.1387505 0.2666135 
0 0.1387505 0.9903274 1.895834E-10 
0 0 0 1 
1 0 0 -2.728484E-12 
0 0.9869226 -0.1611945 0.2666135 
0 0.1611945 0.9869227 1.895834E-10 
0 0 0 1 
1 0 0 -2.728484E-12 
0 0.9832438 -0.182295 0.2666135 
0 0.182295 0.9832439 1.895834E-10 
0 0 0 1 
1 0 0 -2.728484E-12 
0 0.9794601 -0.2016377 0.2666135 
0 0.2016376 0.9794602 1.895834E-10 
0 0 0 1 
1 0 0 -2.728484E-12 
0 0.9757658 -0.2188174 0.2666135 
0 0.2188174 0.9757658 1.895834E-10 
0 0 0 1 
1 0 0 -2.728484E-12 
0 0.9723719 -0.2334368 0.2666135 
0 0.2334368 0.972372 1.895834E-10 
0 0 0 1 
1 0 0 -2.728484E-12 
0 0.9694967 -0.2451043 0.2666135 
0 0.2451043 0.9694967 1.895834E-10 
0 0 0 1 
1 0 0 -2.728484E-12 
0 0.9670832 -0.2544601 0.2666135 
0 0.25446 0.9670833 1.895834E-10 
0 0 0 1 
1 0 0 -2.728484E-12 
0 0.9649512 -0.2624293 0.2666135 
0 0.2624293 0.9649512 1.895834E-10 
0 0 0 1 
1 0 0 -2.728484E-12 
0 0.9631263 -0.2690494 0.2666135 
0 0.2690494 0.9631264 1.895834E-10 
0 0 0 1 
1 0 0 -2.728484E-12 
0 0.961628 -0.2743567 0.2666135 
0 0.2743567 0.961628 1.895834E-10 
0 0 0 1 
1 0 0 -2.728484E-12 
0 0.9604692 -0.2783858 0.2666135 
0 0.2783858 0.9604693 1.895834E-10 
0 0 0 1 
1 0 0 -2.728484E-12 
0 0.9596578 -0.2811702 0.2666135 
0 0.2811702 0.9596579 1.895834E-10 
0 0 0 1 
1 0 0 -2.728484E-12 
0 0.959196 -0.2827419 0.2666135 
0 0.2827419 0.959196 1.895834E-10 
0 0 0 1 
1 0 0 -2.728484E-12 
0 0.9590811 -0.2831315 0.2666135 
0 0.2831315 0.9590811 1.895834E-10 
0 0 0 1 
1 0 0 -2.728484E-12 
0 0.9593061 -0.2823682 0.2666135 
0 0.2823682 0.9593061 1.895834E-10 
0 0 0 1 
1 0 0 -2.728484E-12 
0 0.9598598 -0.2804801 0.2666135 
0 0.28048 0.9598598 1.895834E-10 
0 0 0 1 
1 0 0 -2.728484E-12 
0 0.9607273 -0.2774941 0.2666135 
0 0.2774941 0.9607273 1.895834E-10 
0 0 0 1 
1 0 0 -2.728484E-12 
0 0.96189 -0.2734364 0.2666135 
0 0.2734363 0.9618901 1.895834E-10 
0 0 0 1 
1 0 0 -2.728484E-12 
0 0.9633265 -0.268332 0.2666135 
0 0.2683319 0.9633265 1.895834E-10 
0 0 0 1 
1 0 0 -2.728484E-12 
0 0.965012 -0.2622055 0.2666135 
0 0.2622055 0.9650121 1.895834E-10 
0 0 0 1 
1 0 0 -2.728484E-12 
0 0.9669197 -0.2550809 0.2666135 
0 0.2550809 0.9669197 1.895834E-10 
0 0 0 1 
1 0 0 -2.728484E-12 
0 0.96902 -0.246982 0.2666135 
0 0.246982 0.9690201 1.895834E-10 
0 0 0 1 
1 0 0 -2.728484E-12 
0 0.9716024 -0.2366191 0.2666135 
0 0.2366191 0.9716025 1.895834E-10 
0 0 0 1 
1 0 0 -2.728484E-12 
0 0.9748129 -0.2230237 0.2666135 
0 0.2230237 0.974813 1.895834E-10 
0 0 0 1 
1 0 0 -2.728484E-12 
0 0.9784037 -0.2067028 0.2666135 
0 0.2067027 0.9784038 1.895834E-10 
0 0 0 1 
1 0 0 -2.728484E-12 
0 0.9821365 -0.1881692 0.2666135 
0 0.1881692 0.9821366 1.895834E-10 
0 0 0 1 
1 0 0 -2.728484E-12 
0 0.9857963 -0.1679451 0.2666135 
0 0.167945 0.9857963 1.895834E-10 
0 0 0 1 
1 0 0 -2.728484E-12 
0 0.9892014 -0.1465625 0.2666135 
0 0.1465625 0.9892014 1.895834E-10 
0 0 0 1 
1 0 0 -2.728484E-12 
0 0.9922115 -0.1245637 0.2666135 
0 0.1245637 0.9922116 1.895834E-10 
0 0 0 1 
1 0 0 -2.728484E-12 
0 0.994733 -0.1024992 0.2666135 
0 0.1024992 0.9947331 1.895834E-10 
0 0 0 1 
1 0 0 -2.728484E-12 
0 0.9967201 -0.08092559 0.2666135 
0 0.08092558 0.9967201 1.895834E-10 
0 0 0 1 
1 0 0 -2.728484E-12 
0 0.998174 -0.06040282 0.2666135 
0 0.06040282 0.9981741 1.895834E-10 
0 0 0 1 
1 0 0 -2.728484E-12 
0 0.9991388 -0.04149144 0.2666135 
0 0.04149143 0.9991388 1.895834E-10 
0 0 0 1 
1 0 0 -2.728484E-12 
0 0.9996936 -0.02475042 0.2666135 
0 0.02475042 0.9996936 1.895834E-10 
0 0 0 1 
1 0 0 -2.728484E-12 
0 0.9999423 -0.01073575 0.2666135 
0 0.01073574 0.9999424 1.895834E-10 
0 0 0 1 
1 0 0 -2.728484E-12 
0 0.9999999 0 0.2666135 
0 0 1 1.895834E-10 
0 0 0 1 
1 0 0 -2.728484E-12 
0 0.9999766 0.006823976 0.2666135 
0 -0.006823976 0.9999767 1.895834E-10 
0 0 0 1 
1 0 0 -2.728484E-12 
0 0.9999497 0.01002698 0.2666135 
0 -0.01002698 0.9999498 1.895834E-10 
0 0 0 1 
1 0 0 -2.728484E-12 
0 0.9999454 0.01044476 0.2666135 
0 -0.01044476 0.9999455 1.895834E-10 
0 0 0 1 
1 0 0 -2.728484E-12 
0 0.9999602 0.008912916 0.2666135 
0 -0.008912915 0.9999603 1.895834E-10 
0 0 0 1 
1 0 0 -2.728484E-12 
0 0.9999803 0.006266946 0.2666135 
0 -0.006266945 0.9999804 1.895834E-10 
0 0 0 1 
1 0 0 -2.728484E-12 
0 0.9999943 0.003342401 0.2666135 
0 -0.003342401 0.9999944 1.895834E-10 
0 0 0 1 
1 0 0 -2.728484E-12 
0 0.9999995 0.0009748812 0.2666135 
0 -0.0009748812 0.9999995 1.895834E-10 
0 0 0 1 
1 0 0 -2.728484E-12 
0 0.9999999 8.877195E-09 0.2666135 
0 -8.877194E-09 1 1.895834E-10 
0 0 0 1 
</float_array>
          <technique_common>
            <accessor count="51" offset="0" source="#Chest_0_2-Matrix-animation-output-transform-array" stride="16">
              <param type="float4x4" />
            </accessor>
          </technique_common>
        </source>
        <source id="Chest_0_2-Interpolations">
          <Name_array id="Chest_0_2-Interpolations-array" count="51">LINEAR
LINEAR
LINEAR
LINEAR
LINEAR
LINEAR
LINEAR
LINEAR
LINEAR
LINEAR
LINEAR
LINEAR
LINEAR
LINEAR
LINEAR
LINEAR
LINEAR
LINEAR
LINEAR
LINEAR
LINEAR
LINEAR
LINEAR
LINEAR
LINEAR
LINEAR
LINEAR
LINEAR
LINEAR
LINEAR
LINEAR
LINEAR
LINEAR
LINEAR
LINEAR
LINEAR
LINEAR
LINEAR
LINEAR
LINEAR
LINEAR
LINEAR
LINEAR
LINEAR
LINEAR
LINEAR
LINEAR
LINEAR
LINEAR
LINEAR
LINEAR</Name_array>
          <technique_common>
            <accessor count="51" offset="0" source="#Chest_0_2-Interpolations-array" stride="1">
              <param type="name" />
            </accessor>
          </technique_common>
        </source>
        <sampler id="Chest_0_2-Matrix-animation-transform">
          <input semantic="INPUT" source="#Chest_0_2-Matrix-animation-input" />
          <input semantic="OUTPUT" source="#Chest_0_2-Matrix-animation-output-transform" />
          <input semantic="INTERPOLATION" source="#Chest_0_2-Interpolations" />
        </sampler>
        <channel source="#Chest_0_2-Matrix-animation-transform" target="Chest/matrix" />
      </animation>
      <animation id="LeftThigh_0_3-anim" name="LeftThigh_0_3">
        <source id="LeftThigh_0_3-Matrix-animation-input">
          <float_array id="LeftThigh_0_3-Matrix-animation-input-array" count="51">0
0.01666667
0.03333334
0.05
0.06666667
0.08333334
0.1
0.1166667
0.1333333
0.15
0.1666667
0.1833333
0.2
0.2166667
0.2333333
0.25
0.2666667
0.2833334
0.3
0.3166667
0.3333334
0.3500001
0.3666668
0.3833334
0.4000001
0.4166668
0.4333335
0.4500002
0.4666668
0.4833335
0.5000002
0.5166668
0.5333335
0.5500001
0.5666668
0.5833334
0.6000001
0.6166667
0.6333334
0.65
0.6666667
0.6833333
0.7
0.7166666
0.7333333
0.7499999
0.7666666
0.7833332
0.7999999
0.8166665
0.8333332
</float_array>
          <technique_common>
            <accessor count="51" offset="0" source="#LeftThigh_0_3-Matrix-animation-input-array" stride="1">
              <param name="TIME" type="float" />
            </accessor>
          </technique_common>
        </source>
        <source id="LeftThigh_0_3-Matrix-animation-output-transform">
          <float_array id="LeftThigh_0_3-Matrix-animation-output-transform-array" count="816">0.9954367 -0.0677227 -0.06680597 0.1213365 
-0.06685622 -0.9976478 0.01509651 0.05255294 
-0.06766937 -0.01056153 -0.9976509 -0.002807304 
0 0 0 1 
0.9953951 -0.06524274 -0.06982407 0.1213365 
-0.06746896 -0.9972687 -0.03004014 0.05255294 
-0.06767159 0.03461377 -0.9971063 -0.002807304 
0 0 0 1 
0.9953632 -0.06227225 -0.07292169 0.1213365 
-0.06798726 -0.9945742 -0.07873479 0.05255294 
-0.06762117 0.08332988 -0.9942243 -0.002807304 
0 0 0 1 
0.9953451 -0.05883242 -0.07596315 0.1213365 
-0.06835951 -0.9892012 -0.1296421 0.05255294 
-0.06751382 0.1342354 -0.988646 -0.002807304 
0 0 0 1 
0.995343 -0.05497821 -0.07882375 0.1213365 
-0.06854858 -0.9810169 -0.1813999 0.05255294 
-0.06735255 0.1859637 -0.9802445 -0.002807304 
0 0 0 1 
0.9953577 -0.05079901 -0.08139965 0.1213365 
-0.06853488 -0.9701399 -0.2326596 0.05255294 
-0.06714834 0.2371651 -0.969145 -0.002807304 
0 0 0 1 
0.9953882 -0.04641632 -0.08361412 0.1213365 
-0.06831822 -0.9569433 -0.28212 0.05255294 
-0.06691712 0.2865396 -0.955728 -0.002807304 
0 0 0 1 
0.9954317 -0.04197876 -0.08542217 0.1213365 
-0.06791811 -0.9420385 -0.3285565 0.05255294 
-0.06667676 0.3328668 -0.9406126 -0.002807304 
0 0 0 1 
0.9954843 -0.03765522 -0.0868137 0.1213365 
-0.0673728 -0.9262481 -0.370843 0.05255294 
-0.066445 0.3750281 -0.9246284 -0.002807304 
0 0 0 1 
0.995541 -0.03362668 -0.08781116 0.1213365 
-0.06673627 -0.9105573 -0.4079598 0.05255294 
-0.06623691 0.4120128 -0.9087667 -0.002807304 
0 0 0 1 
0.9955968 -0.03007866 -0.08846378 0.1213365 
-0.06607392 -0.8960606 -0.4389864 0.05255294 
-0.06606294 0.4429114 -0.8941275 -0.002807304 
0 0 0 1 
0.9956464 -0.02719495 -0.08883848 0.1213365 
-0.06545784 -0.8838977 -0.4630755 0.05255294 
-0.06592901 0.4668882 -0.8818544 -0.002807304 
0 0 0 1 
0.9956852 -0.02515076 -0.08900589 0.1213365 
-0.06495863 -0.8751823 -0.4794116 0.05255294 
-0.06583698 0.4831387 -0.8730643 -0.002807304 
0 0 0 1 
0.9957129 -0.02392367 -0.08903401 0.1213365 
-0.06459116 -0.8701169 -0.4885941 0.05255294 
-0.06577918 0.4922645 -0.8679562 -0.002807304 
0 0 0 1 
0.995732 -0.02334698 -0.0889727 0.1213365 
-0.06433062 -0.8681033 -0.4921964 0.05255294 
-0.06574439 0.4958337 -0.8659245 -0.002807304 
0 0 0 1 
0.9957433 -0.02336219 -0.08884235 0.1213365 
-0.06417339 -0.8689019 -0.4908057 0.05255294 
-0.0657272 0.4944321 -0.8667268 -0.002807304 
0 0 0 1 
0.9957477 -0.02390296 -0.08864845 0.1213365 
-0.06410772 -0.8721831 -0.48496 0.05255294 
-0.06572387 0.488595 -0.8700311 -0.002807304 
0 0 0 1 
0.9957468 -0.024899 -0.08838456 0.1213365 
-0.06411661 -0.8775575 -0.4751641 0.05255294 
-0.06572963 0.4788238 -0.8754461 -0.002807304 
0 0 0 1 
0.995742 -0.02627627 -0.08803989 0.1213365 
-0.06417999 -0.8846028 -0.4619064 0.05255294 
-0.06574137 0.4656035 -0.8825474 -0.002807304 
0 0 0 1 
0.9957347 -0.02795983 -0.08760229 0.1213365 
-0.0642775 -0.8928845 -0.4456737 0.05255294 
-0.06575593 0.4494166 -0.8908983 -0.002807304 
0 0 0 1 
0.9957264 -0.02987538 -0.08706272 0.1213365 
-0.06439084 -0.9019738 -0.4269615 0.05255294 
-0.06577083 0.4307553 -0.9000682 -0.002807304 
0 0 0 1 
0.9957182 -0.03195017 -0.08641702 0.1213365 
-0.06450394 -0.911467 -0.4062838 0.05255294 
-0.06578359 0.4101303 -0.9096508 -0.002807304 
0 0 0 1 
0.995711 -0.03411572 -0.08566861 0.1213365 
-0.06460586 -0.9209957 -0.3841778 0.05255294 
-0.06579207 0.388076 -0.9192755 -0.002807304 
0 0 0 1 
0.9957054 -0.03630669 -0.08483029 0.1213365 
-0.06468935 -0.9302388 -0.3612062 0.05255294 
-0.06579643 0.3651531 -0.9286186 -0.002807304 
0 0 0 1 
0.9957012 -0.0384646 -0.08392335 0.1213365 
-0.06475283 -0.938931 -0.3379572 0.05255294 
-0.06579701 0.3419485 -0.9374118 -0.002807304 
0 0 0 1 
0.9956982 -0.04053782 -0.08297733 0.1213365 
-0.06480019 -0.9468627 -0.3150415 0.05255294 
-0.06579522 0.3190725 -0.945443 -0.002807304 
0 0 0 1 
0.9956957 -0.04248095 -0.08203032 0.1213365 
-0.0648395 -0.9538838 -0.2930886 0.05255294 
-0.06579489 0.2971545 -0.9525591 -0.002807304 
0 0 0 1 
0.9956925 -0.04425563 -0.081126 0.1213365 
-0.06488313 -0.9598964 -0.2727416 0.05255294 
-0.0658004 0.2768385 -0.9586601 -0.002807304 
0 0 0 1 
0.9956872 -0.04582854 -0.08031362 0.1213365 
-0.06494613 -0.9648489 -0.2546522 0.05255294 
-0.06581835 0.2587775 -0.9636911 -0.002807304 
0 0 0 1 
0.9956446 -0.048058 -0.07953468 0.1213365 
-0.06571109 -0.9692955 -0.2369559 0.05255294 
-0.06570313 0.2411571 -0.9682589 -0.002807304 
0 0 0 1 
0.9955348 -0.05158343 -0.07869609 0.1213365 
-0.0676472 -0.9736961 -0.217576 0.05255294 
-0.06540094 0.2219344 -0.9728652 -0.002807304 
0 0 0 1 
0.9953641 -0.05604843 -0.07779782 0.1213365 
-0.07044719 -0.9778981 -0.1968552 0.05255294 
-0.0650431 0.2014291 -0.9773405 -0.002807304 
0 0 0 1 
0.9951411 -0.0610976 -0.07684254 0.1213365 
-0.07379697 -0.9817724 -0.1751449 0.05255294 
-0.06473918 0.1799699 -0.9815385 -0.002807304 
0 0 0 1 
0.99488 -0.06637965 -0.07583545 0.1213365 
-0.07737854 -0.9852219 -0.1528045 0.05255294 
-0.06456988 0.1578948 -0.9853416 -0.002807304 
0 0 0 1 
0.9946014 -0.07154516 -0.07478634 0.1213365 
-0.08086903 -0.9881839 -0.1302007 0.05255294 
-0.06458563 0.1355496 -0.9886625 -0.002807304 
0 0 0 1 
0.9943326 -0.07624705 -0.07370709 0.1213365 
-0.08394249 -0.9906322 -0.1077055 0.05255294 
-0.06480261 0.1132855 -0.991446 -0.002807304 
0 0 0 1 
0.9941067 -0.08014343 -0.07261246 0.1213365 
-0.08627479 -0.9925785 -0.08569521 0.05255294 
-0.06520386 0.09145746 -0.9936711 -0.002807304 
0 0 0 1 
0.9939604 -0.08289342 -0.07152023 0.1213365 
-0.08754186 -0.9940671 -0.06454759 0.05255294 
-0.06574351 0.07042081 -0.9953479 -0.002807304 
0 0 0 1 
0.9939303 -0.08416091 -0.07044909 0.1213365 
-0.087425 -0.9951701 -0.04464056 0.05255294 
-0.06634998 0.05053008 -0.9965156 -0.002807304 
0 0 0 1 
0.9940492 -0.08361074 -0.06942051 0.1213365 
-0.08560852 -0.9959799 -0.02635043 0.05255294 
-0.0669364 0.03213754 -0.9972388 -0.002807304 
0 0 0 1 
0.9943395 -0.08091014 -0.06845573 0.1213365 
-0.08178138 -0.996599 -0.01005101 0.05255294 
-0.06740785 0.01559297 -0.9976026 -0.002807304 
0 0 0 1 
0.9948078 -0.07572501 -0.06757668 0.1213365 
-0.07563328 -0.9971275 0.003887121 0.05255294 
-0.06767508 0.001244143 -0.9977056 -0.002807304 
0 0 0 1 
0.9954367 -0.0677227 -0.06680597 0.1213365 
-0.06685622 -0.9976478 0.01509651 0.05255294 
-0.06766937 -0.01056153 -0.9976509 -0.002807304 
0 0 0 1 
0.9962239 -0.0556621 -0.06620468 0.1213365 
-0.05427581 -0.9982716 0.02253522 0.05255294 
-0.06734271 -0.01885736 -0.9975511 -0.002807304 
0 0 0 1 
0.9970344 -0.03920156 -0.0657943 0.1213365 
-0.03755825 -0.9989554 0.02601488 0.05255294 
-0.06674358 -0.02346729 -0.9974932 -0.002807304 
0 0 0 1 
0.9976343 -0.01935481 -0.06553266 0.1213365 
-0.01765245 -0.9994941 0.02644977 0.05255294 
-0.06600961 -0.02523111 -0.9974992 -0.002807304 
0 0 0 1 
0.9978282 0.002861143 -0.06537522 0.1213365 
0.004487991 -0.9996833 0.0247534 0.05255294 
-0.06528188 -0.02499377 -0.9975531 -0.002807304 
0 0 0 1 
0.9974888 0.02642439 -0.06527691 0.1213365 
0.02790186 -0.9993722 0.02183901 0.05255294 
-0.064657 -0.0236062 -0.9976279 -0.002807304 
0 0 0 1 
0.9965754 0.0503091 -0.06519267 0.1213365 
0.05162103 -0.998493 0.01861991 0.05255294 
-0.0641559 -0.02192209 -0.9976984 -0.002807304 
0 0 0 1 
0.9951418 0.07349196 -0.06507882 0.1213365 
0.07467777 -0.9970787 0.01600967 0.05255294 
-0.06371038 -0.02079244 -0.9977509 -0.002807304 
0 0 0 1 
0.9933359 0.09495662 -0.0648908 0.1213365 
0.09610974 -0.9952587 0.014922 0.05255294 
-0.06316441 -0.02105981 -0.9977804 -0.002807304 
0 0 0 1 
</float_array>
          <technique_common>
            <accessor count="51" offset="0" source="#LeftThigh_0_3-Matrix-animation-output-transform-array" stride="16">
              <param type="float4x4" />
            </accessor>
          </technique_common>
        </source>
        <source id="LeftThigh_0_3-Interpolations">
          <Name_array id="LeftThigh_0_3-Interpolations-array" count="51">LINEAR
LINEAR
LINEAR
LINEAR
LINEAR
LINEAR
LINEAR
LINEAR
LINEAR
LINEAR
LINEAR
LINEAR
LINEAR
LINEAR
LINEAR
LINEAR
LINEAR
LINEAR
LINEAR
LINEAR
LINEAR
LINEAR
LINEAR
LINEAR
LINEAR
LINEAR
LINEAR
LINEAR
LINEAR
LINEAR
LINEAR
LINEAR
LINEAR
LINEAR
LINEAR
LINEAR
LINEAR
LINEAR
LINEAR
LINEAR
LINEAR
LINEAR
LINEAR
LINEAR
LINEAR
LINEAR
LINEAR
LINEAR
LINEAR
LINEAR
LINEAR</Name_array>
          <technique_common>
            <accessor count="51" offset="0" source="#LeftThigh_0_3-Interpolations-array" stride="1">
              <param type="name" />
            </accessor>
          </technique_common>
        </source>
        <sampler id="LeftThigh_0_3-Matrix-animation-transform">
          <input semantic="INPUT" source="#LeftThigh_0_3-Matrix-animation-input" />
          <input semantic="OUTPUT" source="#LeftThigh_0_3-Matrix-animation-output-transform" />
          <input semantic="INTERPOLATION" source="#LeftThigh_0_3-Interpolations" />
        </sampler>
        <channel source="#LeftThigh_0_3-Matrix-animation-transform" target="LeftThigh/matrix" />
      </animation>
      <animation id="LeftFoot_0_4-anim" name="LeftFoot_0_4">
        <source id="LeftFoot_0_4-Matrix-animation-input">
          <float_array id="LeftFoot_0_4-Matrix-animation-input-array" count="51">0
0.01666667
0.03333334
0.05
0.06666667
0.08333334
0.1
0.1166667
0.1333333
0.15
0.1666667
0.1833333
0.2
0.2166667
0.2333333
0.25
0.2666667
0.2833334
0.3
0.3166667
0.3333334
0.3500001
0.3666668
0.3833334
0.4000001
0.4166668
0.4333335
0.4500002
0.4666668
0.4833335
0.5000002
0.5166668
0.5333335
0.5500001
0.5666668
0.5833334
0.6000001
0.6166667
0.6333334
0.65
0.6666667
0.6833333
0.7
0.7166666
0.7333333
0.7499999
0.7666666
0.7833332
0.7999999
0.8166665
0.8333332
</float_array>
          <technique_common>
            <accessor count="51" offset="0" source="#LeftFoot_0_4-Matrix-animation-input-array" stride="1">
              <param name="TIME" type="float" />
            </accessor>
          </technique_common>
        </source>
        <source id="LeftFoot_0_4-Matrix-animation-output-transform">
          <float_array id="LeftFoot_0_4-Matrix-animation-output-transform-array" count="816">-0.9736385 -0.1600364 -0.162529 -7.288691E-09 
0.1646517 -2.741813E-06 -0.9863515 0.2435386 
0.1578517 -0.9871107 0.02635318 -4.311005E-10 
0 0 0 1 
-0.9749377 -0.1475787 -0.1664859 -7.288691E-09 
0.1673564 0.00658804 -0.9858745 0.2435386 
0.1465909 -0.9890282 0.01827508 -4.311005E-10 
0 0 0 1 
-0.9762637 -0.1344369 -0.1698115 -7.288691E-09 
0.1695556 0.01343518 -0.985429 0.2435386 
0.1347595 -0.9908309 0.009678124 -4.311005E-10 
0 0 0 1 
-0.9775653 -0.1208252 -0.1725311 -7.288691E-09 
0.1713114 0.02049034 -0.9850036 0.2435386 
0.1225486 -0.9924619 0.0006682872 -4.311005E-10 
0 0 0 1 
-0.9787976 -0.1069593 -0.1746853 -7.288691E-09 
0.1726898 0.02771502 -0.9845862 0.2435386 
0.1101521 -0.9938768 -0.008656739 -4.311005E-10 
0 0 0 1 
-0.9799234 -0.09305432 -0.1763282 -7.288691E-09 
0.1737597 0.03508251 -0.984163 0.2435386 
0.0977667 -0.9950426 -0.01820934 -4.311005E-10 
0 0 0 1 
-0.9809138 -0.07932519 -0.1775269 -7.288691E-09 
0.1745917 0.04257654 -0.9837198 0.2435386 
0.08559228 -0.9959388 -0.0279144 -4.311005E-10 
0 0 0 1 
-0.9817502 -0.06598564 -0.1783604 -7.288691E-09 
0.175258 0.05019175 -0.9832422 0.2435386 
0.07383211 -0.9965571 -0.03771114 -4.311005E-10 
0 0 0 1 
-0.9824223 -0.05324785 -0.1789173 -7.288691E-09 
0.1758304 0.05793373 -0.9827142 0.2435386 
0.0626928 -0.9968991 -0.04755294 -4.311005E-10 
0 0 0 1 
-0.9829273 -0.0413209 -0.1792944 -7.288691E-09 
0.1763801 0.06581912 -0.982119 0.2435386 
0.05238307 -0.9969754 -0.05740725 -4.311005E-10 
0 0 0 1 
-0.9832704 -0.03041166 -0.1795953 -7.288691E-09 
0.176976 0.0738735 -0.9814387 0.2435386 
0.04311454 -0.9968035 -0.06725549 -4.311005E-10 
0 0 0 1 
-0.9834609 -0.02072319 -0.1799297 -7.288691E-09 
0.1776854 0.08213107 -0.9806539 0.2435386 
0.0351001 -0.9964057 -0.07709026 -4.311005E-10 
0 0 0 1 
-0.9835119 -0.012456 -0.1804122 -7.288691E-09 
0.1785729 0.09063444 -0.9797432 0.2435386 
0.02855525 -0.995806 -0.0869156 -4.311005E-10 
0 0 0 1 
-0.9834368 -0.005273974 -0.1811746 -7.288691E-09 
0.1797545 0.09982005 -0.9786338 0.2435386 
0.02324616 -0.9949912 -0.09721862 -4.311005E-10 
0 0 0 1 
-0.9832767 0.001295618 -0.1821134 -7.288691E-09 
0.1811479 0.1100373 -0.9772804 0.2435386 
0.01877309 -0.9939263 -0.1084318 -4.311005E-10 
0 0 0 1 
-0.9830842 0.007257742 -0.1830117 -7.288691E-09 
0.1825324 0.1211804 -0.9757034 0.2435386 
0.01509603 -0.9926037 -0.1204555 -4.311005E-10 
0 0 0 1 
-0.982905 0.01261135 -0.1836808 -7.288691E-09 
0.1837107 0.133112 -0.9739257 0.2435386 
0.01216761 -0.9910204 -0.1331533 -4.311005E-10 
0 0 0 1 
-0.982779 0.01735076 -0.1839698 -7.288691E-09 
0.184519 0.1456638 -0.9719747 0.2435386 
0.009933226 -0.9891818 -0.146357 -4.311005E-10 
0 0 0 1 
-0.9827349 0.02146509 -0.183769 -7.288691E-09 
0.1848306 0.158638 -0.9698821 0.2435386 
0.008334137 -0.9871032 -0.1598663 -4.311005E-10 
0 0 0 1 
-0.9827936 0.02494166 -0.1830161 -7.288691E-09 
0.1845632 0.1718105 -0.9676866 0.2435386 
0.007308376 -0.9848139 -0.1734576 -4.311005E-10 
0 0 0 1 
-0.9829625 0.02776965 -0.1816972 -7.288691E-09 
0.1836815 0.1849378 -0.965432 0.2435386 
