<?xml version="1.0" encoding="utf-8"?>
<COLLADA xmlns:xsi="http://www.w3.org/2001/XMLSchema-instance" xmlns:xsd="http://www.w3.org/2001/XMLSchema" version="1.4.1" xmlns="http://www.collada.org/2005/11/COLLADASchema">
  <asset>
    <created>2017-06-01T10:06:16.2480803+03:00</created>
    <modified>2017-06-01T10:06:16.2480803+03:00</modified>
    <unit meter="1" name="meter" />
    <up_axis>Y_UP</up_axis>
    <contributor>
      <authoring_tool>Skele: Character Animation Tools</authoring_tool>
      <comments>https://www.assetstore.unity3d.com/en/#!/content/16899</comments>
    </contributor>
    <revision>1.0</revision>
  </asset>
  <library_animation_clips>
    <animation_clip name="KamaraJump" start="0" end="1">
      <instance_animation url="KamaraJump_0" />
    </animation_clip>
  </library_animation_clips>
  <library_animations>
    <animation id="KamaraJump_0" name="KamaraJump">
      <animation id="Chest_0_0-anim" name="Chest_0_0">
        <source id="Chest_0_0-Matrix-animation-input">
          <float_array id="Chest_0_0-Matrix-animation-input-array" count="61">0
0.01666667
0.03333334
0.05
0.06666667
0.08333334
0.1
0.1166667
0.1333333
0.15
0.1666667
0.1833333
0.2
0.2166667
0.2333333
0.25
0.2666667
0.2833334
0.3
0.3166667
0.3333334
0.3500001
0.3666668
0.3833334
0.4000001
0.4166668
0.4333335
0.4500002
0.4666668
0.4833335
0.5000002
0.5166668
0.5333335
0.5500001
0.5666668
0.5833334
0.6000001
0.6166667
0.6333334
0.65
0.6666667
0.6833333
0.7
0.7166666
0.7333333
0.7499999
0.7666666
0.7833332
0.7999999
0.8166665
0.8333332
0.8499998
0.8666665
0.8833331
0.8999998
0.9166664
0.9333331
0.9499997
0.9666664
0.9833331
0.9999997
</float_array>
          <technique_common>
            <accessor count="61" offset="0" source="#Chest_0_0-Matrix-animation-input-array" stride="1">
              <param name="TIME" type="float" />
            </accessor>
          </technique_common>
        </source>
        <source id="Chest_0_0-Matrix-animation-output-transform">
          <float_array id="Chest_0_0-Matrix-animation-output-transform-array" count="976">1 0 0 4.358589E-07 
0 0.8675485 -0.4973526 0.2666135 
0 0.4973525 0.8675485 7.227064E-07 
0 0 0 1 
1 0 0 4.358589E-07 
0 0.8654104 -0.5010636 0.2666135 
0 0.5010635 0.8654104 7.227064E-07 
0 0 0 1 
1 0 0 4.358589E-07 
0 0.8631307 -0.5049804 0.2666135 
0 0.5049803 0.8631308 7.227064E-07 
0 0 0 1 
1 0 0 4.358589E-07 
0 0.8607208 -0.5090773 0.2666135 
0 0.5090773 0.8607208 7.227064E-07 
0 0 0 1 
1 0 0 4.358589E-07 
0 0.8581919 -0.5133289 0.2666135 
0 0.5133289 0.858192 7.227064E-07 
0 0 0 1 
1 0 0 4.358589E-07 
0 0.8555561 -0.51771 0.2666135 
0 0.5177099 0.8555562 7.227064E-07 
0 0 0 1 
1 0 0 4.358589E-07 
0 0.8528258 -0.5221953 0.2666135 
0 0.5221953 0.8528259 7.227064E-07 
0 0 0 1 
1 0 0 4.358589E-07 
0 0.8500137 -0.5267604 0.2666135 
0 0.5267603 0.8500138 7.227064E-07 
0 0 0 1 
1 0 0 4.358589E-07 
0 0.847133 -0.5313808 0.2666135 
0 0.5313807 0.8471331 7.227064E-07 
0 0 0 1 
1 0 0 4.358589E-07 
0 0.8441977 -0.5360318 0.2666135 
0 0.5360318 0.8441978 7.227064E-07 
0 0 0 1 
1 0 0 4.358589E-07 
0 0.8412217 -0.5406902 0.2666135 
0 0.5406901 0.8412218 7.227064E-07 
0 0 0 1 
1 0 0 4.358589E-07 
0 0.8382202 -0.5453318 0.2666135 
0 0.5453318 0.8382202 7.227064E-07 
0 0 0 1 
1 0 0 4.358589E-07 
0 0.8352082 -0.5499338 0.2666135 
0 0.5499337 0.8352082 7.227064E-07 
0 0 0 1 
1 0 0 4.358589E-07 
0 0.8322016 -0.5544731 0.2666135 
0 0.554473 0.8322017 7.227064E-07 
0 0 0 1 
1 0 0 4.358589E-07 
0 0.8292167 -0.5589272 0.2666135 
0 0.5589272 0.8292167 7.227064E-07 
0 0 0 1 
1 0 0 4.358589E-07 
0 0.8262703 -0.5632737 0.2666135 
0 0.5632737 0.8262703 7.227064E-07 
0 0 0 1 
1 0 0 4.358589E-07 
0 0.8233797 -0.5674908 0.2666135 
0 0.5674908 0.8233798 7.227064E-07 
0 0 0 1 
1 0 0 4.358589E-07 
0 0.8205623 -0.571557 0.2666135 
0 0.571557 0.8205624 7.227064E-07 
0 0 0 1 
1 0 0 4.358589E-07 
0 0.8178363 -0.5754508 0.2666135 
0 0.5754508 0.8178364 7.227064E-07 
0 0 0 1 
1 0 0 4.358589E-07 
0 0.8152201 -0.5791512 0.2666135 
0 0.5791512 0.8152201 7.227064E-07 
0 0 0 1 
1 0 0 4.358589E-07 
0 0.8127322 -0.5826374 0.2666135 
0 0.5826374 0.8127322 7.227064E-07 
0 0 0 1 
1 0 0 4.358589E-07 
0 0.8103914 -0.5858888 0.2666135 
0 0.5858887 0.8103914 7.227064E-07 
0 0 0 1 
1 0 0 4.358589E-07 
0 0.8082168 -0.5888849 0.2666135 
0 0.5888849 0.8082169 7.227064E-07 
0 0 0 1 
1 0 0 4.358589E-07 
0 0.8062276 -0.5916054 0.2666135 
0 0.5916053 0.8062277 7.227064E-07 
0 0 0 1 
1 0 0 4.358589E-07 
0 0.804443 -0.5940297 0.2666135 
0 0.5940297 0.8044431 7.227064E-07 
0 0 0 1 
1 0 0 4.358589E-07 
0 0.8028819 -0.5961381 0.2666135 
0 0.596138 0.802882 7.227064E-07 
0 0 0 1 
1 0 0 4.358589E-07 
0 0.8015636 -0.5979095 0.2666135 
0 0.5979095 0.8015636 7.227064E-07 
0 0 0 1 
1 0 0 4.358589E-07 
0 0.8005065 -0.5993239 0.2666135 
0 0.5993239 0.8005066 7.227064E-07 
0 0 0 1 
1 0 0 4.358589E-07 
0 0.7997295 -0.6003605 0.2666135 
0 0.6003605 0.7997295 7.227064E-07 
0 0 0 1 
1 0 0 4.358589E-07 
0 0.7992504 -0.6009982 0.2666135 
0 0.6009981 0.7992504 7.227064E-07 
0 0 0 1 
1 0 0 4.358589E-07 
0 0.7990869 -0.6012155 0.2666135 
0 0.6012155 0.7990869 7.227064E-07 
0 0 0 1 
1 0 0 4.358589E-07 
0 0.7992504 -0.6009981 0.2666135 
0 0.600998 0.7992504 7.227064E-07 
0 0 0 1 
1 0 0 4.358589E-07 
0 0.7997295 -0.6003605 0.2666135 
0 0.6003605 0.7997295 7.227064E-07 
0 0 0 1 
1 0 0 4.358589E-07 
0 0.8005065 -0.599324 0.2666135 
0 0.5993239 0.8005066 7.227064E-07 
0 0 0 1 
1 0 0 4.358589E-07 
0 0.8015636 -0.5979095 0.2666135 
0 0.5979095 0.8015636 7.227064E-07 
0 0 0 1 
1 0 0 4.358589E-07 
0 0.8028819 -0.5961381 0.2666135 
0 0.596138 0.802882 7.227064E-07 
0 0 0 1 
1 0 0 4.358589E-07 
0 0.804443 -0.5940297 0.2666135 
0 0.5940297 0.8044431 7.227064E-07 
0 0 0 1 
1 0 0 4.358589E-07 
0 0.8062277 -0.5916052 0.2666135 
0 0.5916052 0.8062277 7.227064E-07 
0 0 0 1 
1 0 0 4.358589E-07 
0 0.8082169 -0.5888849 0.2666135 
0 0.5888848 0.8082169 7.227064E-07 
0 0 0 1 
1 0 0 4.358589E-07 
0 0.8103914 -0.5858887 0.2666135 
0 0.5858887 0.8103915 7.227064E-07 
0 0 0 1 
1 0 0 4.358589E-07 
0 0.8127322 -0.5826374 0.2666135 
0 0.5826374 0.8127322 7.227064E-07 
0 0 0 1 
1 0 0 4.358589E-07 
0 0.8152201 -0.5791512 0.2666135 
0 0.5791511 0.8152202 7.227064E-07 
0 0 0 1 
1 0 0 4.358589E-07 
0 0.8178363 -0.5754508 0.2666135 
0 0.5754508 0.8178364 7.227064E-07 
0 0 0 1 
1 0 0 4.358589E-07 
0 0.8205623 -0.571557 0.2666135 
0 0.571557 0.8205624 7.227064E-07 
0 0 0 1 
1 0 0 4.358589E-07 
0 0.8233796 -0.5674909 0.2666135 
0 0.5674908 0.8233797 7.227064E-07 
0 0 0 1 
1 0 0 4.358589E-07 
0 0.8262703 -0.5632737 0.2666135 
0 0.5632737 0.8262703 7.227064E-07 
0 0 0 1 
1 0 0 4.358589E-07 
0 0.8292167 -0.5589272 0.2666135 
0 0.5589272 0.8292167 7.227064E-07 
0 0 0 1 
1 0 0 4.358589E-07 
0 0.8322015 -0.5544732 0.2666135 
0 0.5544731 0.8322016 7.227064E-07 
0 0 0 1 
1 0 0 4.358589E-07 
0 0.8352081 -0.5499339 0.2666135 
0 0.5499338 0.8352082 7.227064E-07 
0 0 0 1 
1 0 0 4.358589E-07 
0 0.8382202 -0.5453319 0.2666135 
0 0.5453318 0.8382202 7.227064E-07 
0 0 0 1 
1 0 0 4.358589E-07 
0 0.8412217 -0.5406901 0.2666135 
0 0.5406901 0.8412218 7.227064E-07 
0 0 0 1 
1 0 0 4.358589E-07 
0 0.8441977 -0.5360318 0.2666135 
0 0.5360318 0.8441978 7.227064E-07 
0 0 0 1 
1 0 0 4.358589E-07 
0 0.847133 -0.5313808 0.2666135 
0 0.5313808 0.8471331 7.227064E-07 
0 0 0 1 
1 0 0 4.358589E-07 
0 0.8500137 -0.5267605 0.2666135 
0 0.5267604 0.8500137 7.227064E-07 
0 0 0 1 
1 0 0 4.358589E-07 
0 0.8528258 -0.5221954 0.2666135 
0 0.5221953 0.8528259 7.227064E-07 
0 0 0 1 
1 0 0 4.358589E-07 
0 0.8555561 -0.51771 0.2666135 
0 0.5177099 0.8555562 7.227064E-07 
0 0 0 1 
1 0 0 4.358589E-07 
0 0.8581919 -0.5133289 0.2666135 
0 0.5133289 0.858192 7.227064E-07 
0 0 0 1 
1 0 0 4.358589E-07 
0 0.8607207 -0.5090774 0.2666135 
0 0.5090773 0.8607208 7.227064E-07 
0 0 0 1 
1 0 0 4.358589E-07 
0 0.8631307 -0.5049804 0.2666135 
0 0.5049804 0.8631307 7.227064E-07 
0 0 0 1 
1 0 0 4.358589E-07 
0 0.8654103 -0.5010638 0.2666135 
0 0.5010637 0.8654104 7.227064E-07 
0 0 0 1 
1 0 0 4.358589E-07 
0 0.8675484 -0.4973526 0.2666135 
0 0.4973526 0.8675485 7.227064E-07 
0 0 0 1 
</float_array>
          <technique_common>
            <accessor count="61" offset="0" source="#Chest_0_0-Matrix-animation-output-transform-array" stride="16">
              <param type="float4x4" />
            </accessor>
          </technique_common>
        </source>
        <source id="Chest_0_0-Interpolations">
          <Name_array id="Chest_0_0-Interpolations-array" count="61">LINEAR
LINEAR
LINEAR
LINEAR
LINEAR
LINEAR
LINEAR
LINEAR
LINEAR
LINEAR
LINEAR
LINEAR
LINEAR
LINEAR
LINEAR
LINEAR
LINEAR
LINEAR
LINEAR
LINEAR
LINEAR
LINEAR
LINEAR
LINEAR
LINEAR
LINEAR
LINEAR
LINEAR
LINEAR
LINEAR
LINEAR
LINEAR
LINEAR
LINEAR
LINEAR
LINEAR
LINEAR
LINEAR
LINEAR
LINEAR
LINEAR
LINEAR
LINEAR
LINEAR
LINEAR
LINEAR
LINEAR
LINEAR
LINEAR
LINEAR
LINEAR
LINEAR
LINEAR
LINEAR
LINEAR
LINEAR
LINEAR
LINEAR
LINEAR
LINEAR
LINEAR</Name_array>
          <technique_common>
            <accessor count="61" offset="0" source="#Chest_0_0-Interpolations-array" stride="1">
              <param type="name" />
            </accessor>
          </technique_common>
        </source>
        <sampler id="Chest_0_0-Matrix-animation-transform">
          <input semantic="INPUT" source="#Chest_0_0-Matrix-animation-input" />
          <input semantic="OUTPUT" source="#Chest_0_0-Matrix-animation-output-transform" />
          <input semantic="INTERPOLATION" source="#Chest_0_0-Interpolations" />
        </sampler>
        <channel source="#Chest_0_0-Matrix-animation-transform" target="Chest/matrix" />
      </animation>
      <animation id="LeftUpperArm_0_1-anim" name="LeftUpperArm_0_1">
        <source id="LeftUpperArm_0_1-Matrix-animation-input">
          <float_array id="LeftUpperArm_0_1-Matrix-animation-input-array" count="61">0
0.01666667
0.03333334
0.05
0.06666667
0.08333334
0.1
0.1166667
0.1333333
0.15
0.1666667
0.1833333
0.2
0.2166667
0.2333333
0.25
0.2666667
0.2833334
0.3
0.3166667
0.3333334
0.3500001
0.3666668
0.3833334
0.4000001
0.4166668
0.4333335
0.4500002
0.4666668
0.4833335
0.5000002
0.5166668
0.5333335
0.5500001
0.5666668
0.5833334
0.6000001
0.6166667
0.6333334
0.65
0.6666667
0.6833333
0.7
0.7166666
0.7333333
0.7499999
0.7666666
0.7833332
0.7999999
0.8166665
0.8333332
0.8499998
0.8666665
0.8833331
0.8999998
0.9166664
0.9333331
0.9499997
0.9666664
0.9833331
0.9999997
</float_array>
          <technique_common>
            <accessor count="61" offset="0" source="#LeftUpperArm_0_1-Matrix-animation-input-array" stride="1">
              <param name="TIME" type="float" />
            </accessor>
          </technique_common>
        </source>
        <source id="LeftUpperArm_0_1-Matrix-animation-output-transform">
          <float_array id="LeftUpperArm_0_1-Matrix-animation-output-transform-array" count="976">0.246189 0.4545117 0.8560435 0.1937947 
0.9255431 -0.3724039 -0.06845063 0.2713284 
0.2876822 0.809157 -0.5123519 2.140529E-06 
0 0 0 1 
0.2424178 0.4549356 0.8568942 0.1937947 
0.9254359 -0.3735479 -0.06348738 0.2713284 
0.2912081 0.8083913 -0.5115683 2.127443E-06 
0 0 0 1 
0.2384211 0.4553961 0.8577704 0.1937947 
0.9252962 -0.3747481 -0.05823392 0.2713284 
0.2949282 0.8075761 -0.5107241 2.113597E-06 
0 0 0 1 
0.2342224 0.4558923 0.8586632 0.1937947 
0.9251205 -0.3759957 -0.05272204 0.2713284 
0.298818 0.8067157 -0.5098218 2.099075E-06 
0 0 0 1 
0.2298462 0.4564227 0.8595635 0.1937947 
0.9249057 -0.3772825 -0.04698417 0.2713284 
0.3028534 0.8058144 -0.5088649 2.083961E-06 
0 0 0 1 
0.2253157 0.4569863 0.860463 0.1937947 
0.92465 -0.378599 -0.04105195 0.2713284 
0.3070101 0.804877 -0.5078566 2.06834E-06 
0 0 0 1 
0.2206555 0.4575811 0.8613541 0.1937947 
0.9243515 -0.3799375 -0.03495786 0.2713284 
0.3112646 0.8039077 -0.5068009 2.052297E-06 
0 0 0 1 
0.2158895 0.4582053 0.8622295 0.1937947 
0.9240091 -0.3812891 -0.02873394 0.2713284 
0.3155925 0.8029116 -0.5057021 2.035915E-06 
0 0 0 1 
0.2110425 0.4588565 0.8630828 0.1937947 
0.923623 -0.3826465 -0.02241266 0.2713284 
0.3199713 0.8018934 -0.504565 2.01928E-06 
0 0 0 1 
0.2061388 0.4595316 0.8639084 0.1937947 
0.9231935 -0.3840018 -0.01602611 0.2713284 
0.3243778 0.8008583 -0.5033941 2.002476E-06 
0 0 0 1 
0.2012034 0.4602281 0.8647008 0.1937947 
0.9227216 -0.3853475 -0.009606898 0.2713284 
0.3287888 0.7998112 -0.5021956 1.985587E-06 
0 0 0 1 
0.1962613 0.4609424 0.8654559 0.1937947 
0.9222098 -0.386677 -0.003187269 0.2713284 
0.3331826 0.7987576 -0.5009751 1.968699E-06 
0 0 0 1 
0.1913372 0.4616706 0.8661699 0.1937947 
0.9216612 -0.3879827 0.003200352 0.2713284 
0.3375364 0.797703 -0.4997393 1.951895E-06 
0 0 0 1 
0.1864567 0.4624086 0.8668405 0.1937947 
0.9210791 -0.3892594 0.00952369 0.2713284 
0.3418295 0.7966531 -0.4984949 1.93526E-06 
0 0 0 1 
0.1816446 0.4631519 0.8674651 0.1937947 
0.9204682 -0.3905002 0.01575017 0.2713284 
0.34604 0.7956132 -0.4972486 1.918878E-06 
0 0 0 1 
0.1769268 0.4638959 0.8680425 0.1937947 
0.9198337 -0.3917 0.02184764 0.2713284 
0.3501471 0.7945895 -0.4960092 1.902835E-06 
0 0 0 1 
0.1723285 0.4646353 0.8685718 0.1937947 
0.9191815 -0.392853 0.02778369 0.2713284 
0.3541302 0.7935874 -0.4947839 1.887214E-06 
0 0 0 1 
0.1678752 0.4653649 0.8690532 0.1937947 
0.9185184 -0.3939544 0.03352612 0.2713284 
0.3579691 0.7926133 -0.4935813 1.8721E-06 
0 0 0 1 
0.1635928 0.4660791 0.8694872 0.1937947 
0.9178514 -0.3949997 0.03904274 0.2713284 
0.361644 0.7916731 -0.4924103 1.857578E-06 
0 0 0 1 
0.1595063 0.4667719 0.8698748 0.1937947 
0.9171884 -0.3959838 0.04430145 0.2713284 
0.3651348 0.7907729 -0.4912796 1.843732E-06 
0 0 0 1 
0.1556414 0.4674371 0.8702174 0.1937947 
0.9165375 -0.3969027 0.04927015 0.2713284 
0.3684223 0.7899185 -0.4901979 1.830646E-06 
0 0 0 1 
0.152024 0.4680685 0.8705176 0.1937947 
0.9159071 -0.3977526 0.05391675 0.2713284 
0.3714873 0.7891167 -0.4891751 1.818406E-06 
0 0 0 1 
0.1486795 0.4686601 0.8707769 0.1937947 
0.9153065 -0.3985296 0.05820951 0.2713284 
0.3743107 0.7883733 -0.4882207 1.807095E-06 
0 0 0 1 
0.1456337 0.4692052 0.8709981 0.1937947 
0.9147443 -0.3992301 0.06211632 0.2713284 
0.3768737 0.7876945 -0.4873441 1.796799E-06 
0 0 0 1 
0.1429112 0.4696976 0.8711836 0.1937947 
0.91423 -0.3998495 0.06560564 0.2713284 
0.379157 0.7870865 -0.4865544 1.787601E-06 
0 0 0 1 
0.1405382 0.4701304 0.8713361 0.1937947 
0.9137722 -0.400385 0.06864533 0.2713284 
0.3811421 0.7865556 -0.4858614 1.779586E-06 
0 0 0 1 
0.1385403 0.4704979 0.8714578 0.1937947 
0.9133801 -0.4008329 0.07120371 0.2713284 
0.3828099 0.7861078 -0.4852749 1.772839E-06 
0 0 0 1 
0.1369421 0.4707937 0.8715506 0.1937947 
0.9130622 -0.4011886 0.0732491 0.2713284 
0.3841412 0.7857491 -0.4848034 1.767444E-06 
0 0 0 1 
0.1357694 0.4710119 0.8716161 0.1937947 
0.9128263 -0.4014482 0.0747495 0.2713284 
0.3851165 0.7854856 -0.4844563 1.763486E-06 
0 0 0 1 
0.1350473 0.4711465 0.8716555 0.1937947 
0.9126801 -0.4016076 0.07567319 0.2713284 
0.3857166 0.7853233 -0.484242 1.761049E-06 
0 0 0 1 
0.1348013 0.4711926 0.8716688 0.1937947 
0.9126301 -0.4016622 0.07598817 0.2713284 
0.3859213 0.785268 -0.484169 1.760218E-06 
0 0 0 1 
0.1350473 0.4711465 0.8716555 0.1937947 
0.9126801 -0.4016076 0.07567316 0.2713284 
0.3857166 0.7853233 -0.484242 1.761049E-06 
0 0 0 1 
0.1357697 0.4710119 0.8716161 0.1937947 
0.9128264 -0.4014485 0.07474947 0.2713284 
0.3851167 0.7854856 -0.4844565 1.763486E-06 
0 0 0 1 
0.1369422 0.4707937 0.8715506 0.1937947 
0.9130622 -0.4011886 0.07324901 0.2713284 
0.3841411 0.7857491 -0.4848034 1.767444E-06 
0 0 0 1 
0.1385401 0.4704978 0.8714577 0.1937947 
0.9133801 -0.4008326 0.07120368 0.2713284 
0.3828098 0.7861077 -0.4852746 1.772839E-06 
0 0 0 1 
0.1405384 0.4701304 0.8713361 0.1937947 
0.9137722 -0.4003852 0.06864527 0.2713284 
0.3811421 0.7865557 -0.4858617 1.779586E-06 
0 0 0 1 
0.1429114 0.4696977 0.8711836 0.1937947 
0.91423 -0.3998497 0.06560555 0.2713284 
0.3791572 0.7870865 -0.4865546 1.787601E-06 
0 0 0 1 
0.1456337 0.4692052 0.870998 0.1937947 
0.9147444 -0.39923 0.06211627 0.2713284 
0.3768736 0.7876945 -0.487344 1.796799E-06 
0 0 0 1 
0.1486796 0.4686601 0.8707768 0.1937947 
0.9153064 -0.3985296 0.05820945 0.2713284 
0.3743107 0.7883733 -0.4882207 1.807095E-06 
0 0 0 1 
0.152024 0.4680685 0.8705176 0.1937947 
0.9159072 -0.3977526 0.05391672 0.2713284 
0.3714873 0.7891168 -0.4891751 1.818406E-06 
0 0 0 1 
0.1556414 0.4674371 0.8702174 0.1937947 
0.9165375 -0.3969027 0.04927015 0.2713284 
0.3684223 0.7899185 -0.4901979 1.830646E-06 
0 0 0 1 
0.1595063 0.4667719 0.8698748 0.1937947 
0.9171884 -0.3959838 0.04430145 0.2713284 
0.3651348 0.7907729 -0.4912796 1.843732E-06 
0 0 0 1 
0.1635928 0.4660791 0.8694872 0.1937947 
0.9178514 -0.3949997 0.03904274 0.2713284 
0.361644 0.7916731 -0.4924103 1.857578E-06 
0 0 0 1 
0.1678752 0.4653649 0.8690532 0.1937947 
0.9185184 -0.3939544 0.03352612 0.2713284 
0.3579691 0.7926133 -0.4935813 1.8721E-06 
0 0 0 1 
0.1723285 0.4646353 0.8685718 0.1937947 
0.9191815 -0.392853 0.02778369 0.2713284 
0.3541302 0.7935874 -0.4947839 1.887214E-06 
0 0 0 1 
0.1769268 0.4638959 0.8680425 0.1937947 
0.9198337 -0.3917 0.02184764 0.2713284 
0.3501471 0.7945895 -0.4960092 1.902835E-06 
0 0 0 1 
0.1816446 0.4631519 0.867465 0.1937947 
0.9204681 -0.3905002 0.01575023 0.2713284 
0.3460399 0.7956132 -0.4972486 1.918878E-06 
0 0 0 1 
0.1864567 0.4624086 0.8668405 0.1937947 
0.9210791 -0.3892594 0.00952369 0.2713284 
0.3418295 0.7966531 -0.4984949 1.93526E-06 
0 0 0 1 
0.1913373 0.4616706 0.86617 0.1937947 
0.9216613 -0.3879828 0.003200382 0.2713284 
0.3375365 0.7977031 -0.4997393 1.951895E-06 
0 0 0 1 
0.1962613 0.4609424 0.8654559 0.1937947 
0.9222098 -0.386677 -0.003187269 0.2713284 
0.3331826 0.7987576 -0.5009751 1.968699E-06 
0 0 0 1 
0.2012034 0.4602281 0.8647008 0.1937947 
0.9227216 -0.3853475 -0.009606868 0.2713284 
0.3287888 0.7998113 -0.5021956 1.985587E-06 
0 0 0 1 
0.2061388 0.4595316 0.8639085 0.1937947 
0.9231935 -0.3840018 -0.01602608 0.2713284 
0.3243778 0.8008583 -0.5033941 2.002476E-06 
0 0 0 1 
0.2110425 0.4588565 0.8630829 0.1937947 
0.923623 -0.3826467 -0.02241263 0.2713284 
0.3199714 0.8018934 -0.504565 2.01928E-06 
0 0 0 1 
0.2158895 0.4582053 0.8622295 0.1937947 
0.9240093 -0.3812891 -0.02873391 0.2713284 
0.3155926 0.8029115 -0.5057021 2.035915E-06 
0 0 0 1 
0.2206554 0.4575811 0.8613541 0.1937947 
0.9243514 -0.3799375 -0.0349578 0.2713284 
0.3112646 0.8039077 -0.5068009 2.052296E-06 
0 0 0 1 
0.2253157 0.4569862 0.8604631 0.1937947 
0.92465 -0.3785991 -0.04105189 0.2713284 
0.3070103 0.804877 -0.5078566 2.06834E-06 
0 0 0 1 
0.2298461 0.4564227 0.8595635 0.1937947 
0.9249059 -0.3772825 -0.04698405 0.2713284 
0.3028535 0.8058144 -0.5088649 2.083961E-06 
0 0 0 1 
0.2342224 0.4558924 0.8586631 0.1937947 
0.9251205 -0.3759957 -0.05272198 0.2713284 
0.298818 0.8067157 -0.5098219 2.099074E-06 
0 0 0 1 
0.2384209 0.4553962 0.8577705 0.1937947 
0.9252962 -0.3747481 -0.0582338 0.2713284 
0.2949282 0.8075761 -0.5107241 2.113597E-06 
0 0 0 1 
0.2424176 0.4549356 0.8568941 0.1937947 
0.925436 -0.3735476 -0.06348726 0.2713284 
0.2912081 0.8083912 -0.5115681 2.127443E-06 
0 0 0 1 
0.2461891 0.4545117 0.8560435 0.1937947 
0.9255431 -0.3724041 -0.06845057 0.2713284 
0.2876823 0.809157 -0.5123519 2.140528E-06 
0 0 0 1 
</float_array>
          <technique_common>
            <accessor count="61" offset="0" source="#LeftUpperArm_0_1-Matrix-animation-output-transform-array" stride="16">
              <param type="float4x4" />
            </accessor>
          </technique_common>
        </source>
        <source id="LeftUpperArm_0_1-Interpolations">
          <Name_array id="LeftUpperArm_0_1-Interpolations-array" count="61">LINEAR
LINEAR
LINEAR
LINEAR
LINEAR
LINEAR
LINEAR
LINEAR
LINEAR
LINEAR
LINEAR
LINEAR
LINEAR
LINEAR
LINEAR
LINEAR
LINEAR
LINEAR
LINEAR
LINEAR
LINEAR
LINEAR
LINEAR
LINEAR
LINEAR
LINEAR
LINEAR
LINEAR
LINEAR
LINEAR
LINEAR
LINEAR
LINEAR
LINEAR
LINEAR
LINEAR
LINEAR
LINEAR
LINEAR
LINEAR
LINEAR
LINEAR
LINEAR
LINEAR
LINEAR
LINEAR
LINEAR
LINEAR
LINEAR
LINEAR
LINEAR
LINEAR
LINEAR
LINEAR
LINEAR
LINEAR
LINEAR
LINEAR
LINEAR
LINEAR
LINEAR</Name_array>
          <technique_common>
            <accessor count="61" offset="0" source="#LeftUpperArm_0_1-Interpolations-array" stride="1">
              <param type="name" />
            </accessor>
          </technique_common>
        </source>
        <sampler id="LeftUpperArm_0_1-Matrix-animation-transform">
          <input semantic="INPUT" source="#LeftUpperArm_0_1-Matrix-animation-input" />
          <input semantic="OUTPUT" source="#LeftUpperArm_0_1-Matrix-animation-output-transform" />
          <input semantic="INTERPOLATION" source="#LeftUpperArm_0_1-Interpolations" />
        </sampler>
        <channel source="#LeftUpperArm_0_1-Matrix-animation-transform" target="LeftUpperArm/matrix" />
      </animation>
      <animation id="Neck_0_2-anim" name="Neck_0_2">
        <source id="Neck_0_2-Matrix-animation-input">
          <float_array id="Neck_0_2-Matrix-animation-input-array" count="61">0
0.01666667
0.03333334
0.05
0.06666667
0.08333334
0.1
0.1166667
0.1333333
0.15
0.1666667
0.1833333
0.2
0.2166667
0.2333333
0.25
0.2666667
0.2833334
0.3
0.3166667
0.3333334
0.3500001
0.3666668
0.3833334
0.4000001
0.4166668
0.4333335
0.4500002
0.4666668
0.4833335
0.5000002
0.5166668
0.5333335
0.5500001
0.5666668
0.5833334
0.6000001
0.6166667
0.6333334
0.65
0.6666667
0.6833333
0.7
0.7166666
0.7333333
0.7499999
0.7666666
0.7833332
0.7999999
0.8166665
0.8333332
0.8499998
0.8666665
0.8833331
0.8999998
0.9166664
0.9333331
0.9499997
0.9666664
0.9833331
0.9999997
</float_array>
          <technique_common>
            <accessor count="61" offset="0" source="#Neck_0_2-Matrix-animation-input-array" stride="1">
              <param name="TIME" type="float" />
            </accessor>
          </technique_common>
        </source>
        <source id="Neck_0_2-Matrix-animation-output-transform">
          <float_array id="Neck_0_2-Matrix-animation-output-transform-array" count="976">0.9999847 -0.0006766583 -0.005491131 4.36083E-07 
-2.156609E-11 0.9924929 -0.1223024 0.3103217 
0.005532665 0.1223005 0.9924777 -1.200009E-06 
0 0 0 1 
0.9999995 0.0005808811 -0.0008694773 4.359483E-07 
-0.0006797768 0.9929605 -0.1184441 0.3103217 
0.0007945547 0.1184446 0.9929603 -1.131674E-06 
0 0 0 1 
0.9999902 0.001872369 0.004025517 4.358058E-07 
-0.001399741 0.9934384 -0.1143596 0.3103217 
-0.004213227 0.1143528 0.9934313 -1.059368E-06 
0 0 0 1 
0.9999529 0.003183567 0.009164331 4.356563E-07 
-0.002155566 0.9939211 -0.1100735 0.3103216 
-0.009459048 0.1100486 0.9938812 -9.835302E-07 
0 0 0 1 
0.9998845 0.00450093 0.01451725 4.355007E-07 
-0.002942903 0.9944032 -0.1056107 0.3103216 
-0.01491135 0.1055557 0.9943016 -9.046033E-07 
0 0 0 1 
0.999782 0.005811725 0.02005436 4.3534E-07 
-0.003757379 0.9948797 -0.1009958 0.3103216 
-0.02053864 0.1008985 0.9946847 -8.230282E-07 
0 0 0 1 
0.9996433 0.007104134 0.02574559 4.351748E-07 
-0.004594597 0.9953462 -0.09625395 0.3103216 
-0.02630957 0.09610131 0.9950238 -7.392466E-07 
0 0 0 1 
0.9994668 0.008367346 0.03156066 4.350062E-07 
-0.00545014 0.9957985 -0.09140986 0.3103216 
-0.03219292 0.09118912 0.9953131 -6.536995E-07 
0 0 0 1 
0.9992517 0.009591631 0.03746918 4.34835E-07 
-0.006319568 0.9962328 -0.08648861 0.3103216 
-0.03815759 0.0861871 0.995548 -5.668284E-07 
0 0 0 1 
0.998998 0.0107684 0.0434406 4.34662E-07 
-0.007198424 0.9966461 -0.08151519 0.3103216 
-0.0441727 0.0811208 0.995725 -4.790746E-07 
0 0 0 1 
0.9987061 0.01189024 0.0494443 4.344882E-07 
-0.008082234 0.9970357 -0.07651471 0.3103216 
-0.05020751 0.07601609 0.9958417 -3.908795E-07 
0 0 0 1 
0.9983775 0.01295097 0.05544957 4.343144E-07 
-0.008966512 0.9973994 -0.07151233 0.3103216 
-0.05623152 0.07089911 0.9958972 -3.026844E-07 
0 0 0 1 
0.9980142 0.01394563 0.06142569 4.341414E-07 
-0.009846764 0.9977356 -0.06653317 0.3103216 
-0.06221444 0.0657962 0.9958917 -2.149305E-07 
0 0 0 1 
0.9976192 0.0148705 0.06734193 4.339702E-07 
-0.01071849 0.9980432 -0.06160247 0.3103216 
-0.06812622 0.060734 0.9958264 -1.280595E-07 
0 0 0 1 
0.9971957 0.01572303 0.0731676 4.338016E-07 
-0.01157718 0.9983215 -0.05674546 0.3103216 
-0.07393701 0.05573925 0.995704 -4.251251E-08 
0 0 0 1 
0.9967481 0.0165019 0.07887211 4.336364E-07 
-0.01241834 0.9985705 -0.05198737 0.3103215 
-0.07961725 0.05083886 0.9955283 4.126923E-08 
0 0 0 1 
0.9962813 0.01720686 0.08442486 4.334757E-07 
-0.01323746 0.9987905 -0.04735346 0.3103215 
-0.08513755 0.04605979 0.995304 1.228443E-07 
0 0 0 1 
0.9958004 0.01783874 0.08979547 4.333201E-07 
-0.01403005 0.9989822 -0.04286901 0.3103215 
-0.09046879 0.04142915 0.9950372 2.017713E-07 
0 0 0 1 
0.9953116 0.01839933 0.09495366 4.331706E-07 
-0.01479164 0.9991468 -0.03855927 0.3103215 
-0.09558211 0.03697397 0.9947346 2.776088E-07 
0 0 0 1 
0.9948212 0.01889131 0.0998693 4.330281E-07 
-0.01551774 0.9992859 -0.03444951 0.3103215 
-0.1004488 0.03272136 0.994404 3.499157E-07 
0 0 0 1 
0.9943359 0.0193181 0.1045124 4.328934E-07 
-0.01620389 0.9994015 -0.030565 0.3103215 
-0.1050403 0.02869836 0.9940538 4.182502E-07 
0 0 0 1 
0.9938629 0.01968371 0.1088532 4.327674E-07 
-0.01684565 0.9994953 -0.02693094 0.3103215 
-0.1093283 0.02493196 0.993693 4.821717E-07 
0 0 0 1 
0.9934095 0.01999268 0.1128619 4.32651E-07 
-0.01743857 0.99957 -0.02357255 0.3103215 
-0.1132846 0.02144905 0.993331 5.41238E-07 
0 0 0 1 
0.9929832 0.02024981 0.116509 4.32545E-07 
-0.01797824 0.9996279 -0.02051507 0.3103215 
-0.1168811 0.0182765 0.9929777 5.950084E-07 
0 0 0 1 
0.9925914 0.02046005 0.1197651 4.324503E-07 
-0.01846023 0.9996714 -0.01778367 0.3103215 
-0.1200896 0.01544103 0.9926429 6.430413E-07 
0 0 0 1 
0.9922417 0.02062827 0.1226009 4.323679E-07 
-0.01888014 0.9997031 -0.01540352 0.3103215 
-0.1228822 0.0129693 0.9923365 6.848954E-07 
0 0 0 1 
0.9919412 0.02075907 0.1249869 4.322984E-07 
-0.01923357 0.9997252 -0.01339978 0.3103215 
-0.1252308 0.01088785 0.9920679 7.201293E-07 
0 0 0 1 
0.991697 0.02085655 0.126894 4.322429E-07 
-0.01951612 0.9997399 -0.01179758 0.3103215 
-0.1271071 0.009223147 0.9918461 7.483015E-07 
0 0 0 1 
0.9915156 0.02092404 0.1282927 4.322021E-07 
-0.0197234 0.9997491 -0.01062207 0.3103215 
-0.1284828 0.008001577 0.9916794 7.689712E-07 
0 0 0 1 
0.991403 0.02096391 0.1291537 4.321771E-07 
-0.019851 0.999754 -0.009898333 0.3103215 
-0.1293294 0.007249407 0.9915752 7.816966E-07 
0 0 0 1 
0.9913644 0.02097721 0.1294473 4.321685E-07 
-0.01989452 0.9997555 -0.009651521 0.3103215 
-0.1296181 0.006992884 0.9915394 7.860363E-07 
0 0 0 1 
0.991403 0.02096391 0.1291537 4.321771E-07 
-0.019851 0.999754 -0.009898348 0.3103215 
-0.1293294 0.007249422 0.9915752 7.816963E-07 
0 0 0 1 
0.9915156 0.02092404 0.1282927 4.322021E-07 
-0.0197234 0.9997491 -0.01062208 0.3103215 
-0.1284828 0.008001588 0.9916795 7.689708E-07 
0 0 0 1 
0.991697 0.02085655 0.126894 4.322429E-07 
-0.01951612 0.9997399 -0.01179761 0.3103215 
-0.1271071 0.009223172 0.9918461 7.483012E-07 
0 0 0 1 
0.9919412 0.02075907 0.1249869 4.322984E-07 
-0.01923357 0.9997252 -0.0133998 0.3103215 
-0.1252307 0.01088788 0.9920679 7.201288E-07 
0 0 0 1 
0.9922417 0.02062826 0.1226009 4.323679E-07 
-0.01888013 0.9997031 -0.01540355 0.3103215 
-0.1228822 0.01296933 0.9923365 6.848948E-07 
0 0 0 1 
0.9925914 0.02046004 0.1197651 4.324503E-07 
-0.01846022 0.9996714 -0.01778371 0.3103215 
-0.1200896 0.01544106 0.9926429 6.430408E-07 
0 0 0 1 
0.9929832 0.02024981 0.116509 4.32545E-07 
-0.01797823 0.9996279 -0.0205151 0.3103215 
-0.1168811 0.01827653 0.9929777 5.950079E-07 
0 0 0 1 
0.9934095 0.01999268 0.1128619 4.32651E-07 
-0.01743856 0.99957 -0.02357258 0.3103215 
-0.1132846 0.02144908 0.993331 5.412376E-07 
0 0 0 1 
0.9938629 0.01968371 0.1088531 4.327674E-07 
-0.01684564 0.9994953 -0.02693096 0.3103215 
-0.1093283 0.02493198 0.993693 4.821711E-07 
0 0 0 1 
0.9943359 0.01931809 0.1045124 4.328934E-07 
-0.01620388 0.9994015 -0.03056501 0.3103215 
-0.1050403 0.02869839 0.9940538 4.1825E-07 
0 0 0 1 
0.9948212 0.01889131 0.0998693 4.330281E-07 
-0.01551774 0.9992859 -0.03444953 0.3103215 
-0.1004488 0.03272137 0.994404 3.499154E-07 
0 0 0 1 
0.9953116 0.01839933 0.09495366 4.331706E-07 
-0.01479164 0.9991468 -0.03855928 0.3103215 
-0.09558211 0.03697398 0.9947346 2.776087E-07 
0 0 0 1 
0.9958004 0.01783874 0.08979548 4.333201E-07 
-0.01403006 0.9989822 -0.04286901 0.3103215 
-0.0904688 0.04142914 0.9950372 2.017713E-07 
0 0 0 1 
0.9962813 0.01720686 0.08442489 4.334757E-07 
-0.01323746 0.9987905 -0.04735346 0.3103215 
-0.08513758 0.04605979 0.995304 1.228444E-07 
0 0 0 1 
0.9967481 0.0165019 0.07887214 4.336364E-07 
-0.01241834 0.9985705 -0.05198736 0.3103215 
-0.07961728 0.05083885 0.9955283 4.126952E-08 
0 0 0 1 
0.9971957 0.01572304 0.07316764 4.338016E-07 
-0.01157718 0.9983215 -0.05674544 0.3103216 
-0.07393704 0.05573923 0.995704 -4.251211E-08 
0 0 0 1 
0.9976192 0.0148705 0.06734197 4.339702E-07 
-0.01071849 0.9980432 -0.06160244 0.3103216 
-0.06812625 0.06073397 0.9958264 -1.280591E-07 
0 0 0 1 
0.9980142 0.01394564 0.06142574 4.341414E-07 
-0.009846769 0.9977356 -0.06653314 0.3103216 
-0.06221449 0.06579617 0.9958917 -2.149301E-07 
0 0 0 1 
0.9983775 0.01295098 0.05544962 4.343144E-07 
-0.008966519 0.9973994 -0.07151228 0.3103216 
-0.05623158 0.07089907 0.9958972 -3.026838E-07 
0 0 0 1 
0.9987061 0.01189025 0.04944434 4.344882E-07 
-0.008082242 0.9970357 -0.07651468 0.3103216 
-0.05020756 0.07601605 0.9958417 -3.908788E-07 
0 0 0 1 
0.998998 0.01076841 0.04344068 4.34662E-07 
-0.007198432 0.9966461 -0.08151515 0.3103216 
-0.04417277 0.08112076 0.995725 -4.790737E-07 
0 0 0 1 
0.9992517 0.009591645 0.03746925 4.34835E-07 
-0.006319578 0.9962328 -0.08648855 0.3103216 
-0.03815766 0.08618704 0.995548 -5.668276E-07 
0 0 0 1 
0.9994668 0.00836736 0.03156074 4.350062E-07 
-0.005450149 0.9957985 -0.09140981 0.3103216 
-0.03219299 0.09118906 0.9953131 -6.536985E-07 
0 0 0 1 
0.9996433 0.007104154 0.02574568 4.351748E-07 
-0.00459461 0.9953462 -0.09625389 0.3103216 
-0.02630967 0.09610125 0.9950238 -7.392456E-07 
0 0 0 1 
0.999782 0.005811744 0.02005446 4.3534E-07 
-0.00375739 0.9948798 -0.1009958 0.3103216 
-0.02053874 0.1008984 0.9946847 -8.230271E-07 
0 0 0 1 
0.9998845 0.004500948 0.01451733 4.355007E-07 
-0.002942914 0.9944032 -0.1056106 0.3103216 
-0.01491143 0.1055557 0.9943016 -9.046022E-07 
0 0 0 1 
0.9999529 0.003183588 0.009164423 4.356563E-07 
-0.002155578 0.9939211 -0.1100734 0.3103216 
-0.009459142 0.1100485 0.9938812 -9.83529E-07 
0 0 0 1 
0.9999902 0.001872392 0.004025612 4.358058E-07 
-0.001399753 0.9934384 -0.1143595 0.3103217 
-0.004213323 0.1143527 0.9934313 -1.059367E-06 
0 0 0 1 
0.9999995 0.0005809015 -0.0008693843 4.359483E-07 
-0.000679786 0.9929605 -0.118444 0.3103217 
0.0007944599 0.1184445 0.9929603 -1.131673E-06 
0 0 0 1 
0.9999847 -0.0006766358 -0.005491048 4.36083E-07 
-1.187307E-08 0.9924929 -0.1223024 0.3103217 
0.00553258 0.1223005 0.9924777 -1.200008E-06 
0 0 0 1 
</float_array>
          <technique_common>
            <accessor count="61" offset="0" source="#Neck_0_2-Matrix-animation-output-transform-array" stride="16">
              <param type="float4x4" />
            </accessor>
          </technique_common>
        </source>
        <source id="Neck_0_2-Interpolations">
          <Name_array id="Neck_0_2-Interpolations-array" count="61">LINEAR
LINEAR
LINEAR
LINEAR
LINEAR
LINEAR
LINEAR
LINEAR
LINEAR
LINEAR
LINEAR
LINEAR
LINEAR
LINEAR
LINEAR
LINEAR
LINEAR
LINEAR
LINEAR
LINEAR
LINEAR
LINEAR
LINEAR
LINEAR
LINEAR
LINEAR
LINEAR
LINEAR
LINEAR
LINEAR
LINEAR
LINEAR
LINEAR
LINEAR
LINEAR
LINEAR
LINEAR
LINEAR
LINEAR
LINEAR
LINEAR
LINEAR
LINEAR
LINEAR
LINEAR
LINEAR
LINEAR
LINEAR
LINEAR
LINEAR
LINEAR
LINEAR
LINEAR
LINEAR
LINEAR
LINEAR
LINEAR
LINEAR
LINEAR
LINEAR
LINEAR</Name_array>
          <technique_common>
            <accessor count="61" offset="0" source="#Neck_0_2-Interpolations-array" stride="1">
              <param type="name" />
            </accessor>
          </technique_common>
        </source>
        <sampler id="Neck_0_2-Matrix-animation-transform">
          <input semantic="INPUT" source="#Neck_0_2-Matrix-animation-input" />
          <input semantic="OUTPUT" source="#Neck_0_2-Matrix-animation-output-transform" />
          <input semantic="INTERPOLATION" source="#Neck_0_2-Interpolations" />
        </sampler>
        <channel source="#Neck_0_2-Matrix-animation-transform" target="Neck/matrix" />
      </animation>
      <animation id="RightUpperArm_0_3-anim" name="RightUpperArm_0_3">
        <source id="RightUpperArm_0_3-Matrix-animation-input">
          <float_array id="RightUpperArm_0_3-Matrix-animation-input-array" count="61">0
0.01666667
0.03333334
0.05
0.06666667
0.08333334
0.1
0.1166667
0.1333333
0.15
0.1666667
0.1833333
0.2
0.2166667
0.2333333
0.25
0.2666667
0.2833334
0.3
0.3166667
0.3333334
0.3500001
0.3666668
0.3833334
0.4000001
0.4166668
0.4333335
0.4500002
0.4666668
0.4833335
0.5000002
0.5166668
0.5333335
0.5500001
0.5666668
0.5833334
0.6000001
0.6166667
0.6333334
0.65
0.6666667
0.6833333
0.7
0.7166666
0.7333333
0.7499999
0.7666666
0.7833332
0.7999999
0.8166665
0.8333332
0.8499998
0.8666665
0.8833331
0.8999998
0.9166664
0.9333331
0.9499997
0.9666664
0.9833331
0.9999997
</float_array>
          <technique_common>
            <accessor count="61" offset="0" source="#RightUpperArm_0_3-Matrix-animation-input-array" stride="1">
              <param name="TIME" type="float" />
            </accessor>
          </technique_common>
        </source>
        <source id="RightUpperArm_0_3-Matrix-animation-output-transform">
          <float_array id="RightUpperArm_0_3-Matrix-animation-output-transform-array" count="976">0.8080028 -0.4036043 -0.4292253 -0.1932979 
-0.5640905 -0.319615 -0.761346 0.2713284 
0.1700957 0.8572916 -0.4859196 2.094428E-06 
0 0 0 1 
0.8055114 -0.4046422 -0.4329151 -0.1932979 
-0.5679697 -0.3188488 -0.758779 0.2713284 
0.1689994 0.8570879 -0.4866613 2.081341E-06 
0 0 0 1 
0.8028492 -0.4057315 -0.4368232 -0.1932979 
-0.5720678 -0.3180043 -0.7560498 0.2713284 
0.1678416 0.8568865 -0.4874158 2.067493E-06 
0 0 0 1 
0.800028 -0.4068641 -0.4409264 -0.1932979 
-0.5763583 -0.3170818 -0.7531732 0.2713284 
0.1666294 0.8566914 -0.4881742 2.052969E-06 
0 0 0 1 
0.7970605 -0.408032 -0.4452007 -0.1932979 
-0.5808149 -0.3160818 -0.750164 0.2713284 
0.165371 0.8565054 -0.4889278 2.037853E-06 
0 0 0 1 
0.7939601 -0.4092264 -0.4496227 -0.1932979 
-0.5854112 -0.3150055 -0.7470375 0.2713284 
0.1640738 0.8563322 -0.489668 2.02223E-06 
0 0 0 1 
0.7907401 -0.4104396 -0.454168 -0.1932979 
-0.590121 -0.3138547 -0.743809 0.2713284 
0.1627459 0.8561738 -0.4903869 2.006184E-06 
0 0 0 1 
0.7874153 -0.4116636 -0.4588132 -0.1932979 
-0.5949184 -0.3126329 -0.7404946 0.2713284 
0.1613945 0.8560334 -0.4910787 1.989801E-06 
0 0 0 1 
0.7840005 -0.4128912 -0.4635335 -0.1932979 
-0.5997776 -0.3113434 -0.7371103 0.2713284 
0.1600283 0.855912 -0.4917367 1.973163E-06 
0 0 0 1 
0.7805119 -0.4141149 -0.4683048 -0.1932979 
-0.6046727 -0.3099912 -0.7336728 0.2713284 
0.1586545 0.8558116 -0.4923562 1.956357E-06 
0 0 0 1 
0.776966 -0.4153269 -0.4731033 -0.1932979 
-0.6095785 -0.3085825 -0.7301989 0.2713284 
0.1572798 0.8557334 -0.4929329 1.939466E-06 
0 0 0 1 
0.7733804 -0.4165214 -0.4779037 -0.1932979 
-0.6144696 -0.3071235 -0.7267061 0.2713284 
0.1559131 0.8556777 -0.4934635 1.922575E-06 
0 0 0 1 
0.7697732 -0.4176917 -0.4826822 -0.1932979 
-0.6193215 -0.3056222 -0.7232119 0.2713284 
0.1545612 0.8556447 -0.4939457 1.905769E-06 
0 0 0 1 
0.766164 -0.4188315 -0.4874138 -0.1932979 
-0.6241089 -0.3040878 -0.7197348 0.2713284 
0.153231 0.8556343 -0.4943781 1.889132E-06 
0 0 0 1 
0.7625722 -0.4199359 -0.4920743 -0.1932979 
-0.6288086 -0.3025298 -0.7162929 0.2713284 
0.1519299 0.8556455 -0.4947605 1.872748E-06 
0 0 0 1 
0.7590185 -0.4209989 -0.496639 -0.1932979 
-0.6333959 -0.3009586 -0.7129048 0.2713284 
0.1506643 0.8556771 -0.4950926 1.856703E-06 
0 0 0 1 
0.7555243 -0.4220157 -0.5010839 -0.1932979 
-0.6378476 -0.299386 -0.70959 0.2713284 
0.1494406 0.8557277 -0.4953755 1.841079E-06 
0 0 0 1 
0.7521117 -0.422983 -0.505384 -0.1932979 
-0.6421406 -0.2978249 -0.7063678 0.2713284 
0.1482656 0.8557951 -0.4956125 1.825964E-06 
0 0 0 1 
0.7488031 -0.4238959 -0.5095153 -0.1932979 
-0.646252 -0.2962879 -0.7032579 0.2713284 
0.1471449 0.855877 -0.4958052 1.811439E-06 
0 0 0 1 
0.7456215 -0.4247508 -0.5134537 -0.1932979 
-0.6501592 -0.2947886 -0.7002801 0.2713284 
0.1460842 0.8559707 -0.4959569 1.797591E-06 
0 0 0 1 
0.7425907 -0.425545 -0.5171748 -0.1932979 
-0.6538403 -0.2933416 -0.6974546 0.2713284 
0.1450894 0.8560731 -0.4960717 1.784504E-06 
0 0 0 1 
0.7397348 -0.4262753 -0.5206546 -0.1932979 
-0.6572731 -0.291962 -0.6948019 0.2713284 
0.1441655 0.8561814 -0.4961542 1.772262E-06 
0 0 0 1 
0.7370775 -0.4269394 -0.5238691 -0.1932979 
-0.6604361 -0.2906647 -0.6923422 0.2713284 
0.1433179 0.856292 -0.496209 1.76095E-06 
0 0 0 1 
0.7346434 -0.4275346 -0.5267946 -0.1932979 
-0.6633078 -0.2894648 -0.690096 0.2713284 
0.1425513 0.8564016 -0.4962408 1.750652E-06 
0 0 0 1 
0.732457 -0.4280589 -0.529407 -0.1932979 
-0.6658667 -0.2883779 -0.6880837 0.2713284 
0.1418711 0.8565063 -0.496255 1.741453E-06 
0 0 0 1 
0.7305425 -0.4285097 -0.5316827 -0.1932979 
-0.6680915 -0.2874192 -0.6863262 0.2713284 
0.1412816 0.8566033 -0.496256 1.733437E-06 
0 0 0 1 
0.728924 -0.4288852 -0.5335977 -0.1932979 
-0.6699607 -0.2866036 -0.6848433 0.2713284 
0.1407881 0.8566884 -0.4962488 1.726689E-06 
0 0 0 1 
0.7276258 -0.4291822 -0.5351288 -0.1932979 
-0.6714531 -0.2859461 -0.6836558 0.2713284 
0.1403948 0.8567595 -0.4962378 1.721294E-06 
0 0 0 1 
0.7266706 -0.4293985 -0.5362518 -0.1932979 
-0.6725465 -0.2854606 -0.6827832 0.2713284 
0.1401074 0.8568129 -0.4962268 1.717335E-06 
0 0 0 1 
0.7260817 -0.429531 -0.5369431 -0.1932979 
-0.673219 -0.2851605 -0.6822457 0.2713284 
0.1399306 0.8568466 -0.4962187 1.714898E-06 
0 0 0 1 
0.7258806 -0.4295761 -0.5371788 -0.1932979 
-0.6734484 -0.2850578 -0.6820621 0.2713284 
0.1398706 0.856858 -0.4962157 1.714067E-06 
0 0 0 1 
0.7260817 -0.429531 -0.5369431 -0.1932979 
-0.673219 -0.2851605 -0.6822457 0.2713284 
0.1399306 0.8568466 -0.4962187 1.714898E-06 
0 0 0 1 
0.7266707 -0.4293985 -0.5362518 -0.1932979 
-0.6725464 -0.2854606 -0.6827832 0.2713284 
0.1401073 0.8568129 -0.4962266 1.717335E-06 
0 0 0 1 
0.7276257 -0.4291821 -0.5351288 -0.1932979 
-0.6714529 -0.2859461 -0.6836557 0.2713284 
0.1403947 0.8567594 -0.4962377 1.721294E-06 
0 0 0 1 
0.7289242 -0.4288851 -0.5335978 -0.1932979 
-0.6699608 -0.2866038 -0.6848434 0.2713284 
0.1407879 0.8566885 -0.496249 1.72669E-06 
0 0 0 1 
0.7305425 -0.4285099 -0.5316824 -0.1932979 
-0.6680915 -0.2874191 -0.6863261 0.2713284 
0.1412818 0.856603 -0.4962561 1.733437E-06 
0 0 0 1 
0.732457 -0.4280589 -0.529407 -0.1932979 
-0.6658667 -0.2883779 -0.6880839 0.2713284 
0.1418712 0.8565064 -0.496255 1.741453E-06 
0 0 0 1 
0.7346434 -0.4275346 -0.5267946 -0.1932979 
-0.6633078 -0.2894648 -0.690096 0.2713284 
0.1425513 0.8564016 -0.4962408 1.750652E-06 
0 0 0 1 
0.7370775 -0.4269393 -0.5238692 -0.1932979 
-0.6604361 -0.2906647 -0.6923422 0.2713284 
0.1433178 0.8562921 -0.4962089 1.76095E-06 
0 0 0 1 
0.7397348 -0.4262753 -0.5206546 -0.1932979 
-0.6572731 -0.291962 -0.6948019 0.2713284 
0.1441655 0.8561814 -0.4961542 1.772262E-06 
0 0 0 1 
0.7425907 -0.425545 -0.5171748 -0.1932979 
-0.6538403 -0.2933416 -0.6974546 0.2713284 
0.1450894 0.8560731 -0.4960717 1.784504E-06 
0 0 0 1 
0.7456215 -0.4247508 -0.5134537 -0.1932979 
-0.6501592 -0.2947886 -0.7002801 0.2713284 
0.1460842 0.8559707 -0.4959569 1.797592E-06 
0 0 0 1 
0.7488031 -0.4238959 -0.5095153 -0.1932979 
-0.646252 -0.2962879 -0.7032579 0.2713284 
0.1471449 0.855877 -0.4958052 1.81144E-06 
0 0 0 1 
0.7521117 -0.422983 -0.505384 -0.1932979 
-0.6421406 -0.2978249 -0.7063678 0.2713284 
0.1482656 0.8557951 -0.4956125 1.825964E-06 
0 0 0 1 
0.7555243 -0.4220157 -0.5010839 -0.1932979 
-0.6378475 -0.299386 -0.7095899 0.2713284 
0.1494406 0.8557277 -0.4953755 1.841079E-06 
0 0 0 1 
0.7590184 -0.4209986 -0.4966391 -0.1932979 
