<?xml version="1.0" encoding="utf-8"?>
<COLLADA xmlns:xsi="http://www.w3.org/2001/XMLSchema-instance" xmlns:xsd="http://www.w3.org/2001/XMLSchema" version="1.4.1" xmlns="http://www.collada.org/2005/11/COLLADASchema">
  <asset>
    <created>2017-06-01T10:06:19.9757115+03:00</created>
    <modified>2017-06-01T10:06:19.9757115+03:00</modified>
    <unit meter="1" name="meter" />
    <up_axis>Y_UP</up_axis>
    <contributor>
      <authoring_tool>Skele: Character Animation Tools</authoring_tool>
      <comments>https://www.assetstore.unity3d.com/en/#!/content/16899</comments>
    </contributor>
    <revision>1.0</revision>
  </asset>
  <library_animation_clips>
    <animation_clip name="KamaraSit" start="0" end="5">
      <instance_animation url="KamaraSit_0" />
    </animation_clip>
  </library_animation_clips>
  <library_animations>
    <animation id="KamaraSit_0" name="KamaraSit">
      <animation id="Chest_0_0-anim" name="Chest_0_0">
        <source id="Chest_0_0-Matrix-animation-input">
          <float_array id="Chest_0_0-Matrix-animation-input-array" count="301">0
0.01666667
0.03333334
0.05
0.06666667
0.08333334
0.1
0.1166667
0.1333333
0.15
0.1666667
0.1833333
0.2
0.2166667
0.2333333
0.25
0.2666667
0.2833334
0.3
0.3166667
0.3333334
0.3500001
0.3666668
0.3833334
0.4000001
0.4166668
0.4333335
0.4500002
0.4666668
0.4833335
0.5000002
0.5166668
0.5333335
0.5500001
0.5666668
0.5833334
0.6000001
0.6166667
0.6333334
0.65
0.6666667
0.6833333
0.7
0.7166666
0.7333333
0.7499999
0.7666666
0.7833332
0.7999999
0.8166665
0.8333332
0.8499998
0.8666665
0.8833331
0.8999998
0.9166664
0.9333331
0.9499997
0.9666664
0.9833331
0.9999997
1.016666
1.033333
1.05
1.066666
1.083333
1.1
1.116666
1.133333
1.15
1.166666
1.183333
1.2
1.216666
1.233333
1.25
1.266666
1.283333
1.299999
1.316666
1.333333
1.349999
1.366666
1.383333
1.399999
1.416666
1.433333
1.449999
1.466666
1.483333
1.499999
1.516666
1.533333
1.549999
1.566666
1.583333
1.599999
1.616666
1.633332
1.649999
1.666666
1.683332
1.699999
1.716666
1.733332
1.749999
1.766666
1.783332
1.799999
1.816666
1.833332
1.849999
1.866666
1.883332
1.899999
1.916666
1.933332
1.949999
1.966666
1.983332
1.999999
2.016665
2.033332
2.049999
2.066665
2.083332
2.099999
2.116665
2.133332
2.149999
2.166665
2.183332
2.199999
2.216665
2.233332
2.249999
2.266665
2.283332
2.299999
2.316665
2.333332
2.349998
2.366665
2.383332
2.399998
2.416665
2.433332
2.449998
2.466665
2.483332
2.499998
2.516665
2.533332
2.549998
2.566665
2.583332
2.599998
2.616665
2.633332
2.649998
2.666665
2.683331
2.699998
2.716665
2.733331
2.749998
2.766665
2.783331
2.799998
2.816665
2.833331
2.849998
2.866665
2.883331
2.899998
2.916665
2.933331
2.949998
2.966665
2.983331
2.999998
3.016665
3.033331
3.049998
3.066664
3.083331
3.099998
3.116664
3.133331
3.149998
3.166664
3.183331
3.199998
3.216664
3.233331
3.249998
3.266664
3.283331
3.299998
3.316664
3.333331
3.349998
3.366664
3.383331
3.399997
3.416664
3.433331
3.449997
3.466664
3.483331
3.499997
3.516664
3.533331
3.549997
3.566664
3.583331
3.599997
3.616664
3.633331
3.649997
3.666664
3.683331
3.699997
3.716664
3.73333
3.749997
3.766664
3.78333
3.799997
3.816664
3.83333
3.849997
3.866664
3.88333
3.899997
3.916664
3.93333
3.949997
3.966664
3.98333
3.999997
4.016664
4.03333
4.049997
4.066664
4.083331
4.099998
4.116665
4.133332
4.149999
4.166666
4.183332
4.199999
4.216666
4.233333
4.25
4.266667
4.283334
4.300001
4.316668
4.333334
4.350001
4.366668
4.383335
4.400002
4.416669
4.433336
4.450003
4.46667
4.483336
4.500003
4.51667
4.533337
4.550004
4.566671
4.583338
4.600005
4.616672
4.633338
4.650005
4.666672
4.683339
4.700006
4.716673
4.73334
4.750007
4.766674
4.78334
4.800007
4.816674
4.833341
4.850008
4.866675
4.883342
4.900009
4.916676
4.933342
4.950009
4.966676
4.983343
5
</float_array>
          <technique_common>
            <accessor count="301" offset="0" source="#Chest_0_0-Matrix-animation-input-array" stride="1">
              <param name="TIME" type="float" />
            </accessor>
          </technique_common>
        </source>
        <source id="Chest_0_0-Matrix-animation-output-transform">
          <float_array id="Chest_0_0-Matrix-animation-output-transform-array" count="4816">1 0 0 0 
0 0.9983096 0.05811895 0.2666134 
0 -0.05811895 0.9983097 1.002103E-06 
0 0 0 1 
1 0 0 0 
0 0.9983782 0.05692926 0.2666134 
0 -0.05692926 0.9983782 9.935983E-07 
0 0 0 1 
1 0 0 0 
0 0.9984469 0.05570943 0.2666134 
0 -0.05570942 0.998447 9.848787E-07 
0 0 0 1 
1 0 0 0 
0 0.9985158 0.0544607 0.2666134 
0 -0.05446069 0.9985159 9.759531E-07 
0 0 0 1 
1 0 0 0 
0 0.9985846 0.05318432 0.2666135 
0 -0.05318431 0.9985847 9.668305E-07 
0 0 0 1 
1 0 0 0 
0 0.9986532 0.05188154 0.2666135 
0 -0.05188154 0.9986532 9.575199E-07 
0 0 0 1 
1 0 0 0 
0 0.9987213 0.05055361 0.2666135 
0 -0.05055361 0.9987214 9.480302E-07 
0 0 0 1 
1 0 0 0 
0 0.9987888 0.0492018 0.2666135 
0 -0.04920179 0.9987888 9.383704E-07 
0 0 0 1 
1 0 0 0 
0 0.9988555 0.04782733 0.2666135 
0 -0.04782732 0.9988556 9.285494E-07 
0 0 0 1 
1 0 0 0 
0 0.9989214 0.04643146 0.2666135 
0 -0.04643145 0.9989215 9.185762E-07 
0 0 0 1 
1 0 0 0 
0 0.9989862 0.04501545 0.2666135 
0 -0.04501544 0.9989863 9.084598E-07 
0 0 0 1 
1 0 0 0 
0 0.9990498 0.04358054 0.2666135 
0 -0.04358054 0.9990499 8.98209E-07 
0 0 0 1 
1 0 0 0 
0 0.9991122 0.042128 0.2666135 
0 -0.042128 0.9991122 8.878329E-07 
0 0 0 1 
1 0 0 0 
0 0.999173 0.04065908 0.2666135 
0 -0.04065908 0.9991731 8.773403E-07 
0 0 0 1 
1 0 0 0 
0 0.9992323 0.03917502 0.2666135 
0 -0.03917501 0.9992324 8.667404E-07 
0 0 0 1 
1 0 0 0 
0 0.9992899 0.03767709 0.2666135 
0 -0.03767708 0.99929 8.560419E-07 
0 0 0 1 
1 0 0 0 
0 0.9993457 0.03616653 0.2666135 
0 -0.03616653 0.9993458 8.452539E-07 
0 0 0 1 
1 0 0 0 
0 0.9993997 0.03464461 0.2666135 
0 -0.0346446 0.9993997 8.343853E-07 
0 0 0 1 
1 0 0 0 
0 0.9994516 0.03311257 0.2666135 
0 -0.03311256 0.9994516 8.234451E-07 
0 0 0 1 
1 0 0 0 
0 0.9995014 0.03157168 0.2666135 
0 -0.03157167 0.9995015 8.124421E-07 
0 0 0 1 
1 0 0 0 
0 0.9995492 0.03002318 0.2666135 
0 -0.03002318 0.9995492 8.013855E-07 
0 0 0 1 
1 0 0 0 
0 0.9995946 0.02846835 0.2666135 
0 -0.02846835 0.9995947 7.902841E-07 
0 0 0 1 
1 0 0 0 
0 0.9996378 0.02690843 0.2666135 
0 -0.02690843 0.9996379 7.791469E-07 
0 0 0 1 
1 0 0 0 
0 0.9996787 0.02534468 0.2666135 
0 -0.02534468 0.9996788 7.679828E-07 
0 0 0 1 
1 0 0 0 
0 0.9997172 0.02377836 0.2666136 
0 -0.02377836 0.9997172 7.568008E-07 
0 0 0 1 
1 0 0 0 
0 0.9997532 0.02221073 0.2666136 
0 -0.02221073 0.9997533 7.456099E-07 
0 0 0 1 
1 0 0 0 
0 0.9997869 0.02064304 0.2666136 
0 -0.02064304 0.9997869 7.344189E-07 
0 0 0 1 
1 0 0 0 
0 0.999818 0.01907656 0.2666136 
0 -0.01907656 0.999818 7.232369E-07 
0 0 0 1 
1 0 0 0 
0 0.9998466 0.01751254 0.2666136 
0 -0.01751254 0.9998466 7.120728E-07 
0 0 0 1 
1 0 0 0 
0 0.9998727 0.01595224 0.2666136 
0 -0.01595224 0.9998727 7.009356E-07 
0 0 0 1 
1 0 0 0 
0 0.9998963 0.01439692 0.2666136 
0 -0.01439692 0.9998963 6.898342E-07 
0 0 0 1 
1 0 0 0 
0 0.9999174 0.01284784 0.2666136 
0 -0.01284784 0.9999174 6.787776E-07 
0 0 0 1 
1 0 0 0 
0 0.999936 0.01130626 0.2666136 
0 -0.01130626 0.9999361 6.677748E-07 
0 0 0 1 
1 0 0 0 
0 0.9999522 0.009773429 0.2666136 
0 -0.009773429 0.9999523 6.568346E-07 
0 0 0 1 
1 0 0 0 
0 0.9999659 0.008250612 0.2666136 
0 -0.008250611 0.999966 6.459659E-07 
0 0 0 1 
1 0 0 0 
0 0.9999772 0.00673907 0.2666136 
0 -0.00673907 0.9999773 6.351779E-07 
0 0 0 1 
1 0 0 0 
0 0.9999862 0.005240058 0.2666136 
0 -0.005240058 0.9999863 6.244795E-07 
0 0 0 1 
1 0 0 0 
0 0.9999929 0.003754832 0.2666136 
0 -0.003754832 0.999993 6.138795E-07 
0 0 0 1 
1 0 0 0 
0 0.9999973 0.002284662 0.2666137 
0 -0.002284661 0.9999974 6.03387E-07 
0 0 0 1 
1 0 0 0 
0 0.9999996 0.0008307814 0.2666137 
0 -0.0008307813 0.9999996 5.930109E-07 
0 0 0 1 
1 0 0 0 
0 0.9999998 -0.0006055279 0.2666137 
0 0.0006055278 0.9999998 5.827601E-07 
0 0 0 1 
1 0 0 0 
0 0.9999979 -0.002023015 0.2666137 
0 0.002023015 0.999998 5.726437E-07 
0 0 0 1 
1 0 0 0 
0 0.9999941 -0.003420429 0.2666137 
0 0.003420429 0.9999942 5.626705E-07 
0 0 0 1 
1 0 0 0 
0 0.9999884 -0.004796505 0.2666137 
0 0.004796505 0.9999885 5.528495E-07 
0 0 0 1 
1 0 0 0 
0 0.999981 -0.006149995 0.2666137 
0 0.006149995 0.9999811 5.431897E-07 
0 0 0 1 
1 0 0 0 
0 0.999972 -0.007479627 0.2666137 
0 0.007479626 0.999972 5.337E-07 
0 0 0 1 
1 0 0 0 
0 0.9999614 -0.008784157 0.2666137 
0 0.008784156 0.9999614 5.243895E-07 
0 0 0 1 
1 0 0 0 
0 0.9999493 -0.01006233 0.2666137 
0 0.01006233 0.9999494 5.152669E-07 
0 0 0 1 
1 0 0 0 
0 0.9999359 -0.01131289 0.2666137 
0 0.01131289 0.999936 5.063413E-07 
0 0 0 1 
1 0 0 0 
0 0.9999214 -0.01253458 0.2666137 
0 0.01253458 0.9999214 4.976217E-07 
0 0 0 1 
1 0 0 0 
0 0.9999057 -0.01372614 0.2666137 
0 0.01372614 0.9999058 4.891169E-07 
0 0 0 1 
1 0 0 0 
0 0.9998891 -0.01488632 0.2666137 
0 0.01488632 0.9998892 4.80836E-07 
0 0 0 1 
1 0 0 0 
0 0.9998717 -0.01601386 0.2666137 
0 0.01601386 0.9998718 4.727879E-07 
0 0 0 1 
1 0 0 0 
0 0.9998536 -0.01710752 0.2666137 
0 0.01710752 0.9998537 4.649816E-07 
0 0 0 1 
1 0 0 0 
0 0.9998349 -0.01816603 0.2666137 
0 0.01816603 0.999835 4.574259E-07 
0 0 0 1 
1 0 0 0 
0 0.9998158 -0.01918815 0.2666138 
0 0.01918815 0.9998159 4.5013E-07 
0 0 0 1 
1 0 0 0 
0 0.9997965 -0.02017261 0.2666138 
0 0.02017261 0.9997965 4.431026E-07 
0 0 0 1 
1 0 0 0 
0 0.9997769 -0.02111816 0.2666138 
0 0.02111816 0.999777 4.363528E-07 
0 0 0 1 
1 0 0 0 
0 0.9997574 -0.02202356 0.2666138 
0 0.02202356 0.9997575 4.298896E-07 
0 0 0 1 
1 0 0 0 
0 0.999738 -0.02288755 0.2666138 
0 0.02288755 0.999738 4.237218E-07 
0 0 0 1 
1 0 0 0 
0 0.9997188 -0.02370889 0.2666138 
0 0.02370889 0.9997189 4.178585E-07 
0 0 0 1 
1 0 0 0 
0 0.9997001 -0.02448632 0.2666138 
0 0.02448632 0.9997002 4.123085E-07 
0 0 0 1 
1 0 0 0 
0 0.9996819 -0.02521857 0.2666138 
0 0.02521857 0.9996819 4.07081E-07 
0 0 0 1 
1 0 0 0 
0 0.9996644 -0.02590441 0.2666138 
0 0.02590441 0.9996644 4.021846E-07 
0 0 0 1 
1 0 0 0 
0 0.9996476 -0.02654257 0.2666138 
0 0.02654257 0.9996477 3.976285E-07 
0 0 0 1 
1 0 0 0 
0 0.9996318 -0.02713181 0.2666138 
0 0.02713181 0.9996319 3.934217E-07 
0 0 0 1 
1 0 0 0 
0 0.999617 -0.02767088 0.2666138 
0 0.02767088 0.9996171 3.89573E-07 
0 0 0 1 
1 0 0 0 
0 0.9996034 -0.02815852 0.2666138 
0 0.02815852 0.9996035 3.860914E-07 
0 0 0 1 
1 0 0 0 
0 0.9995911 -0.02859348 0.2666138 
0 0.02859348 0.9995911 3.829858E-07 
0 0 0 1 
1 0 0 0 
0 0.9995801 -0.02897452 0.2666138 
0 0.02897451 0.9995801 3.802653E-07 
0 0 0 1 
1 0 0 0 
0 0.9995706 -0.02930037 0.2666138 
0 0.02930037 0.9995707 3.779388E-07 
0 0 0 1 
1 0 0 0 
0 0.9995627 -0.02956978 0.2666138 
0 0.02956978 0.9995627 3.760152E-07 
0 0 0 1 
1 0 0 0 
0 0.9995564 -0.02978151 0.2666138 
0 0.02978151 0.9995564 3.745035E-07 
0 0 0 1 
1 0 0 0 
0 0.9995518 -0.0299343 0.2666138 
0 0.02993429 0.9995519 3.734125E-07 
0 0 0 1 
1 0 0 0 
0 0.999549 -0.03002689 0.2666138 
0 0.03002689 0.9995491 3.727515E-07 
0 0 0 1 
1 0 0 0 
0 0.9995481 -0.03005802 0.2666138 
0 0.03005802 0.9995481 3.725291E-07 
0 0 0 1 
1 0 0 0 
0 0.9995495 -0.03001143 0.2666138 
0 0.03001143 0.9995496 3.728618E-07 
0 0 0 1 
1 0 0 0 
0 0.9995536 -0.02987327 0.2666138 
0 0.02987327 0.9995537 3.738482E-07 
0 0 0 1 
1 0 0 0 
0 0.9995604 -0.02964609 0.2666138 
0 0.02964609 0.9995605 3.754703E-07 
0 0 0 1 
1 0 0 0 
0 0.9995697 -0.02933237 0.2666138 
0 0.02933237 0.9995697 3.777103E-07 
0 0 0 1 
1 0 0 0 
0 0.9995812 -0.02893462 0.2666138 
0 0.02893462 0.9995813 3.805502E-07 
0 0 0 1 
1 0 0 0 
0 0.999595 -0.02845536 0.2666138 
0 0.02845536 0.999595 3.83972E-07 
0 0 0 1 
1 0 0 0 
0 0.9996107 -0.02789707 0.2666138 
0 0.02789707 0.9996108 3.87958E-07 
0 0 0 1 
1 0 0 0 
0 0.9996282 -0.02726228 0.2666138 
0 0.02726228 0.9996283 3.924902E-07 
0 0 0 1 
1 0 0 0 
0 0.9996473 -0.02655348 0.2666138 
0 0.02655348 0.9996474 3.975506E-07 
0 0 0 1 
1 0 0 0 
0 0.9996678 -0.02577318 0.2666138 
0 0.02577318 0.9996678 4.031214E-07 
0 0 0 1 
1 0 0 0 
0 0.9996893 -0.02492388 0.2666138 
0 0.02492388 0.9996893 4.091847E-07 
0 0 0 1 
1 0 0 0 
0 0.9997117 -0.02400809 0.2666138 
0 0.02400808 0.9997118 4.157226E-07 
0 0 0 1 
1 0 0 0 
0 0.9997348 -0.02302831 0.2666138 
0 0.02302831 0.9997348 4.227171E-07 
0 0 0 1 
1 0 0 0 
0 0.9997582 -0.02198705 0.2666138 
0 0.02198705 0.9997582 4.301503E-07 
0 0 0 1 
1 0 0 0 
0 0.9997818 -0.0208868 0.2666138 
0 0.0208868 0.9997818 4.380044E-07 
0 0 0 1 
1 0 0 0 
0 0.9998053 -0.01973009 0.2666138 
0 0.01973009 0.9998053 4.462614E-07 
0 0 0 1 
1 0 0 0 
0 0.9998285 -0.01851942 0.2666137 
0 0.01851942 0.9998285 4.549034E-07 
0 0 0 1 
1 0 0 0 
0 0.999851 -0.01725729 0.2666137 
0 0.01725728 0.9998511 4.639126E-07 
0 0 0 1 
1 0 0 0 
0 0.9998728 -0.0159462 0.2666137 
0 0.0159462 0.9998729 4.732709E-07 
0 0 0 1 
1 0 0 0 
0 0.9998935 -0.01458867 0.2666137 
0 0.01458867 0.9998936 4.829605E-07 
0 0 0 1 
1 0 0 0 
0 0.999913 -0.01318721 0.2666137 
0 0.01318721 0.999913 4.929635E-07 
0 0 0 1 
1 0 0 0 
0 0.999931 -0.01174432 0.2666137 
0 0.01174432 0.999931 5.03262E-07 
0 0 0 1 
1 0 0 0 
0 0.9999472 -0.01026252 0.2666137 
0 0.01026252 0.9999473 5.138381E-07 
0 0 0 1 
1 0 0 0 
0 0.9999617 -0.008744311 0.2666137 
0 0.00874431 0.9999618 5.246739E-07 
0 0 0 1 
1 0 0 0 
0 0.9999741 -0.007192213 0.2666137 
0 0.007192212 0.9999741 5.357513E-07 
0 0 0 1 
1 0 0 0 
0 0.9999842 -0.00560873 0.2666137 
0 0.005608729 0.9999843 5.470527E-07 
0 0 0 1 
1 0 0 0 
0 0.999992 -0.003996379 0.2666137 
0 0.003996378 0.999992 5.5856E-07 
0 0 0 1 
1 0 0 0 
0 0.9999971 -0.00235767 0.2666137 
0 0.002357669 0.9999972 5.702553E-07 
0 0 0 1 
1 0 0 0 
0 0.9999997 -0.0006951141 0.2666137 
0 0.000695114 0.9999998 5.821207E-07 
0 0 0 1 
1 0 0 0 
0 0.9999995 0.0009887712 0.2666137 
0 -0.0009887711 0.9999995 5.941384E-07 
0 0 0 1 
1 0 0 0 
0 0.9999963 0.002691469 0.2666137 
0 -0.002691468 0.9999964 6.062904E-07 
0 0 0 1 
1 0 0 0 
0 0.9999902 0.004410472 0.2666136 
0 -0.004410471 0.9999903 6.185587E-07 
0 0 0 1 
1 0 0 0 
0 0.999981 0.006143262 0.2666136 
0 -0.006143262 0.9999811 6.309256E-07 
0 0 0 1 
1 0 0 0 
0 0.9999688 0.007887323 0.2666136 
0 -0.007887322 0.9999689 6.433731E-07 
0 0 0 1 
1 0 0 0 
0 0.9999534 0.00964014 0.2666136 
0 -0.00964014 0.9999535 6.558832E-07 
0 0 0 1 
1 0 0 0 
0 0.999935 0.01139921 0.2666136 
0 -0.01139921 0.999935 6.684381E-07 
0 0 0 1 
1 0 0 0 
0 0.9999133 0.013162 0.2666136 
0 -0.013162 0.9999134 6.810199E-07 
0 0 0 1 
1 0 0 0 
0 0.9998885 0.014926 0.2666136 
0 -0.014926 0.9998886 6.936106E-07 
0 0 0 1 
1 0 0 0 
0 0.9998607 0.01668871 0.2666136 
0 -0.0166887 0.9998608 7.061923E-07 
0 0 0 1 
1 0 0 0 
0 0.9998298 0.01844759 0.2666136 
0 -0.01844759 0.9998298 7.187472E-07 
0 0 0 1 
1 0 0 0 
0 0.9997959 0.02020016 0.2666136 
0 -0.02020016 0.999796 7.312574E-07 
0 0 0 1 
1 0 0 0 
0 0.9997591 0.02194388 0.2666136 
0 -0.02194387 0.9997592 7.437048E-07 
0 0 0 1 
1 0 0 0 
0 0.9997196 0.02367624 0.2666136 
0 -0.02367623 0.9997197 7.560718E-07 
0 0 0 1 
1 0 0 0 
0 0.9996774 0.02539474 0.2666135 
0 -0.02539474 0.9996775 7.683401E-07 
0 0 0 1 
1 0 0 0 
0 0.9996328 0.02709686 0.2666135 
0 -0.02709686 0.9996328 7.804921E-07 
0 0 0 1 
1 0 0 0 
0 0.9995857 0.02878009 0.2666135 
0 -0.02878008 0.9995857 7.925098E-07 
0 0 0 1 
1 0 0 0 
0 0.9995365 0.03044192 0.2666135 
0 -0.03044192 0.9995365 8.043752E-07 
0 0 0 1 
1 0 0 0 
0 0.9994853 0.03207983 0.2666135 
0 -0.03207983 0.9994853 8.160706E-07 
0 0 0 1 
1 0 0 0 
0 0.9994322 0.03369134 0.2666135 
0 -0.03369134 0.9994323 8.275779E-07 
0 0 0 1 
1 0 0 0 
0 0.9993776 0.03527391 0.2666135 
0 -0.03527391 0.9993777 8.388793E-07 
0 0 0 1 
1 0 0 0 
0 0.9993216 0.03682506 0.2666135 
0 -0.03682506 0.9993217 8.499568E-07 
0 0 0 1 
1 0 0 0 
0 0.9992646 0.03834227 0.2666135 
0 -0.03834227 0.9992647 8.607926E-07 
0 0 0 1 
1 0 0 0 
0 0.9992067 0.03982303 0.2666135 
0 -0.03982303 0.9992067 8.713687E-07 
0 0 0 1 
1 0 0 0 
0 0.9991482 0.04126484 0.2666135 
0 -0.04126484 0.9991482 8.816672E-07 
0 0 0 1 
1 0 0 0 
0 0.9990894 0.04266522 0.2666135 
0 -0.04266522 0.9990894 8.916703E-07 
0 0 0 1 
1 0 0 0 
0 0.9990305 0.04402164 0.2666135 
0 -0.04402164 0.9990306 9.0136E-07 
0 0 0 1 
1 0 0 0 
0 0.9989719 0.04533159 0.2666135 
0 -0.04533159 0.998972 9.107184E-07 
0 0 0 1 
1 0 0 0 
0 0.9989139 0.04659261 0.2666135 
0 -0.0465926 0.998914 9.197275E-07 
0 0 0 1 
1 0 0 0 
0 0.9988568 0.04780217 0.2666135 
0 -0.04780217 0.9988568 9.283696E-07 
0 0 0 1 
1 0 0 0 
0 0.9988008 0.04895776 0.2666135 
0 -0.04895776 0.9988009 9.366266E-07 
0 0 0 1 
1 0 0 0 
0 0.9987463 0.05005691 0.2666135 
0 -0.05005691 0.9987464 9.444807E-07 
0 0 0 1 
1 0 0 0 
0 0.9986936 0.05109711 0.2666135 
0 -0.05109711 0.9986937 9.51914E-07 
0 0 0 1 
1 0 0 0 
0 0.9986431 0.05207587 0.2666135 
0 -0.05207587 0.9986432 9.589087E-07 
0 0 0 1 
1 0 0 0 
0 0.9985949 0.05299068 0.2666135 
0 -0.05299068 0.998595 9.654466E-07 
0 0 0 1 
1 0 0 0 
0 0.9985496 0.05383905 0.2666135 
0 -0.05383905 0.9985496 9.715098E-07 
0 0 0 1 
1 0 0 0 
0 0.9985073 0.05461848 0.2666134 
0 -0.05461847 0.9985073 9.770808E-07 
0 0 0 1 
1 0 0 0 
0 0.9984683 0.05532647 0.2666134 
0 -0.05532646 0.9984683 9.821413E-07 
0 0 0 1 
1 0 0 0 
0 0.9984329 0.05596054 0.2666134 
0 -0.05596053 0.998433 9.866734E-07 
0 0 0 1 
1 0 0 0 
0 0.9984015 0.05651816 0.2666134 
0 -0.05651816 0.9984016 9.906596E-07 
0 0 0 1 
1 0 0 0 
0 0.9983743 0.05699686 0.2666134 
0 -0.05699686 0.9983743 9.940815E-07 
0 0 0 1 
1 0 0 0 
0 0.9983515 0.05739414 0.2666134 
0 -0.05739413 0.9983516 9.969215E-07 
0 0 0 1 
1 0 0 0 
0 0.9983335 0.05770748 0.2666134 
0 -0.05770748 0.9983335 9.991614E-07 
0 0 0 1 
1 0 0 0 
0 0.9983203 0.0579344 0.2666134 
0 -0.0579344 0.9983204 1.000784E-06 
0 0 0 1 
1 0 0 0 
0 0.9983123 0.0580724 0.2666134 
0 -0.0580724 0.9983124 1.00177E-06 
0 0 0 1 
1 0 0 0 
0 0.9983096 0.05811895 0.2666134 
0 -0.05811895 0.9983097 1.002103E-06 
0 0 0 1 
1 0 0 0 
0 0.9983123 0.05807241 0.2666134 
0 -0.0580724 0.9983124 1.00177E-06 
0 0 0 1 
1 0 0 0 
0 0.9983203 0.05793444 0.2666134 
0 -0.05793443 0.9983204 1.000784E-06 
0 0 0 1 
1 0 0 0 
0 0.9983335 0.05770753 0.2666134 
0 -0.05770753 0.9983335 9.991619E-07 
0 0 0 1 
1 0 0 0 
0 0.9983515 0.0573942 0.2666134 
0 -0.0573942 0.9983516 9.96922E-07 
0 0 0 1 
1 0 0 0 
0 0.9983743 0.05699695 0.2666134 
0 -0.05699694 0.9983743 9.940821E-07 
0 0 0 1 
1 0 0 0 
0 0.9984015 0.05651827 0.2666134 
0 -0.05651826 0.9984016 9.906604E-07 
0 0 0 1 
1 0 0 0 
0 0.9984329 0.05596065 0.2666134 
0 -0.05596064 0.998433 9.866744E-07 
0 0 0 1 
1 0 0 0 
0 0.9984683 0.0553266 0.2666134 
0 -0.0553266 0.9984683 9.821423E-07 
0 0 0 1 
1 0 0 0 
0 0.9985072 0.05461862 0.2666134 
0 -0.05461862 0.9985073 9.770819E-07 
0 0 0 1 
1 0 0 0 
0 0.9985496 0.05383921 0.2666135 
0 -0.0538392 0.9985496 9.715111E-07 
0 0 0 1 
1 0 0 0 
0 0.9985949 0.05299085 0.2666135 
0 -0.05299084 0.998595 9.654478E-07 
0 0 0 1 
1 0 0 0 
0 0.998643 0.05207605 0.2666135 
0 -0.05207605 0.9986431 9.589101E-07 
0 0 0 1 
1 0 0 0 
0 0.9986936 0.05109731 0.2666135 
0 -0.05109731 0.9986937 9.519156E-07 
0 0 0 1 
1 0 0 0 
0 0.9987463 0.05005712 0.2666135 
0 -0.05005712 0.9987463 9.444823E-07 
0 0 0 1 
1 0 0 0 
0 0.9988008 0.04895798 0.2666135 
0 -0.04895798 0.9988008 9.366283E-07 
0 0 0 1 
1 0 0 0 
0 0.9988567 0.0478024 0.2666135 
0 -0.0478024 0.9988568 9.283714E-07 
0 0 0 1 
1 0 0 0 
0 0.9989139 0.04659285 0.2666135 
0 -0.04659284 0.9989139 9.197294E-07 
0 0 0 1 
1 0 0 0 
0 0.9989719 0.04533185 0.2666135 
0 -0.04533185 0.998972 9.107202E-07 
0 0 0 1 
1 0 0 0 
0 0.9990305 0.0440219 0.2666135 
0 -0.0440219 0.9990306 9.013619E-07 
0 0 0 1 
1 0 0 0 
0 0.9990894 0.0426655 0.2666135 
0 -0.04266549 0.9990894 8.916723E-07 
0 0 0 1 
1 0 0 0 
0 0.9991482 0.04126513 0.2666135 
0 -0.04126512 0.9991482 8.816693E-07 
0 0 0 1 
1 0 0 0 
0 0.9992067 0.03982333 0.2666135 
0 -0.03982333 0.9992067 8.713708E-07 
0 0 0 1 
1 0 0 0 
0 0.9992646 0.03834257 0.2666135 
0 -0.03834257 0.9992647 8.607948E-07 
0 0 0 1 
1 0 0 0 
0 0.9993216 0.03682536 0.2666135 
0 -0.03682536 0.9993217 8.499591E-07 
0 0 0 1 
1 0 0 0 
0 0.9993776 0.03527423 0.2666135 
0 -0.03527423 0.9993777 8.388816E-07 
0 0 0 1 
1 0 0 0 
0 0.9994322 0.03369166 0.2666135 
0 -0.03369165 0.9994323 8.275803E-07 
0 0 0 1 
1 0 0 0 
0 0.9994853 0.03208016 0.2666135 
0 -0.03208016 0.9994853 8.16073E-07 
0 0 0 1 
1 0 0 0 
0 0.9995365 0.03044225 0.2666135 
0 -0.03044224 0.9995365 8.043777E-07 
0 0 0 1 
1 0 0 0 
0 0.9995857 0.02878042 0.2666135 
0 -0.02878042 0.9995857 7.925123E-07 
0 0 0 1 
1 0 0 0 
0 0.9996327 0.0270972 0.2666135 
0 -0.02709719 0.9996328 7.804946E-07 
0 0 0 1 
1 0 0 0 
0 0.9996774 0.02539508 0.2666135 
0 -0.02539508 0.9996775 7.683427E-07 
0 0 0 1 
1 0 0 0 
0 0.9997196 0.02367658 0.2666136 
0 -0.02367658 0.9997197 7.560743E-07 
0 0 0 1 
1 0 0 0 
0 0.9997591 0.02194422 0.2666136 
0 -0.02194422 0.9997592 7.437074E-07 
0 0 0 1 
1 0 0 0 
0 0.9997959 0.02020051 0.2666136 
0 -0.02020051 0.999796 7.3126E-07 
0 0 0 1 
1 0 0 0 
0 0.9998298 0.01844794 0.2666136 
0 -0.01844794 0.9998298 7.187498E-07 
0 0 0 1 
1 0 0 0 
0 0.9998606 0.01668906 0.2666136 
0 -0.01668905 0.9998607 7.06195E-07 
0 0 0 1 
1 0 0 0 
0 0.9998885 0.01492636 0.2666136 
0 -0.01492635 0.9998886 6.936132E-07 
0 0 0 1 
1 0 0 0 
0 0.9999133 0.01316235 0.2666136 
0 -0.01316235 0.9999134 6.810225E-07 
0 0 0 1 
1 0 0 0 
0 0.999935 0.01139956 0.2666136 
0 -0.01139956 0.999935 6.684406E-07 
0 0 0 1 
1 0 0 0 
0 0.9999534 0.009640494 0.2666136 
0 -0.009640493 0.9999535 6.558857E-07 
0 0 0 1 
1 0 0 0 
0 0.9999688 0.007887673 0.2666136 
0 -0.007887672 0.9999689 6.433756E-07 
0 0 0 1 
1 0 0 0 
0 0.999981 0.006143603 0.2666136 
0 -0.006143603 0.9999811 6.309282E-07 
0 0 0 1 
1 0 0 0 
0 0.9999902 0.004410808 0.2666136 
0 -0.004410808 0.9999903 6.185612E-07 
0 0 0 1 
1 0 0 0 
0 0.9999963 0.002691808 0.2666137 
0 -0.002691808 0.9999964 6.062928E-07 
0 0 0 1 
1 0 0 0 
0 0.9999995 0.0009891104 0.2666137 
0 -0.0009891103 0.9999995 5.941408E-07 
0 0 0 1 
1 0 0 0 
0 0.9999997 -0.0006947812 0.2666137 
0 0.0006947811 0.9999998 5.821232E-07 
0 0 0 1 
1 0 0 0 
0 0.9999971 -0.002357341 0.2666137 
0 0.002357341 0.9999972 5.702577E-07 
0 0 0 1 
1 0 0 0 
0 0.999992 -0.003996054 0.2666137 
0 0.003996054 0.999992 5.585623E-07 
0 0 0 1 
1 0 0 0 
0 0.9999842 -0.005608413 0.2666137 
0 0.005608412 0.9999843 5.47055E-07 
0 0 0 1 
1 0 0 0 
0 0.9999741 -0.007191901 0.2666137 
0 0.0071919 0.9999741 5.357537E-07 
0 0 0 1 
1 0 0 0 
0 0.9999617 -0.008744012 0.2666137 
0 0.008744011 0.9999618 5.246761E-07 
0 0 0 1 
1 0 0 0 
0 0.9999473 -0.01026222 0.2666137 
0 0.01026222 0.9999474 5.138403E-07 
0 0 0 1 
1 0 0 0 
0 0.999931 -0.01174404 0.2666137 
0 0.01174404 0.999931 5.032642E-07 
0 0 0 1 
1 0 0 0 
0 0.999913 -0.01318693 0.2666137 
0 0.01318693 0.999913 4.929656E-07 
0 0 0 1 
1 0 0 0 
0 0.9998935 -0.0145884 0.2666137 
0 0.0145884 0.9998936 4.829626E-07 
0 0 0 1 
1 0 0 0 
0 0.9998728 -0.01594593 0.2666137 
0 0.01594593 0.9998729 4.732728E-07 
0 0 0 1 
1 0 0 0 
0 0.999851 -0.01725703 0.2666137 
0 0.01725703 0.9998511 4.639144E-07 
0 0 0 1 
1 0 0 0 
0 0.9998285 -0.01851917 0.2666137 
0 0.01851917 0.9998285 4.549053E-07 
0 0 0 1 
1 0 0 0 
0 0.9998053 -0.01972986 0.2666138 
0 0.01972985 0.9998053 4.462632E-07 
0 0 0 1 
1 0 0 0 
0 0.9997818 -0.02088658 0.2666138 
0 0.02088657 0.9997818 4.380061E-07 
0 0 0 1 
1 0 0 0 
0 0.9997582 -0.02198683 0.2666138 
0 0.02198683 0.9997582 4.301519E-07 
0 0 0 1 
1 0 0 0 
0 0.9997348 -0.02302812 0.2666138 
0 0.02302811 0.9997348 4.227185E-07 
0 0 0 1 
1 0 0 0 
0 0.9997117 -0.0240079 0.2666138 
0 0.0240079 0.9997118 4.157241E-07 
0 0 0 1 
1 0 0 0 
0 0.9996893 -0.02492372 0.2666138 
0 0.02492372 0.9996893 4.09186E-07 
0 0 0 1 
1 0 0 0 
0 0.9996678 -0.02577302 0.2666138 
0 0.02577301 0.9996678 4.031227E-07 
0 0 0 1 
1 0 0 0 
0 0.9996473 -0.02655334 0.2666138 
0 0.02655334 0.9996474 3.975518E-07 
0 0 0 1 
1 0 0 0 
0 0.9996282 -0.02726215 0.2666138 
0 0.02726215 0.9996283 3.924912E-07 
0 0 0 1 
1 0 0 0 
0 0.9996107 -0.02789696 0.2666138 
0 0.02789696 0.9996108 3.879589E-07 
0 0 0 1 
1 0 0 0 
0 0.999595 -0.02845526 0.2666138 
0 0.02845525 0.999595 3.839729E-07 
0 0 0 1 
1 0 0 0 
0 0.9995813 -0.02893454 0.2666138 
0 0.02893453 0.9995813 3.805508E-07 
0 0 0 1 
1 0 0 0 
0 0.9995697 -0.0293323 0.2666138 
0 0.0293323 0.9995697 3.777109E-07 
0 0 0 1 
1 0 0 0 
0 0.9995604 -0.02964604 0.2666138 
0 0.02964604 0.9995605 3.754708E-07 
0 0 0 1 
1 0 0 0 
0 0.9995536 -0.02987325 0.2666138 
0 0.02987325 0.9995537 3.738486E-07 
0 0 0 1 
1 0 0 0 
0 0.9995495 -0.03001142 0.2666138 
0 0.03001142 0.9995496 3.72862E-07 
0 0 0 1 
1 0 0 0 
0 0.9995481 -0.03005803 0.2666138 
0 0.03005803 0.9995481 3.725291E-07 
0 0 0 1 
1 0 0 0 
0 0.999549 -0.0300269 0.2666138 
0 0.0300269 0.9995491 3.727513E-07 
0 0 0 1 
1 0 0 0 
0 0.9995518 -0.02993433 0.2666138 
0 0.02993432 0.9995519 3.734123E-07 
0 0 0 1 
1 0 0 0 
0 0.9995564 -0.02978155 0.2666138 
0 0.02978155 0.9995564 3.745031E-07 
0 0 0 1 
1 0 0 0 
0 0.9995627 -0.02956983 0.2666138 
0 0.02956983 0.9995627 3.760148E-07 
0 0 0 1 
1 0 0 0 
0 0.9995706 -0.02930043 0.2666138 
0 0.02930043 0.9995707 3.779383E-07 
0 0 0 1 
1 0 0 0 
0 0.9995801 -0.02897459 0.2666138 
0 0.02897459 0.9995801 3.802648E-07 
0 0 0 1 
1 0 0 0 
0 0.9995911 -0.02859357 0.2666138 
0 0.02859357 0.9995911 3.829852E-07 
0 0 0 1 
1 0 0 0 
0 0.9996034 -0.02815861 0.2666138 
0 0.02815861 0.9996035 3.860907E-07 
0 0 0 1 
1 0 0 0 
0 0.999617 -0.02767099 0.2666138 
0 0.02767098 0.9996171 3.895722E-07 
0 0 0 1 
1 0 0 0 
0 0.9996318 -0.02713193 0.2666138 
0 0.02713192 0.9996319 3.934208E-07 
0 0 0 1 
1 0 0 0 
0 0.9996476 -0.0265427 0.2666138 
0 0.02654269 0.9996477 3.976276E-07 
0 0 0 1 
1 0 0 0 
0 0.9996644 -0.02590454 0.2666138 
0 0.02590454 0.9996644 4.021836E-07 
0 0 0 1 
1 0 0 0 
0 0.9996819 -0.02521871 0.2666138 
0 0.02521871 0.9996819 4.070799E-07 
0 0 0 1 
1 0 0 0 
0 0.9997001 -0.02448647 0.2666138 
0 0.02448647 0.9997002 4.123074E-07 
0 0 0 1 
1 0 0 0 
0 0.9997188 -0.02370906 0.2666138 
0 0.02370906 0.9997189 4.178573E-07 
0 0 0 1 
1 0 0 0 
0 0.999738 -0.02288773 0.2666138 
0 0.02288773 0.999738 4.237206E-07 
0 0 0 1 
1 0 0 0 
0 0.9997574 -0.02202374 0.2666138 
0 0.02202374 0.9997575 4.298884E-07 
0 0 0 1 
1 0 0 0 
0 0.9997769 -0.02111833 0.2666138 
0 0.02111833 0.999777 4.363517E-07 
0 0 0 1 
1 0 0 0 
0 0.9997965 -0.02017276 0.2666138 
0 0.02017276 0.9997965 4.431015E-07 
0 0 0 1 
1 0 0 0 
0 0.9998158 -0.01918829 0.2666138 
0 0.01918829 0.9998159 4.501289E-07 
0 0 0 1 
1 0 0 0 
0 0.9998349 -0.01816617 0.2666137 
0 0.01816617 0.999835 4.574249E-07 
0 0 0 1 
1 0 0 0 
0 0.9998536 -0.01710765 0.2666137 
0 0.01710765 0.9998537 4.649806E-07 
0 0 0 1 
1 0 0 0 
0 0.9998717 -0.01601398 0.2666137 
0 0.01601398 0.9998718 4.727871E-07 
0 0 0 1 
1 0 0 0 
0 0.9998891 -0.01488642 0.2666137 
0 0.01488642 0.9998892 4.808352E-07 
0 0 0 1 
1 0 0 0 
0 0.9999057 -0.01372623 0.2666137 
0 0.01372623 0.9999058 4.891162E-07 
0 0 0 1 
1 0 0 0 
0 0.9999214 -0.01253466 0.2666137 
0 0.01253466 0.9999214 4.976211E-07 
0 0 0 1 
1 0 0 0 
0 0.9999359 -0.01131295 0.2666137 
0 0.01131295 0.999936 5.063408E-07 
0 0 0 1 
1 0 0 0 
0 0.9999493 -0.01006238 0.2666137 
0 0.01006238 0.9999494 5.152665E-07 
0 0 0 1 
1 0 0 0 
0 0.9999614 -0.008784187 0.2666137 
0 0.008784186 0.9999614 5.243892E-07 
0 0 0 1 
1 0 0 0 
0 0.999972 -0.007479637 0.2666137 
0 0.007479636 0.999972 5.337E-07 
0 0 0 1 
1 0 0 0 
0 0.999981 -0.006149978 0.2666137 
0 0.006149978 0.9999811 5.431898E-07 
0 0 0 1 
1 0 0 0 
0 0.9999884 -0.004796474 0.2666137 
0 0.004796474 0.9999885 5.528498E-07 
0 0 0 1 
1 0 0 0 
0 0.9999941 -0.003420375 0.2666137 
0 0.003420374 0.9999942 5.626708E-07 
0 0 0 1 
1 0 0 0 
0 0.9999979 -0.002022943 0.2666137 
0 0.002022942 0.999998 5.726442E-07 
0 0 0 1 
1 0 0 0 
0 0.9999998 -0.0006054301 0.2666137 
0 0.00060543 0.9999998 5.827608E-07 
0 0 0 1 
1 0 0 0 
0 0.9999996 0.000830902 0.2666137 
0 -0.000830902 0.9999996 5.930117E-07 
0 0 0 1 
1 0 0 0 
0 0.9999973 0.002284793 0.2666137 
0 -0.002284792 0.9999974 6.03388E-07 
0 0 0 1 
1 0 0 0 
0 0.9999929 0.003754995 0.2666136 
0 -0.003754994 0.999993 6.138807E-07 
0 0 0 1 
1 0 0 0 
0 0.9999862 0.005240245 0.2666136 
0 -0.005240245 0.9999863 6.244808E-07 
0 0 0 1 
1 0 0 0 
0 0.9999772 0.006739278 0.2666136 
0 -0.006739277 0.9999773 6.351794E-07 
0 0 0 1 
1 0 0 0 
0 0.9999659 0.008250845 0.2666136 
0 -0.008250844 0.999966 6.459676E-07 
0 0 0 1 
1 0 0 0 
0 0.9999522 0.009773687 0.2666136 
0 -0.009773687 0.9999523 6.568363E-07 
0 0 0 1 
1 0 0 0 
0 0.999936 0.01130653 0.2666136 
0 -0.01130653 0.9999361 6.677767E-07 
0 0 0 1 
1 0 0 0 
0 0.9999174 0.01284815 0.2666136 
0 -0.01284814 0.9999174 6.787798E-07 
0 0 0 1 
1 0 0 0 
0 0.9998963 0.01439725 0.2666136 
0 -0.01439725 0.9998963 6.898366E-07 
0 0 0 1 
1 0 0 0 
0 0.9998727 0.01595259 0.2666136 
0 -0.01595259 0.9998727 7.009381E-07 
0 0 0 1 
1 0 0 0 
0 0.9998466 0.01751291 0.2666136 
0 -0.01751291 0.9998466 7.120755E-07 
0 0 0 1 
1 0 0 0 
0 0.999818 0.01907695 0.2666136 
0 -0.01907695 0.999818 7.232397E-07 
0 0 0 1 
1 0 0 0 
0 0.9997869 0.02064345 0.2666136 
0 -0.02064345 0.9997869 7.344219E-07 
0 0 0 1 
1 0 0 0 
0 0.9997532 0.02221115 0.2666136 
0 -0.02221115 0.9997533 7.45613E-07 
0 0 0 1 
1 0 0 0 
0 0.9997172 0.02377881 0.2666136 
0 -0.02377881 0.9997172 7.56804E-07 
0 0 0 1 
1 0 0 0 
0 0.9996787 0.02534515 0.2666135 
0 -0.02534515 0.9996787 7.679862E-07 
0 0 0 1 
1 0 0 0 
0 0.9996378 0.02690891 0.2666135 
0 -0.02690891 0.9996379 7.791504E-07 
0 0 0 1 
1 0 0 0 
0 0.9995946 0.02846885 0.2666135 
0 -0.02846885 0.9995947 7.902877E-07 
0 0 0 1 
1 0 0 0 
0 0.9995492 0.0300237 0.2666135 
0 -0.0300237 0.9995492 8.013892E-07 
0 0 0 1 
1 0 0 0 
0 0.9995014 0.03157222 0.2666135 
0 -0.03157222 0.9995015 8.12446E-07 
0 0 0 1 
1 0 0 0 
0 0.9994516 0.03311312 0.2666135 
0 -0.03311312 0.9994516 8.23449E-07 
0 0 0 1 
1 0 0 0 
0 0.9993996 0.03464518 0.2666135 
0 -0.03464517 0.9993997 8.343894E-07 
0 0 0 1 
1 0 0 0 
0 0.9993457 0.03616712 0.2666135 
0 -0.03616711 0.9993458 8.45258E-07 
0 0 0 1 
1 0 0 0 
0 0.9992899 0.03767769 0.2666135 
0 -0.03767769 0.9992899 8.560462E-07 
0 0 0 1 
1 0 0 0 
0 0.9992323 0.03917564 0.2666135 
0 -0.03917563 0.9992324 8.667448E-07 
0 0 0 1 
1 0 0 0 
0 0.999173 0.04065971 0.2666135 
0 -0.04065971 0.999173 8.773449E-07 
0 0 0 1 
1 0 0 0 
0 0.9991121 0.04212864 0.2666135 
0 -0.04212864 0.9991122 8.878374E-07 
0 0 0 1 
1 0 0 0 
0 0.9990498 0.0435812 0.2666135 
0 -0.0435812 0.9990499 8.982137E-07 
0 0 0 1 
1 0 0 0 
0 0.9989862 0.04501611 0.2666135 
0 -0.04501611 0.9989862 9.084645E-07 
0 0 0 1 
1 0 0 0 
0 0.9989214 0.04643213 0.2666135 
0 -0.04643213 0.9989215 9.18581E-07 
0 0 0 1 
1 0 0 0 
0 0.9988555 0.04782801 0.2666135 
0 -0.04782801 0.9988556 9.285543E-07 
0 0 0 1 
1 0 0 0 
0 0.9987888 0.04920248 0.2666135 
0 -0.04920248 0.9987888 9.383753E-07 
0 0 0 1 
1 0 0 0 
0 0.9987212 0.05055432 0.2666135 
0 -0.05055431 0.9987213 9.480352E-07 
0 0 0 1 
1 0 0 0 
0 0.9986532 0.05188224 0.2666135 
0 -0.05188224 0.9986532 9.575249E-07 
0 0 0 1 
1 0 0 0 
0 0.9985846 0.05318502 0.2666135 
0 -0.05318502 0.9985847 9.668355E-07 
0 0 0 1 
1 0 0 0 
0 0.9985158 0.0544614 0.2666134 
0 -0.0544614 0.9985159 9.759581E-07 
0 0 0 1 
1 0 0 0 
0 0.9984469 0.05571014 0.2666134 
0 -0.05571014 0.998447 9.848837E-07 
0 0 0 1 
1 0 0 0 
0 0.9983781 0.05692998 0.2666134 
0 -0.05692997 0.9983782 9.936034E-07 
0 0 0 1 
1 0 0 0 
0 0.9983096 0.05811895 0.2666134 
0 -0.05811895 0.9983097 1.002103E-06 
0 0 0 1 
</float_array>
          <technique_common>
            <accessor count="301" offset="0" source="#Chest_0_0-Matrix-animation-output-transform-array" stride="16">
              <param type="float4x4" />
            </accessor>
          </technique_common>
        </source>
        <source id="Chest_0_0-Interpolations">
          <Name_array id="Chest_0_0-Interpolations-array" count="301">LINEAR
LINEAR
LINEAR
LINEAR
LINEAR
LINEAR
LINEAR
LINEAR
LINEAR
LINEAR
LINEAR
LINEAR
LINEAR
LINEAR
LINEAR
LINEAR
LINEAR
LINEAR
LINEAR
LINEAR
LINEAR
LINEAR
LINEAR
LINEAR
LINEAR
LINEAR
LINEAR
LINEAR
LINEAR
LINEAR
LINEAR
LINEAR
LINEAR
LINEAR
LINEAR
LINEAR
LINEAR
LINEAR
LINEAR
LINEAR
LINEAR
LINEAR
LINEAR
LINEAR
LINEAR
LINEAR
LINEAR
LINEAR
LINEAR
LINEAR
LINEAR
LINEAR
LINEAR
LINEAR
LINEAR
LINEAR
LINEAR
LINEAR
LINEAR
LINEAR
LINEAR
LINEAR
LINEAR
LINEAR
LINEAR
LINEAR
LINEAR
LINEAR
LINEAR
LINEAR
LINEAR
LINEAR
LINEAR
LINEAR
LINEAR
LINEAR
LINEAR
LINEAR
LINEAR
LINEAR
LINEAR
LINEAR
LINEAR
LINEAR
LINEAR
LINEAR
LINEAR
LINEAR
LINEAR
LINEAR
LINEAR
LINEAR
LINEAR
LINEAR
LINEAR
LINEAR
LINEAR
LINEAR
LINEAR
LINEAR
LINEAR
LINEAR
LINEAR
LINEAR
LINEAR
LINEAR
LINEAR
LINEAR
LINEAR
LINEAR
LINEAR
LINEAR
LINEAR
LINEAR
LINEAR
LINEAR
LINEAR
LINEAR
LINEAR
LINEAR
LINEAR
LINEAR
LINEAR
LINEAR
LINEAR
LINEAR
LINEAR
LINEAR
LINEAR
LINEAR
LINEAR
LINEAR
LINEAR
LINEAR
LINEAR
LINEAR
LINEAR
LINEAR
LINEAR
LINEAR
LINEAR
LINEAR
LINEAR
LINEAR
LINEAR
LINEAR
LINEAR
LINEAR
LINEAR
LINEAR
LINEAR
LINEAR
LINEAR
LINEAR
LINEAR
LINEAR
LINEAR
LINEAR
LINEAR
LINEAR
LINEAR
LINEAR
LINEAR
LINEAR
LINEAR
LINEAR
LINEAR
LINEAR
LINEAR
LINEAR
LINEAR
LINEAR
LINEAR
LINEAR
LINEAR
LINEAR
LINEAR
LINEAR
LINEAR
LINEAR
LINEAR
LINEAR
LINEAR
LINEAR
LINEAR
LINEAR
LINEAR
LINEAR
LINEAR
LINEAR
LINEAR
LINEAR
LINEAR
LINEAR
LINEAR
LINEAR
LINEAR
LINEAR
LINEAR
LINEAR
LINEAR
LINEAR
LINEAR
LINEAR
LINEAR
LINEAR
LINEAR
LINEAR
LINEAR
LINEAR
LINEAR
LINEAR
LINEAR
LINEAR
LINEAR
LINEAR
LINEAR
LINEAR
LINEAR
LINEAR
LINEAR
LINEAR
LINEAR
LINEAR
LINEAR
LINEAR
LINEAR
LINEAR
LINEAR
LINEAR
LINEAR
LINEAR
LINEAR
LINEAR
LINEAR
LINEAR
LINEAR
LINEAR
LINEAR
LINEAR
LINEAR
LINEAR
LINEAR
LINEAR
LINEAR
LINEAR
LINEAR
LINEAR
LINEAR
LINEAR
LINEAR
LINEAR
LINEAR
LINEAR
LINEAR
LINEAR
LINEAR
LINEAR
LINEAR
LINEAR
LINEAR
LINEAR
LINEAR
LINEAR
LINEAR
LINEAR
LINEAR
LINEAR
LINEAR
LINEAR
LINEAR
LINEAR
LINEAR
LINEAR
LINEAR
LINEAR
LINEAR
LINEAR
LINEAR
LINEAR
LINEAR
LINEAR
LINEAR
LINEAR
LINEAR
LINEAR
LINEAR
LINEAR
LINEAR
LINEAR
LINEAR
LINEAR
LINEAR
LINEAR
LINEAR
LINEAR
LINEAR
LINEAR
LINEAR
LINEAR
LINEAR</Name_array>
          <technique_common>
            <accessor count="301" offset="0" source="#Chest_0_0-Interpolations-array" stride="1">
              <param type="name" />
            </accessor>
          </technique_common>
        </source>
        <sampler id="Chest_0_0-Matrix-animation-transform">
          <input semantic="INPUT" source="#Chest_0_0-Matrix-animation-input" />
          <input semantic="OUTPUT" source="#Chest_0_0-Matrix-animation-output-transform" />
          <input semantic="INTERPOLATION" source="#Chest_0_0-Interpolations" />
        </sampler>
        <channel source="#Chest_0_0-Matrix-animation-transform" target="Chest/matrix" />
      </animation>
      <animation id="LeftThigh_0_1-anim" name="LeftThigh_0_1">
        <source id="LeftThigh_0_1-Matrix-animation-input">
          <float_array id="LeftThigh_0_1-Matrix-animation-input-array" count="301">0
0.01666667
0.03333334
0.05
0.06666667
0.08333334
0.1
0.1166667
0.1333333
0.15
0.1666667
0.1833333
0.2
0.2166667
0.2333333
0.25
0.2666667
0.2833334
0.3
0.3166667
0.3333334
0.3500001
0.3666668
0.3833334
0.4000001
0.4166668
0.4333335
0.4500002
0.4666668
0.4833335
0.5000002
0.5166668
0.5333335
0.5500001
0.5666668
0.5833334
0.6000001
0.6166667
0.6333334
0.65
0.6666667
0.6833333
0.7
0.7166666
0.7333333
0.7499999
0.7666666
0.7833332
0.7999999
0.8166665
0.8333332
0.8499998
0.8666665
0.8833331
0.8999998
0.9166664
0.9333331
0.9499997
0.9666664
0.9833331
0.9999997
1.016666
1.033333
1.05
1.066666
1.083333
1.1
1.116666
1.133333
1.15
1.166666
1.183333
1.2
1.216666
1.233333
1.25
1.266666
1.283333
1.299999
1.316666
1.333333
1.349999
1.366666
1.383333
1.399999
1.416666
1.433333
1.449999
1.466666
1.483333
1.499999
1.516666
1.533333
1.549999
1.566666
1.583333
1.599999
1.616666
1.633332
1.649999
1.666666
1.683332
1.699999
1.716666
1.733332
1.749999
1.766666
1.783332
1.799999
1.816666
1.833332
1.849999
1.866666
1.883332
1.899999
1.916666
1.933332
1.949999
1.966666
1.983332
1.999999
2.016665
2.033332
2.049999
2.066665
2.083332
2.099999
2.116665
2.133332
2.149999
2.166665
2.183332
2.199999
2.216665
2.233332
2.249999
2.266665
2.283332
2.299999
2.316665
2.333332
2.349998
2.366665
2.383332
2.399998
2.416665
2.433332
2.449998
2.466665
2.483332
2.499998
2.516665
2.533332
2.549998
2.566665
2.583332
2.599998
2.616665
2.633332
2.649998
2.666665
2.683331
2.699998
2.716665
2.733331
2.749998
2.766665
2.783331
2.799998
2.816665
2.833331
2.849998
2.866665
2.883331
2.899998
2.916665
2.933331
2.949998
2.966665
2.983331
2.999998
3.016665
3.033331
3.049998
3.066664
3.083331
3.099998
3.116664
3.133331
3.149998
3.166664
3.183331
3.199998
3.216664
3.233331
3.249998
3.266664
3.283331
3.299998
3.316664
3.333331
3.349998
3.366664
3.383331
3.399997
3.416664
3.433331
3.449997
3.466664
3.483331
3.499997
3.516664
3.533331
3.549997
3.566664
3.583331
3.599997
3.616664
3.633331
3.649997
3.666664
3.683331
3.699997
3.716664
3.73333
3.749997
3.766664
3.78333
3.799997
3.816664
3.83333
3.849997
3.866664
3.88333
3.899997
3.916664
3.93333
3.949997
3.966664
3.98333
3.999997
4.016664
4.03333
4.049997
4.066664
4.083331
4.099998
4.116665
4.133332
4.149999
4.166666
4.183332
4.199999
4.216666
4.233333
4.25
4.266667
4.283334
4.300001
4.316668
4.333334
4.350001
4.366668
4.383335
4.400002
4.416669
4.433336
4.450003
4.46667
4.483336
4.500003
4.51667
4.533337
4.550004
4.566671
4.583338
4.600005
4.616672
4.633338
4.650005
4.666672
4.683339
4.700006
4.716673
4.73334
4.750007
4.766674
4.78334
4.800007
4.816674
4.833341
4.850008
4.866675
4.883342
4.900009
4.916676
4.933342
4.950009
4.966676
4.983343
5
</float_array>
          <technique_common>
            <accessor count="301" offset="0" source="#LeftThigh_0_1-Matrix-animation-input-array" stride="1">
              <param name="TIME" type="float" />
            </accessor>
          </technique_common>
        </source>
        <source id="LeftThigh_0_1-Matrix-animation-output-transform">
          <float_array id="LeftThigh_0_1-Matrix-animation-output-transform-array" count="4816">0.9583886 0.2725033 -0.08474037 0.1213379 
0.04594307 -0.4404118 -0.8966188 0.0525537 
-0.2816445 0.8554408 -0.4346175 -0.002808534 
0 0 0 1 
0.9583886 0.2725033 -0.08474037 0.1213379 
0.04594307 -0.4404118 -0.8966188 0.0525537 
-0.2816445 0.8554408 -0.4346175 -0.002808534 
0 0 0 1 
0.9583886 0.2725033 -0.08474037 0.1213379 
0.04594307 -0.4404118 -0.8966188 0.0525537 
-0.2816445 0.8554408 -0.4346175 -0.002808534 
0 0 0 1 
0.9583886 0.2725033 -0.08474037 0.1213379 
0.04594307 -0.4404118 -0.8966188 0.0525537 
-0.2816445 0.8554408 -0.4346175 -0.002808534 
0 0 0 1 
0.9583886 0.2725033 -0.08474037 0.1213379 
0.04594307 -0.4404118 -0.8966188 0.0525537 
-0.2816445 0.8554408 -0.4346175 -0.002808534 
0 0 0 1 
0.9583886 0.2725033 -0.08474037 0.1213379 
0.04594307 -0.4404118 -0.8966188 0.0525537 
-0.2816445 0.8554408 -0.4346175 -0.002808534 
0 0 0 1 
0.9583886 0.2725033 -0.08474037 0.1213379 
0.04594307 -0.4404118 -0.8966188 0.0525537 
-0.2816445 0.8554408 -0.4346175 -0.002808534 
0 0 0 1 
0.9583886 0.2725033 -0.08474037 0.1213379 
0.04594307 -0.4404118 -0.8966188 0.0525537 
-0.2816445 0.8554408 -0.4346175 -0.002808534 
0 0 0 1 
0.9583886 0.2725033 -0.08474037 0.1213379 
0.04594307 -0.4404118 -0.8966188 0.0525537 
-0.2816445 0.8554408 -0.4346175 -0.002808534 
0 0 0 1 
0.9583886 0.2725033 -0.08474037 0.1213379 
0.04594307 -0.4404118 -0.8966188 0.0525537 
-0.2816445 0.8554408 -0.4346175 -0.002808534 
0 0 0 1 
0.9583886 0.2725033 -0.08474037 0.1213379 
0.04594307 -0.4404118 -0.8966188 0.0525537 
-0.2816445 0.8554408 -0.4346175 -0.002808534 
0 0 0 1 
0.9583886 0.2725033 -0.08474037 0.1213379 
0.04594307 -0.4404118 -0.8966188 0.0525537 
-0.2816445 0.8554408 -0.4346175 -0.002808534 
0 0 0 1 
0.9583886 0.2725033 -0.08474037 0.1213379 
0.04594307 -0.4404118 -0.8966188 0.0525537 
-0.2816445 0.8554408 -0.4346175 -0.002808534 
0 0 0 1 
0.9583886 0.2725033 -0.08474037 0.1213379 
0.04594307 -0.4404118 -0.8966188 0.0525537 
-0.2816445 0.8554408 -0.4346175 -0.002808534 
0 0 0 1 
0.9583886 0.2725033 -0.08474037 0.1213379 
0.04594307 -0.4404118 -0.8966188 0.0525537 
-0.2816445 0.8554408 -0.4346175 -0.002808534 
0 0 0 1 
0.9583886 0.2725033 -0.08474037 0.1213379 
0.04594307 -0.4404118 -0.8966188 0.0525537 
-0.2816445 0.8554408 -0.4346175 -0.002808534 
0 0 0 1 
