<?xml version="1.0" encoding="utf-8"?>
<COLLADA xmlns:xsi="http://www.w3.org/2001/XMLSchema-instance" xmlns:xsd="http://www.w3.org/2001/XMLSchema" version="1.4.1" xmlns="http://www.collada.org/2005/11/COLLADASchema">
  <asset>
    <created>2017-06-01T10:06:24.0921746+03:00</created>
    <modified>2017-06-01T10:06:24.0921746+03:00</modified>
    <unit meter="1" name="meter" />
    <up_axis>Y_UP</up_axis>
    <contributor>
      <authoring_tool>Skele: Character Animation Tools</authoring_tool>
      <comments>https://www.assetstore.unity3d.com/en/#!/content/16899</comments>
    </contributor>
    <revision>1.0</revision>
  </asset>
  <library_animation_clips>
    <animation_clip name="KamaraTurnOnSpotRight" start="0" end="1">
      <instance_animation url="KamaraTurnOnSpotRight_0" />
    </animation_clip>
  </library_animation_clips>
  <library_animations>
    <animation id="KamaraTurnOnSpotRight_0" name="KamaraTurnOnSpotRight">
      <animation id="Stomach_0_0-anim" name="Stomach_0_0">
        <source id="Stomach_0_0-Matrix-animation-input">
          <float_array id="Stomach_0_0-Matrix-animation-input-array" count="61">0
0.01666667
0.03333334
0.05
0.06666667
0.08333334
0.1
0.1166667
0.1333333
0.15
0.1666667
0.1833333
0.2
0.2166667
0.2333333
0.25
0.2666667
0.2833334
0.3
0.3166667
0.3333334
0.3500001
0.3666668
0.3833334
0.4000001
0.4166668
0.4333335
0.4500002
0.4666668
0.4833335
0.5000002
0.5166668
0.5333335
0.5500001
0.5666668
0.5833334
0.6000001
0.6166667
0.6333334
0.65
0.6666667
0.6833333
0.7
0.7166666
0.7333333
0.7499999
0.7666666
0.7833332
0.7999999
0.8166665
0.8333332
0.8499998
0.8666665
0.8833331
0.8999998
0.9166664
0.9333331
0.9499997
0.9666664
0.9833331
0.9999997
</float_array>
          <technique_common>
            <accessor count="61" offset="0" source="#Stomach_0_0-Matrix-animation-input-array" stride="1">
              <param name="TIME" type="float" />
            </accessor>
          </technique_common>
        </source>
        <source id="Stomach_0_0-Matrix-animation-output-transform">
          <float_array id="Stomach_0_0-Matrix-animation-output-transform-array" count="976">0.9999252 0.01129257 0.004694119 -0.002288263 
0.004103245 0.05178994 -0.9986496 -0.003246521 
-0.01152042 0.9985942 0.05173975 0.5169836 
0 0 0 1 
0.9999169 0.01223766 0.004054765 -0.002056159 
0.00345751 0.0484373 -0.9988202 -0.001965452 
-0.01241963 0.9987512 0.04839092 0.5168373 
0 0 0 1 
0.9999043 0.01328145 0.003897012 -0.001914666 
0.003287149 0.04563481 -0.9989529 -0.0009463658 
-0.01344538 0.99887 0.04558676 0.516746 
0 0 0 1 
0.9998786 0.01485926 0.004675486 -0.001851625 
0.004037139 0.04270291 -0.9990798 8.463115E-05 
-0.01504524 0.9989774 0.04263771 0.5166916 
0 0 0 1 
0.9998251 0.01741002 0.006839957 -0.001854878 
0.006157337 0.03896451 -0.9992217 0.001401433 
-0.01766299 0.999089 0.03885049 0.5166563 
0 0 0 1 
0.9997296 0.02079264 0.01040607 -0.00191661 
0.009682903 0.03458321 -0.9993549 0.002906893 
-0.02113911 0.9991855 0.03437251 0.516661 
0 0 0 1 
0.9995908 0.02433662 0.01502581 -0.002011804 
0.01428461 0.03034872 -0.9994375 0.004342768 
-0.02477893 0.9992433 0.02998865 0.516713 
0 0 0 1 
0.9994043 0.02769067 0.02060086 -0.002102502 
0.01986861 0.02646369 -0.9994525 0.005741312 
-0.02822067 0.9992664 0.02589774 0.5167744 
0 0 0 1 
0.9991691 0.03050003 0.02703718 -0.002150745 
0.02633713 0.02312523 -0.9993857 0.00713478 
-0.03110653 0.9992673 0.02230275 0.516807 
0 0 0 1 
0.9988737 0.03281445 0.03427278 -0.002192451 
0.03363809 0.01970243 -0.9992399 0.008603111 
-0.03346476 0.9992673 0.01857644 0.516775 
0 0 0 1 
0.9985021 0.03509855 0.04197113 -0.00228925 
0.041439 0.01575369 -0.9990168 0.01009419 
-0.03572524 0.9992597 0.01427561 0.5166767 
0 0 0 1 
0.9980637 0.03740888 0.04969287 -0.002441754 
0.04927534 0.01200229 -0.9987131 0.01144221 
-0.03795717 0.9992279 0.01013571 0.5165259 
0 0 0 1 
0.997581 0.0397877 0.057002 -0.002650575 
0.05668017 0.009171069 -0.9983504 0.01248133 
-0.04024483 0.9991662 0.006893694 0.5163359 
0 0 0 1 
0.9970912 0.04198817 0.06360839 -0.002866396 
0.06334455 0.007585585 -0.997963 0.01310745 
-0.04238514 0.9990894 0.004903793 0.5161127 
0 0 0 1 
0.9966163 0.04369569 0.06961745 -0.003030607 
0.06937552 0.007030785 -0.9975658 0.01335211 
-0.04407879 0.9990202 0.00397557 0.5158491 
0 0 0 1 
0.996163 0.04493606 0.07510001 -0.003129874 
0.07483529 0.00754714 -0.9971673 0.01325296 
-0.04537556 0.9989613 0.004155397 0.5155393 
0 0 0 1 
0.9957349 0.0457363 0.08012558 -0.003150867 
0.07978734 0.009176433 -0.9967697 0.01284762 
-0.04632382 0.9989114 0.005488098 0.5151777 
0 0 0 1 
0.9953449 0.04609175 0.08464119 -0.003066259 
0.08414767 0.01254785 -0.9963743 0.01197139 
-0.0469867 0.9988584 0.008610964 0.5147259 
0 0 0 1 
0.9949925 0.04607356 0.08869679 -0.002887087 
0.08796649 0.01764756 -0.9959671 0.01057958 
-0.04745303 0.9987822 0.01350623 0.5141981 
0 0 0 1 
0.9946788 0.04571719 0.0923264 -0.002657562 
0.09132313 0.02357244 -0.9955423 0.00888994 
-0.04768975 0.9986763 0.01927197 0.5136663 
0 0 0 1 
0.9944026 0.04506575 0.09556364 -0.002421895 
0.09429828 0.02941912 -0.9951091 0.007120181 
-0.04765674 0.9985507 0.0250048 0.5132028 
0 0 0 1 
0.994162 0.04416813 0.09844359 -0.002224296 
0.09697326 0.03428584 -0.9946963 0.005488032 
-0.04730909 0.9984357 0.02980256 0.5128798 
0 0 0 1 
0.9939395 0.04325991 0.101059 -0.002099822 
0.09945636 0.03772593 -0.9943266 0.00416615 
-0.04682701 0.9983515 0.03319484 0.5127021 
0 0 0 1 
0.9937326 0.04246622 0.1034024 -0.002059794 
0.1017115 0.0402208 -0.9940005 0.003099696 
-0.04637037 0.998288 0.03564942 0.512593 
0 0 0 1 
0.9935544 0.04175046 0.1053873 -0.002112819 
0.1036308 0.04221582 -0.9937196 0.002165159 
-0.04593725 0.9982359 0.03761709 0.5125023 
0 0 0 1 
0.9934182 0.04107397 0.106926 -0.002267504 
0.1051069 0.04415697 -0.99348 0.00123903 
-0.0455277 0.9981799 0.03954917 0.5123802 
0 0 0 1 
0.9933374 0.04039686 0.1079301 -0.002532457 
0.1060327 0.04648936 -0.9932754 0.0001977963 
-0.04514279 0.9981017 0.04189622 0.5121765 
0 0 0 1 
0.9933181 0.03989052 0.1082948 -0.00285101 
0.1063066 0.04898757 -0.993126 -0.0008211529 
-0.04492141 0.9980025 0.04441965 0.5119361 
0 0 0 1 
0.9933524 0.03967734 0.1080594 -0.003193574 
0.1059795 0.05124134 -0.9930472 -0.00165339 
-0.04493858 0.9978979 0.04669571 0.5117201 
0 0 0 1 
0.9934296 0.03979558 0.107303 -0.003609367 
0.105119 0.05342555 -0.9930235 -0.002381847 
-0.04525068 0.9977785 0.04889125 0.5115022 
0 0 0 1 
0.9935386 0.04028322 0.106105 -0.004147609 
0.1037925 0.05571455 -0.9930375 -0.003089457 
-0.04591433 0.9976339 0.05117351 0.5112562 
0 0 0 1 
0.9936673 0.04117828 0.104545 -0.004857518 
0.1020667 0.05828238 -0.9930688 -0.003859153 
-0.04698599 0.9974505 0.0537104 0.5109558 
0 0 0 1 
0.993861 0.04213211 0.1023002 -0.005669659 
0.09965117 0.06079406 -0.9931635 -0.00463656 
-0.04806332 0.9972607 0.05622232 0.5106105 
0 0 0 1 
0.9941451 0.04294655 0.09915219 -0.006536928 
0.09635342 0.06296045 -0.993354 -0.00532554 
-0.04890379 0.9970917 0.0584538 0.5102826 
0 0 0 1 
0.9945057 0.043849 0.09505635 -0.007542028 
0.09210364 0.06505311 -0.9936222 -0.005946368 
-0.04975305 0.996918 0.06065702 0.5100248 
0 0 0 1 
0.9949243 0.04506886 0.08996907 -0.008767666 
0.08683001 0.06734103 -0.9939446 -0.00651932 
-0.05085455 0.9967117 0.06308585 0.50989 
0 0 0 1 
0.9954319 0.04485974 0.08427919 -0.01031383 
0.08103359 0.06982303 -0.9942626 -0.007027464 
-0.050487 0.9965501 0.06586891 0.5098542 
0 0 0 1 
0.9959892 0.04255873 0.07870457 -0.01207517 
0.07552287 0.07180834 -0.9945552 -0.00743924 
-0.04797864 0.9965101 0.06830615 0.5099095 
0 0 0 1 
0.9965529 0.03977939 0.07280075 -0.0138264 
0.06973468 0.0736782 -0.994841 -0.007752988 
-0.044938 0.9964883 0.07065022 0.5101326 
0 0 0 1 
0.9970818 0.03814206 0.06612964 -0.01534225 
0.06310031 0.0757972 -0.9951248 -0.007967044 
-0.04296855 0.9963935 0.07316923 0.5106005 
0 0 0 1 
0.997593 0.03797706 0.05801792 -0.01661261 
0.05494611 0.07746327 -0.9954801 -0.008094506 
-0.04229966 0.9962717 0.07519013 0.5113935 
0 0 0 1 
0.9981209 0.03819098 0.04791924 -0.01772542 
0.04479307 0.07888663 -0.9958768 -0.008158452 
-0.0418137 0.9961518 0.07702774 0.5124118 
0 0 0 1 
0.9985747 0.03812193 0.03735211 -0.01860256 
0.0342069 0.08006233 -0.9962027 -0.008172182 
-0.04096767 0.9960606 0.07864422 0.5134614 
0 0 0 1 
0.9989237 0.0371037 0.02783638 -0.01916585 
0.0247577 0.08099765 -0.9964067 -0.008148999 
-0.03922506 0.9960234 0.07999188 0.5143488 
0 0 0 1 
0.9991874 0.03446749 0.02089199 -0.01933715 
0.01801711 0.08170778 -0.9964935 -0.008102203 
-0.03605366 0.9960602 0.08102036 0.5148801 
0 0 0 1 
0.9994003 0.03066168 0.01609175 -0.01909204 
0.01352143 0.08226573 -0.9965187 -0.008040026 
-0.03187874 0.9961386 0.08180177 0.5151268 
0 0 0 1 
0.9995687 0.02664465 0.01234162 -0.01852418 
0.01010233 0.08259976 -0.9965317 -0.007953647 
-0.02757164 0.9962267 0.082295 0.515325 
0 0 0 1 
0.9996974 0.02278961 0.009245001 -0.01773265 
0.007330129 0.08271986 -0.9965459 -0.007830794 
-0.02347563 0.9963123 0.08252782 0.5155283 
0 0 0 1 
0.9997899 0.0194707 0.006405172 -0.01681647 
0.004775209 0.08263624 -0.9965684 -0.007659195 
-0.01993318 0.9963896 0.08252591 0.5157904 
0 0 0 1 
0.9998511 0.01688276 0.003586581 -0.01581897 
0.002185219 0.08230358 -0.996605 -0.00741684 
-0.01712063 0.9964643 0.08225441 0.5161008 
0 0 0 1 
0.9998898 0.01482041 0.0009225374 -0.01473817 
-0.0002905061 0.08163959 -0.9966619 -0.007113067 
-0.01484625 0.9965518 0.08163488 0.5163994 
0 0 0 1 
0.9999134 0.01308494 -0.001423654 -0.01360506 
-0.002473176 0.08054584 -0.9967479 -0.006782623 
-0.01292772 0.9966651 0.08057123 0.5166656 
0 0 0 1 
0.9999288 0.01147776 -0.003288525 -0.01245068 
-0.004184415 0.07892472 -0.9968719 -0.00646026 
-0.0111823 0.9968145 0.07896715 0.5168785 
0 0 0 1 
0.9999412 0.009854436 -0.00452283 -0.01128242 
-0.005266438 0.07678926 -0.9970333 -0.006180209 
-0.009477898 0.9969985 0.07683665 0.5170596 
0 0 0 1 
0.9999526 0.008302229 -0.00511159 -0.01011036 
-0.005713987 0.0742346 -0.9972246 -0.005948095 
-0.00789973 0.9972063 0.07427853 0.5172313 
0 0 0 1 
0.9999627 0.006990557 -0.00509126 -0.008969588 
-0.005578414 0.07153481 -0.9974226 -0.005755747 
-0.006608337 0.9974136 0.07157111 0.5173744 
0 0 0 1 
0.9999714 0.006089136 -0.004500026 -0.007895172 
-0.004909325 0.06896323 -0.9976072 -0.005594999 
-0.005764229 0.9976007 0.06899118 0.5174698 
0 0 0 1 
0.999977 0.006339444 -0.002434755 -0.00649276 
-0.002845669 0.06563818 -0.9978395 -0.005426865 
-0.006165934 0.9978234 0.0656547 0.5174642 
0 0 0 1 
0.9999689 0.007833142 0.0009000222 -0.004717696 
0.000419901 0.06108069 -0.9981327 -0.00509861 
-0.007873489 0.9981021 0.06107551 0.5173492 
0 0 0 1 
0.999945 0.009760724 0.003830843 -0.003129644 
0.00327666 0.0561735 -0.9984156 -0.004431437 
-0.009960452 0.9983733 0.05613846 0.5171729 
0 0 0 1 
0.9999252 0.01129255 0.004694131 -0.002288267 
0.004103257 0.05178994 -0.9986496 -0.003246548 
-0.01152041 0.9985942 0.05173975 0.5169836 
0 0 0 1 
</float_array>
          <technique_common>
            <accessor count="61" offset="0" source="#Stomach_0_0-Matrix-animation-output-transform-array" stride="16">
              <param type="float4x4" />
            </accessor>
          </technique_common>
        </source>
        <source id="Stomach_0_0-Interpolations">
          <Name_array id="Stomach_0_0-Interpolations-array" count="61">LINEAR
LINEAR
LINEAR
LINEAR
LINEAR
LINEAR
LINEAR
LINEAR
LINEAR
LINEAR
LINEAR
LINEAR
LINEAR
LINEAR
LINEAR
LINEAR
LINEAR
LINEAR
LINEAR
LINEAR
LINEAR
LINEAR
LINEAR
LINEAR
LINEAR
LINEAR
LINEAR
LINEAR
LINEAR
LINEAR
LINEAR
LINEAR
LINEAR
LINEAR
LINEAR
LINEAR
LINEAR
LINEAR
LINEAR
LINEAR
LINEAR
LINEAR
LINEAR
LINEAR
LINEAR
LINEAR
LINEAR
LINEAR
LINEAR
LINEAR
LINEAR
LINEAR
LINEAR
LINEAR
LINEAR
LINEAR
LINEAR
LINEAR
LINEAR
LINEAR
LINEAR</Name_array>
          <technique_common>
            <accessor count="61" offset="0" source="#Stomach_0_0-Interpolations-array" stride="1">
              <param type="name" />
            </accessor>
          </technique_common>
        </source>
        <sampler id="Stomach_0_0-Matrix-animation-transform">
          <input semantic="INPUT" source="#Stomach_0_0-Matrix-animation-input" />
          <input semantic="OUTPUT" source="#Stomach_0_0-Matrix-animation-output-transform" />
          <input semantic="INTERPOLATION" source="#Stomach_0_0-Interpolations" />
        </sampler>
        <channel source="#Stomach_0_0-Matrix-animation-transform" target="Stomach/matrix" />
      </animation>
      <animation id="Chest_0_1-anim" name="Chest_0_1">
        <source id="Chest_0_1-Matrix-animation-input">
          <float_array id="Chest_0_1-Matrix-animation-input-array" count="61">0
0.01666667
0.03333334
0.05
0.06666667
0.08333334
0.1
0.1166667
0.1333333
0.15
0.1666667
0.1833333
0.2
0.2166667
0.2333333
0.25
0.2666667
0.2833334
0.3
0.3166667
0.3333334
0.3500001
0.3666668
0.3833334
0.4000001
0.4166668
0.4333335
0.4500002
0.4666668
0.4833335
0.5000002
0.5166668
0.5333335
0.5500001
0.5666668
0.5833334
0.6000001
0.6166667
0.6333334
0.65
0.6666667
0.6833333
0.7
0.7166666
0.7333333
0.7499999
0.7666666
0.7833332
0.7999999
0.8166665
0.8333332
0.8499998
0.8666665
0.8833331
0.8999998
0.9166664
0.9333331
0.9499997
0.9666664
0.9833331
0.9999997
</float_array>
          <technique_common>
            <accessor count="61" offset="0" source="#Chest_0_1-Matrix-animation-input-array" stride="1">
              <param name="TIME" type="float" />
            </accessor>
          </technique_common>
        </source>
        <source id="Chest_0_1-Matrix-animation-output-transform">
          <float_array id="Chest_0_1-Matrix-animation-output-transform-array" count="976">0.9985344 0.05289876 -0.01143295 -4.736007E-15 
-0.05399594 0.9880641 -0.1442699 0.2666135 
0.003664793 0.1446758 0.9894723 -2.82288E-22 
0 0 0 1 
0.9984428 0.05462537 -0.01132072 -4.736007E-15 
-0.05569618 0.9876101 -0.1467109 0.2666135 
0.003166321 0.147113 0.9891146 -2.82288E-22 
0 0 0 1 
0.9983327 0.05626089 -0.01290458 -4.736007E-15 
-0.05755747 0.9871544 -0.1490414 0.2666135 
0.004353611 0.1495356 0.9887468 -2.82288E-22 
0 0 0 1 
0.9981993 0.05780152 -0.01603205 -4.736007E-15 
-0.05956483 0.986699 -0.1512515 0.2666135 
0.007076237 0.1519341 0.9883653 -2.82288E-22 
0 0 0 1 
0.998032 0.05924424 -0.02055062 -4.736007E-15 
-0.06170192 0.9862465 -0.1533314 0.2666135 
0.01118397 0.1542977 0.9879611 -2.82288E-22 
0 0 0 1 
0.9978161 0.06058704 -0.02630767 -4.736007E-15 
-0.06395118 0.9857996 -0.1552716 0.2666135 
0.01652665 0.1566149 0.9875215 -2.82288E-22 
0 0 0 1 
0.9975361 0.0618289 -0.03315035 -4.736007E-15 
-0.06629382 0.985361 -0.1570627 0.2666135 
0.02295405 0.1588733 0.9870321 -2.82288E-22 
0 0 0 1 
0.997176 0.06296985 -0.04092542 -4.736007E-15 
-0.06870989 0.9849337 -0.1586962 0.2666135 
0.03031575 0.16106 0.9864789 -2.82288E-22 
0 0 0 1 
0.9967218 0.064011 -0.04947934 -4.736007E-15 
-0.07117832 0.9845206 -0.1601644 0.2666135 
0.03846115 0.1631612 0.9858494 -2.82288E-22 
0 0 0 1 
0.9961627 0.06495455 -0.05865823 -4.736007E-15 
-0.07367712 0.984125 -0.1614605 0.2666135 
0.04723945 0.1651626 0.9851344 -2.82288E-22 
0 0 0 1 
0.9954918 0.06580379 -0.06830799 -4.736007E-15 
-0.07618336 0.98375 -0.1625787 0.2666135 
0.0564997 0.1670497 0.9843283 -2.82288E-22 
0 0 0 1 
0.9947072 0.06656307 -0.07827453 -4.736007E-15 
-0.07867349 0.9833989 -0.1635146 0.2666135 
0.06609106 0.1688073 0.9834307 -2.82288E-22 
0 0 0 1 
0.9938128 0.0672377 -0.08840391 -4.736007E-15 
-0.08112328 0.9830747 -0.1642649 0.2666135 
0.07586286 0.1704202 0.9824468 -2.82288E-22 
0 0 0 1 
0.9928182 0.06783395 -0.09854256 -4.736007E-15 
-0.08350819 0.9827808 -0.1648276 0.2666135 
0.08566484 0.1718729 0.9813874 -2.82288E-22 
0 0 0 1 
0.9917392 0.06835884 -0.1085376 -4.736007E-15 
-0.08580337 0.9825202 -0.1652019 0.2666135 
0.09534734 0.1731501 0.9802693 -2.82288E-22 
0 0 0 1 
0.9905977 0.0688201 -0.1182369 -4.736007E-15 
-0.08798395 0.982296 -0.1653882 0.2666135 
0.1047616 0.1742361 0.9791153 -2.82288E-22 
0 0 0 1 
0.9894211 0.06922593 -0.1274894 -4.736007E-15 
-0.09002513 0.9821111 -0.165388 0.2666135 
0.1137596 0.1751157 0.9779536 -2.82288E-22 
0 0 0 1 
0.9882421 0.0695849 -0.1361451 -4.736007E-15 
-0.09190242 0.9819682 -0.1652036 0.2666135 
0.1221945 0.1757732 0.9768174 -2.82288E-22 
0 0 0 1 
0.9870974 0.06990566 -0.1440553 -4.736007E-15 
-0.09359165 0.9818701 -0.1648381 0.2666135 
0.1299205 0.1761936 0.9757441 -2.82288E-22 
0 0 0 1 
0.9860272 0.07019674 -0.1510719 -4.736007E-15 
-0.09506924 0.9818192 -0.164295 0.2666135 
0.1367923 0.1763616 0.9747741 -2.82288E-22 
0 0 0 1 
0.9850739 0.07046632 -0.1570478 -4.736007E-15 
-0.09631222 0.9818178 -0.1635779 0.2666135 
0.1426656 0.1762619 0.9739498 -2.82288E-22 
0 0 0 1 
0.9842801 0.07072191 -0.1618364 -4.736007E-15 
-0.09729837 0.981868 -0.1626907 0.2666135 
0.1473962 0.1758796 0.9733143 -2.82288E-22 
0 0 0 1 
0.9837098 0.07078465 -0.1652408 -4.736007E-15 
-0.09785117 0.9819457 -0.1618878 0.2666135 
0.1507983 0.1754196 0.9728761 -2.82288E-22 
0 0 0 1 
0.9833852 0.07050744 -0.1672788 -4.736007E-15 
-0.09786613 0.9820232 -0.1614081 0.2666135 
0.1528912 0.1750973 0.9726074 -2.82288E-22 
0 0 0 1 
0.9832981 0.06992947 -0.1680317 -4.736007E-15 
-0.09739617 0.9820991 -0.1612303 0.2666135 
0.153749 0.1749031 0.9725071 -2.82288E-22 
0 0 0 1 
0.9834347 0.06909042 -0.1675792 -4.736007E-15 
-0.09649277 0.9821718 -0.1613307 0.2666135 
0.1534451 0.1748283 0.9725686 -2.82288E-22 
0 0 0 1 
0.9837763 0.06803048 -0.1660002 -4.736007E-15 
-0.09520643 0.9822392 -0.1616842 0.2666135 
0.1520525 0.1748654 0.9727806 -2.82288E-22 
0 0 0 1 
0.984301 0.06679018 -0.1633729 -4.736007E-15 
-0.09358685 0.9822991 -0.1622649 0.2666135 
0.1496434 0.175007 0.9731287 -2.82288E-22 
0 0 0 1 
0.984984 0.06541032 -0.1597751 -4.736007E-15 
-0.09168318 0.9823493 -0.1630459 0.2666135 
0.1462901 0.1752463 0.9735954 -2.82288E-22 
0 0 0 1 
0.985799 0.06393196 -0.1552842 -4.736007E-15 
-0.08954427 0.9823877 -0.1640003 0.2666135 
0.1420645 0.1755761 0.9741616 -2.82288E-22 
0 0 0 1 
0.9867185 0.06239631 -0.1499776 -4.736007E-15 
-0.08721882 0.9824125 -0.1651013 0.2666135 
0.1370382 0.1759893 0.9748068 -2.82288E-22 
0 0 0 1 
0.9877151 0.06084466 -0.1439331 -4.736007E-15 
-0.08475564 0.9824221 -0.1663223 0.2666135 
0.1312833 0.1764782 0.9755102 -2.82288E-22 
0 0 0 1 
0.9887617 0.05931831 -0.1372286 -4.736007E-15 
-0.08220372 0.9824154 -0.1676375 0.2666135 
0.1248715 0.1770343 0.9762509 -2.82288E-22 
0 0 0 1 
0.989832 0.05785855 -0.1299426 -4.736007E-15 
-0.07961243 0.9823916 -0.169022 0.2666135 
0.1178751 0.1776485 0.9770089 -2.82288E-22 
0 0 0 1 
0.9909013 0.05650656 -0.1221541 -4.736007E-15 
-0.07703153 0.9823503 -0.1704519 0.2666135 
0.1103665 0.1783107 0.9777651 -2.82288E-22 
0 0 0 1 
0.9919469 0.05530333 -0.1139428 -4.736007E-15 
-0.07451133 0.9822916 -0.1719044 0.2666135 
0.1024182 0.17901 0.9785019 -2.82288E-22 
0 0 0 1 
0.9929481 0.05428959 -0.1053888 -4.736007E-15 
-0.07210258 0.9822159 -0.1733582 0.2666135 
0.09410304 0.1797345 0.9792038 -2.82288E-22 
0 0 0 1 
0.9938867 0.05350581 -0.09657297 -4.736007E-15 
-0.0698567 0.9821239 -0.1747933 0.2666135 
0.08549416 0.180471 0.9798576 -2.82288E-22 
0 0 0 1 
0.9947473 0.05299211 -0.08757645 -4.736007E-15 
-0.06782559 0.9820164 -0.1761912 0.2666135 
0.07666476 0.1812057 0.9804525 -2.82288E-22 
0 0 0 1 
0.995517 0.05278823 -0.07848093 -4.736007E-15 
-0.06606174 0.9818947 -0.1775348 0.2666135 
0.06768826 0.1819235 0.9809802 -2.82288E-22 
0 0 0 1 
0.9961858 0.05293353 -0.0693683 -4.736007E-15 
-0.0646181 0.9817597 -0.1788082 0.2666135 
0.05863805 0.1826086 0.9814355 -2.82288E-22 
0 0 0 1 
0.9967461 0.05346696 -0.06032065 -4.736007E-15 
-0.06354816 0.9816122 -0.1799971 0.2666135 
0.0495876 0.1832446 0.9818159 -2.82288E-22 
0 0 0 1 
0.9971929 0.05442711 -0.05142009 -4.736007E-15 
-0.0629058 0.9814529 -0.1810879 0.2666135 
0.04061032 0.1838141 0.9821218 -2.82288E-22 
0 0 0 1 
0.9975235 0.0558522 -0.04274872 -4.736007E-15 
-0.06274533 0.9812819 -0.1820681 0.2666135 
0.03177964 0.1842995 0.9823562 -2.82288E-22 
0 0 0 1 
0.9977369 0.05778014 -0.03438833 -4.736007E-15 
-0.06312137 0.9810982 -0.1829261 0.2666135 
0.02316883 0.1846828 0.9825251 -2.82288E-22 
0 0 0 1 
0.9978595 0.05955281 -0.02701622 -4.736007E-15 
-0.06350535 0.9810526 -0.1830373 0.2666135 
0.01560395 0.1843611 0.9827347 -2.82288E-22 
0 0 0 1 
0.9979417 0.06055046 -0.02111738 -4.736007E-15 
-0.06338852 0.9812654 -0.1819339 0.2666135 
0.009705575 0.182898 0.983084 -2.82288E-22 
0 0 0 1 
0.9980084 0.06087297 -0.01654533 -4.736007E-15 
-0.0628586 0.9816927 -0.1798002 0.2666135 
0.005297457 0.1804821 0.983564 -2.82288E-22 
0 0 0 1 
0.9980739 0.06062545 -0.01315523 -4.736007E-15 
-0.06199722 0.9822882 -0.1768222 0.2666135 
0.0022023 0.1772972 0.9841549 -2.82288E-22 
0 0 0 1 
0.9981449 0.05991641 -0.010803 -4.736007E-15 
-0.06088204 0.9830052 -0.1731877 0.2666135 
0.0002426167 0.1735242 0.9848296 -2.82288E-22 
0 0 0 1 
0.9982227 0.05885623 -0.009344496 -4.736007E-15 
-0.05958859 0.9837983 -0.169086 0.2666135 
-0.0007586631 0.1693422 0.985557 -2.82288E-22 
0 0 0 1 
0.998305 0.05755595 -0.008634843 -4.736007E-15 
-0.05819186 0.9846244 -0.1647068 0.2666135 
-0.0009777799 0.1649301 0.9863048 -2.82288E-22 
0 0 0 1 
0.9983873 0.05612635 -0.008527974 -4.736007E-15 
-0.05676747 0.9854442 -0.1602408 0.2666135 
-0.000589892 0.1604665 0.9870411 -2.82288E-22 
0 0 0 1 
0.9984646 0.05467717 -0.008876355 -4.736007E-15 
-0.05539251 0.9862217 -0.155879 0.2666135 
0.0002310319 0.1561313 0.9877363 -2.82288E-22 
0 0 0 1 
0.9985322 0.05331666 -0.009530926 -4.736007E-15 
-0.05414594 0.9869251 -0.1518121 0.2666135 
0.001312197 0.1521053 0.9883634 -2.82288E-22 
0 0 0 1 
0.9985856 0.05215139 -0.01034129 -4.736007E-15 
-0.05310886 0.9875256 -0.148231 0.2666135 
0.00248184 0.1485705 0.9888987 -2.82288E-22 
0 0 0 1 
0.9986217 0.05128633 -0.01115605 -4.736007E-15 
-0.05236419 0.9879971 -0.1453261 0.2666135 
0.003568902 0.1457099 0.9893209 -2.82288E-22 
0 0 0 1 
0.9986376 0.05082518 -0.01182336 -4.736007E-15 
-0.05199623 0.9883142 -0.1432876 0.2666135 
0.004402576 0.1437071 0.9896105 -2.82288E-22 
0 0 0 1 
0.9986308 0.05087103 -0.01219172 -4.736007E-15 
-0.0520898 0.9884512 -0.1423054 0.2666135 
0.004811706 0.1427456 0.9897477 -2.82288E-22 
0 0 0 1 
0.9985982 0.05152725 -0.01211088 -4.736007E-15 
-0.05272903 0.9883792 -0.1425694 0.2666135 
0.004623934 0.1430081 0.9897107 -2.82288E-22 
0 0 0 1 
0.9985344 0.05289873 -0.01143295 -4.736007E-15 
-0.05399591 0.9880641 -0.1442698 0.2666135 
0.003664793 0.1446757 0.9894723 -2.82288E-22 
0 0 0 1 
</float_array>
          <technique_common>
            <accessor count="61" offset="0" source="#Chest_0_1-Matrix-animation-output-transform-array" stride="16">
              <param type="float4x4" />
            </accessor>
          </technique_common>
        </source>
        <source id="Chest_0_1-Interpolations">
          <Name_array id="Chest_0_1-Interpolations-array" count="61">LINEAR
LINEAR
LINEAR
LINEAR
LINEAR
LINEAR
LINEAR
LINEAR
LINEAR
LINEAR
LINEAR
LINEAR
LINEAR
LINEAR
LINEAR
LINEAR
LINEAR
LINEAR
LINEAR
LINEAR
LINEAR
LINEAR
LINEAR
LINEAR
LINEAR
LINEAR
LINEAR
LINEAR
LINEAR
LINEAR
LINEAR
LINEAR
LINEAR
LINEAR
LINEAR
LINEAR
LINEAR
LINEAR
LINEAR
LINEAR
LINEAR
LINEAR
LINEAR
LINEAR
LINEAR
LINEAR
LINEAR
LINEAR
LINEAR
LINEAR
LINEAR
LINEAR
LINEAR
LINEAR
LINEAR
LINEAR
LINEAR
LINEAR
LINEAR
LINEAR
LINEAR</Name_array>
          <technique_common>
            <accessor count="61" offset="0" source="#Chest_0_1-Interpolations-array" stride="1">
              <param type="name" />
            </accessor>
          </technique_common>
        </source>
        <sampler id="Chest_0_1-Matrix-animation-transform">
          <input semantic="INPUT" source="#Chest_0_1-Matrix-animation-input" />
          <input semantic="OUTPUT" source="#Chest_0_1-Matrix-animation-output-transform" />
          <input semantic="INTERPOLATION" source="#Chest_0_1-Interpolations" />
        </sampler>
        <channel source="#Chest_0_1-Matrix-animation-transform" target="Chest/matrix" />
      </animation>
      <animation id="LeftThigh_0_2-anim" name="LeftThigh_0_2">
        <source id="LeftThigh_0_2-Matrix-animation-input">
          <float_array id="LeftThigh_0_2-Matrix-animation-input-array" count="61">0
0.01666667
0.03333334
0.05
0.06666667
0.08333334
0.1
0.1166667
0.1333333
0.15
0.1666667
0.1833333
0.2
0.2166667
0.2333333
0.25
0.2666667
0.2833334
0.3
0.3166667
0.3333334
0.3500001
0.3666668
0.3833334
0.4000001
0.4166668
0.4333335
0.4500002
0.4666668
0.4833335
0.5000002
0.5166668
0.5333335
0.5500001
0.5666668
0.5833334
0.6000001
0.6166667
0.6333334
0.65
0.6666667
0.6833333
0.7
0.7166666
0.7333333
0.7499999
0.7666666
0.7833332
0.7999999
0.8166665
0.8333332
0.8499998
0.8666665
0.8833331
0.8999998
0.9166664
0.9333331
0.9499997
0.9666664
0.9833331
0.9999997
</float_array>
          <technique_common>
            <accessor count="61" offset="0" source="#LeftThigh_0_2-Matrix-animation-input-array" stride="1">
              <param name="TIME" type="float" />
            </accessor>
          </technique_common>
        </source>
        <source id="LeftThigh_0_2-Matrix-animation-output-transform">
          <float_array id="LeftThigh_0_2-Matrix-animation-output-transform-array" count="976">0.9930136 -0.1172734 0.01070619 0.1213365 
-0.1176201 -0.9921682 0.04203258 0.05255294 
0.005692881 -0.04299943 -0.9990583 -0.002807304 
0 0 0 1 
0.9923866 -0.1227669 0.006409126 0.1213365 
-0.1229247 -0.9915296 0.04192226 0.05255294 
0.001208138 -0.04239215 -0.9990998 -0.002807304 
0 0 0 1 
0.9918662 -0.127064 1.601455E-05 0.1213365 
-0.1269493 -0.9910213 0.04194539 0.05255294 
-0.005313733 -0.04160745 -0.9991192 -0.002807304 
0 0 0 1 
0.9913082 -0.1312077 -0.006049971 0.1213365 
-0.1308372 -0.9905074 0.04213392 0.05255294 
-0.01152052 -0.04097732 -0.999093 -0.002807304 
0 0 0 1 
0.9906027 -0.1362447 -0.00936496 0.1213365 
-0.1357292 -0.9898328 0.04251211 0.05255294 
-0.01506138 -0.04084269 -0.9990514 -0.002807304 
0 0 0 1 
0.9896973 -0.1423775 -0.01311581 0.1213365 
-0.1416857 -0.9889536 0.04352227 0.05255294 
-0.01916699 -0.04121674 -0.9989657 -0.002807304 
0 0 0 1 
0.9887041 -0.1489081 -0.01532187 0.1213365 
-0.1480807 -0.9879333 0.04536578 0.05255294 
-0.02189172 -0.04258569 -0.9988522 -0.002807304 
0 0 0 1 
0.9876008 -0.1559728 -0.01617102 0.1213365 
-0.155049 -0.9867533 0.04770771 0.05255294 
-0.02339726 -0.04461015 -0.9987299 -0.002807304 
0 0 0 1 
0.9863541 -0.1637035 -0.01585431 0.1213365 
-0.1627274 -0.9853916 0.05021381 0.05255294 
-0.02384222 -0.04695002 -0.9986121 -0.002807304 
0 0 0 1 
0.9849821 -0.1718432 -0.01499117 0.1213365 
-0.1708597 -0.9839272 0.05188995 0.05255294 
-0.02366649 -0.04855069 -0.9985399 -0.002807304 
0 0 0 1 
0.9836145 -0.1795328 -0.01467793 0.1213365 
-0.1785435 -0.9825345 0.05240441 0.05255294 
-0.02382921 -0.04892651 -0.9985176 -0.002807304 
0 0 0 1 
0.9823509 -0.1862143 -0.01599281 0.1213365 
-0.1851528 -0.9813094 0.05242275 0.05255294 
-0.02545505 -0.04853784 -0.9984964 -0.002807304 
0 0 0 1 
0.981294 -0.1913297 -0.02000345 0.1213365 
-0.1900641 -0.9803593 0.05261933 0.05255294 
-0.02967739 -0.04783448 -0.9984137 -0.002807304 
0 0 0 1 
0.9804214 -0.1948717 -0.02727881 0.1213365 
-0.1932194 -0.9796829 0.0537152 0.05255294 
-0.03719112 -0.04739411 -0.9981832 -0.002807304 
0 0 0 1 
0.9795984 -0.1974112 -0.03689447 0.1213365 
-0.1952066 -0.9791652 0.05592338 0.05255294 
-0.04716437 -0.04758178 -0.9977526 -0.002807304 
0 0 0 1 
0.9787514 -0.1992513 -0.04785295 0.1213365 
-0.1963468 -0.9787468 0.05916049 0.05255294 
-0.05862211 -0.04850904 -0.9971002 -0.002807304 
0 0 0 1 
0.9778376 -0.2006982 -0.05915794 0.1213365 
-0.1969624 -0.9783615 0.06334283 0.05255294 
-0.07058868 -0.05028856 -0.9962364 -0.002807304 
0 0 0 1 
0.9768084 -0.2021244 -0.07026132 0.1213365 
-0.1973301 -0.9778663 0.06954024 0.05255294 
-0.08275966 -0.05406438 -0.9951012 -0.002807304 
0 0 0 1 
0.975655 -0.2036149 -0.08114319 0.1213365 
-0.1974272 -0.9771973 0.07813632 0.05255294 
-0.0952 -0.06021596 -0.9936344 -0.002807304 
0 0 0 1 
0.9744666 -0.2049924 -0.09131706 0.1213365 
-0.1971402 -0.9764128 0.08804154 0.05255294 
-0.107208 -0.06779324 -0.9919217 -0.002807304 
0 0 0 1 
0.9733592 -0.2060502 -0.1003059 0.1213365 
-0.1963966 -0.9755968 0.09816664 0.05255294 
-0.1180821 -0.07585386 -0.9901014 -0.002807304 
0 0 0 1 
0.9724681 -0.2065549 -0.1076426 0.1213365 
-0.1951627 -0.9748684 0.1074264 0.05255294 
-0.1271233 -0.08346334 -0.988368 -0.002807304 
0 0 0 1 
0.971796 -0.2065972 -0.1134736 0.1213365 
-0.1937001 -0.9743052 0.1149249 0.05255294 
-0.1342973 -0.08970629 -0.9868715 -0.002807304 
0 0 0 1 
0.9712491 -0.2060953 -0.118938 0.1213365 
-0.1918548 -0.9739496 0.1208788 0.05255294 
-0.1407483 -0.09458731 -0.9855157 -0.002807304 
0 0 0 1 
0.9708272 -0.2045366 -0.1249224 0.1213365 
-0.1889779 -0.9738842 0.1258354 0.05255294 
-0.1473938 -0.09855972 -0.9841538 -0.002807304 
0 0 0 1 
0.9704997 -0.201419 -0.132314 0.1213365 
-0.1844022 -0.9741709 0.1303264 0.05255294 
-0.1551423 -0.1020857 -0.9826023 -0.002807304 
0 0 0 1 
0.9701899 -0.1962486 -0.1420014 0.1213365 
-0.177442 -0.9748465 0.1348581 0.05255294 
-0.1648907 -0.105644 -0.9806364 -0.002807304 
0 0 0 1 
0.9698508 -0.1902472 -0.152124 0.1213365 
-0.169554 -0.9756513 0.13912 0.05255294 
-0.1748823 -0.1091356 -0.9785208 -0.002807304 
0 0 0 1 
0.9696057 -0.1838518 -0.1612753 0.1213365 
-0.1615022 -0.9765658 0.1422479 0.05255294 
-0.1836434 -0.1118813 -0.9766037 -0.002807304 
0 0 0 1 
0.9694818 -0.1755174 -0.1710123 0.1213365 
-0.1516554 -0.9779059 0.1438727 0.05255294 
-0.1924807 -0.1135503 -0.9747073 -0.002807304 
0 0 0 1 
0.9693865 -0.1636851 -0.1828757 0.1213365 
-0.1383733 -0.9799197 0.1435587 0.05255294 
-0.2026962 -0.1138621 -0.9725978 -0.002807304 
0 0 0 1 
0.9690499 -0.1467663 -0.1983647 0.1213365 
-0.1200172 -0.9827402 0.1407708 0.05255294 
-0.2155954 -0.11261 -0.9699659 -0.002807304 
0 0 0 1 
0.9680482 -0.1251265 -0.2171925 0.1213365 
-0.09714549 -0.9860623 0.1350675 0.05255294 
-0.2310594 -0.1096558 -0.9667384 -0.002807304 
0 0 0 1 
0.966224 -0.1003529 -0.2372492 0.1213365 
-0.07167309 -0.9893643 0.1265731 0.05255294 
-0.247421 -0.1052966 -0.9631671 -0.002807304 
0 0 0 1 
0.9635528 -0.07271285 -0.2573438 0.1213365 
-0.04402988 -0.992329 0.1155168 0.05255294 
-0.2637619 -0.09997859 -0.9593899 -0.002807304 
0 0 0 1 
0.9601019 -0.04251054 -0.2763051 0.1213365 
-0.01462672 -0.9946558 0.1022037 0.05255294 
-0.2791654 -0.09408722 -0.9556196 -0.002807304 
0 0 0 1 
0.955816 -0.01073491 -0.2936809 0.1213365 
0.01536769 -0.9961393 0.08643042 0.05255294 
-0.2934667 -0.0871273 -0.9519876 -0.002807304 
0 0 0 1 
0.9506563 0.02668576 -0.3090129 0.1213365 
0.05016582 -0.9964031 0.06829287 0.05255294 
-0.3060704 -0.08042725 -0.9486022 -0.002807304 
0 0 0 1 
0.9447519 0.06357862 -0.3214818 0.1213365 
0.08359434 -0.995302 0.04883774 0.05255294 
-0.3168577 -0.07301572 -0.9456549 -0.002807304 
0 0 0 1 
0.939077 0.09381001 -0.3305809 0.1213365 
0.1095682 -0.993546 0.02932481 0.05255294 
-0.3256874 -0.06376125 -0.9433212 -0.002807304 
0 0 0 1 
0.9332315 0.1237292 -0.3372245 0.1213365 
0.1349592 -0.9908004 0.009976826 0.05255294 
-0.3328784 -0.05482382 -0.9413708 -0.002807304 
0 0 0 1 
0.9272158 0.1530771 -0.3417442 0.1213365 
0.1596832 -0.9871275 -0.008888079 0.05255294 
-0.3386962 -0.04633099 -0.9397504 -0.002807304 
0 0 0 1 
0.9219067 0.1794247 -0.3432874 0.1213365 
0.1817166 -0.9830126 -0.02575526 0.05255294 
-0.3420674 -0.03863821 -0.9388766 -0.002807304 
0 0 0 1 
0.9183789 0.2003732 -0.3411489 0.1213365 
0.1991147 -0.9791956 -0.03907772 0.05255294 
-0.341872 -0.03204054 -0.9391962 -0.002807304 
0 0 0 1 
0.9177815 0.2135617 -0.3346943 0.1213365 
0.2099658 -0.976561 -0.04733372 0.05255294 
-0.3369486 -0.02683312 -0.9411367 -0.002807304 
0 0 0 1 
0.9203722 0.2187302 -0.3240735 0.1213365 
0.2137795 -0.9755347 -0.05125707 0.05255294 
-0.3273473 -0.02210531 -0.9446416 -0.002807304 
0 0 0 1 
0.9254248 0.217641 -0.3101168 0.1213365 
0.2117847 -0.9758848 -0.05285279 0.05255294 
-0.3141325 -0.0167672 -0.9492277 -0.002807304 
0 0 0 1 
0.9324697 0.2107748 -0.2932994 0.1213365 
0.2044125 -0.977473 -0.05253121 0.05255294 
-0.2977561 -0.01097062 -0.9545758 -0.002807304 
0 0 0 1 
0.9409538 0.1985979 -0.2740695 0.1213365 
0.1920662 -0.9800687 -0.0507311 0.05255294 
-0.2786743 -0.004904019 -0.9603704 -0.002807304 
0 0 0 1 
0.9504936 0.1813159 -0.2522594 0.1213365 
0.1749202 -0.9834238 -0.04773055 0.05255294 
-0.2567252 0.001242358 -0.966481 -0.002807304 
0 0 0 1 
0.9602985 0.1600186 -0.2284037 0.1213365 
0.1540778 -0.9870907 -0.04371107 0.05255294 
-0.2324432 0.006783942 -0.9725843 -0.002807304 
0 0 0 1 
0.9693834 0.1364087 -0.2040468 0.1213365 
0.1312033 -0.9905924 -0.03887285 0.05255294 
-0.2074241 0.01091139 -0.9781885 -0.002807304 
0 0 0 1 
0.9770661 0.1122674 -0.1807859 0.1213365 
0.1080057 -0.9935935 -0.03326229 0.05255294 
-0.1833567 0.01297392 -0.9829596 -0.002807304 
0 0 0 1 
0.9831894 0.08846823 -0.1595522 0.1213365 
0.08533366 -0.9960023 -0.0263907 0.05255294 
-0.1612446 0.01233225 -0.9868359 -0.002807304 
0 0 0 1 
0.9880116 0.06485662 -0.1398967 0.1213365 
0.06291417 -0.9978516 -0.01825516 0.05255294 
-0.1407762 0.00923509 -0.9899972 -0.002807304 
0 0 0 1 
0.9917222 0.04167999 -0.1212181 0.1213365 
0.04082875 -0.9991207 -0.009489413 0.05255294 
-0.1215037 0.004461807 -0.9925798 -0.002807304 
0 0 0 1 
0.9944748 0.01915537 -0.102941 0.1213365 
0.01917926 -0.9998156 -0.0007525787 0.05255294 
-0.1029336 -0.001225948 -0.9946865 -0.002807304 
0 0 0 1 
0.9970298 -0.01212091 -0.07568371 0.1213365 
-0.01126905 -0.9998682 0.01166828 0.05255294 
-0.07581307 -0.01078105 -0.997063 -0.002807304 
0 0 0 1 
0.9977206 -0.05782427 -0.03395703 0.1213365 
-0.05693393 -0.9980237 0.02658119 0.05255294 
-0.03542598 -0.02458801 -0.999069 -0.002807304 
0 0 0 1 
0.9950694 -0.09887733 0.001899594 0.1213365 
-0.09887547 -0.9943806 0.03781215 0.05255294 
-0.001849794 -0.03781464 -0.9992824 -0.002807304 
0 0 0 1 
0.9930136 -0.1172734 0.01070643 0.1213365 
-0.1176201 -0.9921682 0.04203259 0.05255294 
0.005693118 -0.04299947 -0.9990583 -0.002807304 
0 0 0 1 
</float_array>
          <technique_common>
            <accessor count="61" offset="0" source="#LeftThigh_0_2-Matrix-animation-output-transform-array" stride="16">
              <param type="float4x4" />
            </accessor>
          </technique_common>
        </source>
        <source id="LeftThigh_0_2-Interpolations">
          <Name_array id="LeftThigh_0_2-Interpolations-array" count="61">LINEAR
LINEAR
LINEAR
LINEAR
LINEAR
LINEAR
LINEAR
LINEAR
LINEAR
LINEAR
LINEAR
LINEAR
LINEAR
LINEAR
LINEAR
LINEAR
LINEAR
LINEAR
LINEAR
LINEAR
LINEAR
LINEAR
LINEAR
LINEAR
LINEAR
LINEAR
LINEAR
LINEAR
LINEAR
LINEAR
LINEAR
LINEAR
LINEAR
LINEAR
LINEAR
LINEAR
LINEAR
LINEAR
LINEAR
LINEAR
LINEAR
LINEAR
LINEAR
LINEAR
LINEAR
LINEAR
LINEAR
LINEAR
LINEAR
LINEAR
LINEAR
LINEAR
LINEAR
LINEAR
LINEAR
LINEAR
LINEAR
LINEAR
LINEAR
LINEAR
LINEAR</Name_array>
          <technique_common>
            <accessor count="61" offset="0" source="#LeftThigh_0_2-Interpolations-array" stride="1">
              <param type="name" />
            </accessor>
          </technique_common>
        </source>
        <sampler id="LeftThigh_0_2-Matrix-animation-transform">
          <input semantic="INPUT" source="#LeftThigh_0_2-Matrix-animation-input" />
          <input semantic="OUTPUT" source="#LeftThigh_0_2-Matrix-animation-output-transform" />
          <input semantic="INTERPOLATION" source="#LeftThigh_0_2-Interpolations" />
        </sampler>
        <channel source="#LeftThigh_0_2-Matrix-animation-transform" target="LeftThigh/matrix" />
      </animation>
      <animation id="RightThigh_0_3-anim" name="RightThigh_0_3">
        <source id="RightThigh_0_3-Matrix-animation-input">
          <float_array id="RightThigh_0_3-Matrix-animation-input-array" count="61">0
0.01666667
0.03333334
0.05
0.06666667
0.08333334
0.1
0.1166667
0.1333333
0.15
0.1666667
0.1833333
0.2
0.2166667
0.2333333
0.25
0.2666667
0.2833334
0.3
0.3166667
0.3333334
0.3500001
0.3666668
0.3833334
0.4000001
0.4166668
0.4333335
0.4500002
0.4666668
0.4833335
0.5000002
0.5166668
0.5333335
0.5500001
0.5666668
0.5833334
0.6000001
0.6166667
0.6333334
0.65
0.6666667
0.6833333
0.7
0.7166666
0.7333333
0.7499999
0.7666666
0.7833332
0.7999999
0.8166665
0.8333332
0.8499998
0.8666665
0.8833331
0.8999998
0.9166664
0.9333331
0.9499997
0.9666664
0.9833331
0.9999997
</float_array>
          <technique_common>
            <accessor count="61" offset="0" source="#RightThigh_0_3-Matrix-animation-input-array" stride="1">
              <param name="TIME" type="float" />
            </accessor>
          </technique_common>
        </source>
        <source id="RightThigh_0_3-Matrix-animation-output-transform">
          <float_array id="RightThigh_0_3-Matrix-animation-output-transform-array" count="976">0.9963834 0.01455239 0.08337832 -0.1208393 
0.01385613 -0.999864 0.008918511 0.05255294 
0.08349446 -0.007731179 -0.9964774 -0.002807333 
0 0 0 1 
0.9955772 0.009550936 0.09315763 -0.1208393 
0.009636085 -0.9999531 -0.0004671502 0.05255294 
0.09314626 0.001362798 -0.9956505 -0.002807333 
0 0 0 1 
0.9948708 0.002287076 0.1008484 -0.1208393 
0.003102085 -0.9999638 -0.007926318 0.05255294 
0.1008237 0.008198741 -0.9948699 -0.002807333 
0 0 0 1 
0.9940677 -0.004596177 0.1084075 -0.1208393 
-0.002934132 -0.9998755 -0.01548523 0.05255294 
0.1084622 0.01507572 -0.9939852 -0.002807333 
0 0 0 1 
0.9929723 -0.008522454 0.1178014 -0.1208393 
-0.005596498 -0.9996682 -0.02514518 0.05255294 
0.1179733 0.0243099 -0.9927183 -0.002807333 
0 0 0 1 
0.9916202 -0.01469276 0.1281314 -0.1208393 
-0.01020012 -0.9993122 -0.03564645 0.05255294 
0.1285634 0.03404177 -0.9911157 -0.002807333 
0 0 0 1 
0.9901866 -0.02091155 0.1379768 -0.1208393 
-0.01478626 -0.9988652 -0.04526724 0.05255294 
0.138763 0.04278408 -0.9893996 -0.002807333 
0 0 0 1 
0.9884695 -0.02763947 0.1486887 -0.1208393 
-0.01959283 -0.9982768 -0.05530905 0.05255294 
0.149957 0.05175958 -0.9873354 -0.002807333 
0 0 0 1 
0.9861967 -0.03538877 0.1615813 -0.1208393 
-0.02479864 -0.9974385 -0.0670894 0.05255294 
0.1635371 0.06215814 -0.9845756 -0.002807333 
0 0 0 1 
0.983062 -0.04426407 0.1776931 -0.1208393 
-0.03005432 -0.9961893 -0.08187398 0.05255294 
0.1806351 0.07514891 -0.9806735 -0.002807333 
0 0 0 1 
0.9790916 -0.05373084 0.1960563 -0.1208393 
-0.0348449 -0.9945232 -0.0985343 0.05255294 
0.2002714 0.08964514 -0.9756289 -0.002807333 
0 0 0 1 
0.9745285 -0.06331354 0.2150153 -0.1208393 
-0.03914697 -0.9926116 -0.1148463 0.05255294 
0.2206918 0.1035068 -0.9698339 -0.002807333 
0 0 0 1 
0.9697499 -0.07241226 0.2329979 -0.1208393 
-0.04308398 -0.9907619 -0.1285858 0.05255294 
0.24015 0.1146609 -0.9639381 -0.002807333 
0 0 0 1 
0.9648535 -0.08121613 0.2498176 -0.1208393 
-0.04729314 -0.9891743 -0.1389147 0.05255294 
0.2583881 0.1222212 -0.9582759 -0.002807333 
0 0 0 1 
0.9598901 -0.09013587 0.2653941 -0.1208393 
-0.0521653 -0.9877897 -0.1467986 0.05255294 
0.2753777 0.1270698 -0.9528983 -0.002807333 
0 0 0 1 
0.9552888 -0.09883775 0.2785721 -0.1208393 
-0.0575601 -0.9866026 -0.1526495 0.05255294 
0.2899193 0.1297935 -0.9482061 -0.002807333 
0 0 0 1 
0.951542 -0.1070108 0.2882099 -0.1208393 
-0.06332691 -0.9855892 -0.1568545 0.05255294 
0.3008333 0.131006 -0.9446326 -0.002807333 
0 0 0 1 
0.9494107 -0.1140896 0.2924917 -0.1208393 
-0.06931945 -0.9848222 -0.159121 0.05255294 
0.3061978 0.1307996 -0.9429358 -0.002807333 
0 0 0 1 
0.9489126 -0.1196826 0.2918727 -0.1208393 
-0.07521147 -0.9843907 -0.1591146 0.05255294 
0.3063516 0.1290374 -0.9431286 -0.002807333 
0 0 0 1 
0.9494081 -0.1235986 0.2886109 -0.1208393 
-0.08036268 -0.9842984 -0.1571548 0.05255294 
0.303495 0.1260142 -0.94446 -0.002807333 
0 0 0 1 
0.9502461 -0.1256461 0.2849456 -0.1208393 
-0.08411936 -0.9845467 -0.1535934 0.05255294 
0.2998324 0.1219856 -0.9461575 -0.002807333 
0 0 0 1 
0.950798 -0.1256163 0.2831115 -0.1208393 
-0.08583827 -0.9851331 -0.1488081 0.05255294 
0.297587 0.1171881 -0.9474719 -0.002807333 
0 0 0 1 
