<?xml version="1.0" encoding="utf-8"?>
<COLLADA xmlns:xsi="http://www.w3.org/2001/XMLSchema-instance" xmlns:xsd="http://www.w3.org/2001/XMLSchema" version="1.4.1" xmlns="http://www.collada.org/2005/11/COLLADASchema">
  <asset>
    <created>2017-06-01T10:06:24.5820215+03:00</created>
    <modified>2017-06-01T10:06:24.5820215+03:00</modified>
    <unit meter="1" name="meter" />
    <up_axis>Y_UP</up_axis>
    <contributor>
      <authoring_tool>Skele: Character Animation Tools</authoring_tool>
      <comments>https://www.assetstore.unity3d.com/en/#!/content/16899</comments>
    </contributor>
    <revision>1.0</revision>
  </asset>
  <library_animation_clips>
    <animation_clip name="KamaraWalkBackward" start="0" end="1.1833332777023315">
      <instance_animation url="KamaraWalkBackward_0" />
    </animation_clip>
  </library_animation_clips>
  <library_animations>
    <animation id="KamaraWalkBackward_0" name="KamaraWalkBackward">
      <animation id="Chest_0_0-anim" name="Chest_0_0">
        <source id="Chest_0_0-Matrix-animation-input">
          <float_array id="Chest_0_0-Matrix-animation-input-array" count="72">0
0.01666667
0.03333334
0.05
0.06666667
0.08333334
0.1
0.1166667
0.1333333
0.15
0.1666667
0.1833333
0.2
0.2166667
0.2333333
0.25
0.2666667
0.2833334
0.3
0.3166667
0.3333334
0.3500001
0.3666668
0.3833334
0.4000001
0.4166668
0.4333335
0.4500002
0.4666668
0.4833335
0.5000002
0.5166668
0.5333335
0.5500001
0.5666668
0.5833334
0.6000001
0.6166667
0.6333334
0.65
0.6666667
0.6833333
0.7
0.7166666
0.7333333
0.7499999
0.7666666
0.7833332
0.7999999
0.8166665
0.8333332
0.8499998
0.8666665
0.8833331
0.8999998
0.9166664
0.9333331
0.9499997
0.9666664
0.9833331
0.9999997
1.016666
1.033333
1.05
1.066666
1.083333
1.1
1.116666
1.133333
1.15
1.166666
1.183333
</float_array>
          <technique_common>
            <accessor count="72" offset="0" source="#Chest_0_0-Matrix-animation-input-array" stride="1">
              <param name="TIME" type="float" />
            </accessor>
          </technique_common>
        </source>
        <source id="Chest_0_0-Matrix-animation-output-transform">
          <float_array id="Chest_0_0-Matrix-animation-output-transform-array" count="1152">0.9949963 -4.353933E-08 0.09991158 4.358589E-07 
-0.006380223 0.9979588 0.06353961 0.2666135 
-0.09970766 -0.06385913 0.9929655 7.227064E-07 
0 0 0 1 
0.9957803 0.000461437 0.09176844 4.358589E-07 
-0.006162363 0.9980664 0.06184931 0.2666135 
-0.09156246 -0.06215383 0.9938577 7.227064E-07 
0 0 0 1 
0.9965318 0.0009159473 0.0832082 4.358589E-07 
-0.005933511 0.9981762 0.06007406 0.2666135 
-0.08300143 -0.06035942 0.9947198 7.227064E-07 
0 0 0 1 
0.9972373 0.001357217 0.07426868 4.358589E-07 
-0.00569468 0.9982874 0.05822178 0.2666135 
-0.07406247 -0.05848387 0.9955372 7.227064E-07 
0 0 0 1 
0.9978845 0.001779364 0.06498805 4.358589E-07 
-0.005446892 0.998399 0.0563004 0.2666135 
-0.06478383 -0.05653527 0.9962965 7.227064E-07 
0 0 0 1 
0.9984616 0.002176954 0.05540479 4.358589E-07 
-0.005191167 0.9985101 0.05431786 0.2666135 
-0.055204 -0.05452191 0.9969854 7.227064E-07 
0 0 0 1 
0.9989585 0.002545057 0.04555761 4.358589E-07 
-0.004928526 0.9986202 0.05228209 0.2666135 
-0.04536169 -0.05245217 0.9975926 7.227064E-07 
0 0 0 1 
0.999366 0.002879288 0.03548555 4.358589E-07 
-0.004659994 0.9987282 0.05020106 0.2666135 
-0.03529589 -0.05033459 0.9981085 7.227064E-07 
0 0 0 1 
0.9996767 0.003175855 0.02522784 4.358589E-07 
-0.004386592 0.9988337 0.04808268 0.2666135 
-0.02504572 -0.04817779 0.9985247 7.227064E-07 
0 0 0 1 
0.9998842 0.003431587 0.01482398 4.358589E-07 
-0.004109351 0.9989359 0.04593493 0.2666135 
-0.01465058 -0.04599052 0.9988344 7.227064E-07 
0 0 0 1 
0.9999841 0.003643967 0.004313583 4.358589E-07 
-0.003829297 0.9990344 0.04376575 0.2666135 
-0.004149938 -0.04378157 0.9990325 7.227064E-07 
0 0 0 1 
0.9999731 0.003811142 -0.00626356 4.358589E-07 
-0.003547458 0.9991287 0.04158311 0.2666135 
0.006416583 -0.04155977 0.9991154 7.227064E-07 
0 0 0 1 
0.99985 0.003931948 -0.0168676 4.358589E-07 
-0.003264866 0.9992183 0.03939496 0.2666135 
0.01700931 -0.03933398 0.9990813 7.227064E-07 
0 0 0 1 
0.9996149 0.004005911 -0.02745862 4.358589E-07 
-0.002982552 0.999303 0.03720928 0.2666135 
0.02758854 -0.03711306 0.9989302 7.227064E-07 
0 0 0 1 
0.9992697 0.004033246 -0.03799678 4.358589E-07 
-0.002701548 0.9993824 0.03503403 0.2666135 
0.03811462 -0.0349058 0.9986635 7.227064E-07 
0 0 0 1 
0.9988179 0.004014849 -0.04844223 4.358589E-07 
-0.002422887 0.9994564 0.03287718 0.2666135 
0.0485479 -0.03272095 0.9982848 7.227064E-07 
0 0 0 1 
0.9982646 0.003952285 -0.05875527 4.358589E-07 
-0.002147604 0.9995248 0.03074671 0.2666135 
0.05884888 -0.03056717 0.9977988 7.227064E-07 
0 0 0 1 
0.9976164 0.003847764 -0.06889632 4.358589E-07 
-0.001876731 0.9995877 0.02865059 0.2666135 
0.06897815 -0.028453 0.9972124 7.227064E-07 
0 0 0 1 
0.9968815 0.003704112 -0.07882599 4.358589E-07 
-0.001611304 0.9996449 0.02659678 0.2666135 
0.07889652 -0.02638683 0.9965335 7.227064E-07 
0 0 0 1 
0.9960695 0.003524742 -0.08850519 4.358589E-07 
-0.001352355 0.9996966 0.02459328 0.2666135 
0.08856503 -0.02437692 0.9957721 7.227064E-07 
0 0 0 1 
0.9951912 0.003313611 -0.09789497 4.358589E-07 
-0.001100922 0.9997428 0.02264806 0.2666135 
0.09794484 -0.02243137 0.994939 7.227064E-07 
0 0 0 1 
0.9942589 0.00307517 -0.1069567 4.358589E-07 
-0.0008580388 0.9997839 0.02076909 0.2666135 
0.1069975 -0.02055807 0.9940467 7.227064E-07 
0 0 0 1 
0.9932858 0.002814315 -0.1156522 4.358589E-07 
-0.0006247369 0.9998199 0.01896433 0.2666135 
0.1156847 -0.01876475 0.9931087 7.227064E-07 
0 0 0 1 
0.9922861 0.002536331 -0.1239432 4.358589E-07 
-0.000402053 0.9998512 0.01724179 0.2666135 
0.1239685 -0.01705895 0.9921395 7.227064E-07 
0 0 0 1 
0.9912748 0.002246824 -0.1317921 4.358589E-07 
-0.0001910189 0.9998781 0.01560942 0.2666135 
0.1318111 -0.01544805 0.9911545 7.227064E-07 
0 0 0 1 
0.9902678 0.001951659 -0.1391615 4.358589E-07 
7.331027E-06 0.9999009 0.0140752 0.2666135 
0.1391751 -0.01393924 0.9901696 7.227064E-07 
0 0 0 1 
0.9892811 0.001656879 -0.146014 4.358589E-07 
0.0001919657 0.99992 0.01264711 0.2666135 
0.1460233 -0.01253957 0.9892017 7.227064E-07 
0 0 0 1 
0.9883314 0.001368634 -0.1523128 4.358589E-07 
0.0003618521 0.9999356 0.0113331 0.2666135 
0.1523185 -0.01125597 0.9882674 7.227064E-07 
0 0 0 1 
0.9874352 0.001093096 -0.1580209 4.358589E-07 
0.0005159588 0.9999484 0.01014116 0.2666135 
0.1580239 -0.01009527 0.9873837 7.227064E-07 
0 0 0 1 
0.9866089 0.0008363698 -0.1631018 4.358589E-07 
0.0006532549 0.9999585 0.009079249 0.2666135 
0.1631027 -0.009064214 0.9865674 7.227064E-07 
0 0 0 1 
0.9858687 0.0006044012 -0.1675189 4.358589E-07 
0.0007727096 0.9999664 0.008155328 0.2666135 
0.1675182 -0.008169524 0.9858351 7.227064E-07 
0 0 0 1 
0.9852301 0.0004028858 -0.1712354 4.358589E-07 
0.0008732924 0.9999723 0.007377381 0.2666135 
0.1712337 -0.007417955 0.9852026 7.227064E-07 
0 0 0 1 
0.9847077 0.0002371551 -0.1742147 4.358589E-07 
0.0009539735 0.9999767 0.006753359 0.2666135 
0.1742123 -0.006816281 0.9846845 7.227064E-07 
0 0 0 1 
0.984315 0.0001120763 -0.17642 4.358589E-07 
0.001013724 0.9999796 0.006291223 0.2666135 
0.1764172 -0.006371386 0.9842949 7.227064E-07 
0 0 0 1 
0.984064 3.194238E-05 -0.1778143 4.358589E-07 
0.001051513 0.9999814 0.005998943 0.2666135 
0.1778112 -0.006090317 0.9840457 7.227064E-07 
0 0 0 1 
0.9839653 3.456371E-07 -0.1783603 4.358589E-07 
0.001066311 0.9999821 0.005884488 0.2666135 
0.1783571 -0.005980318 0.9839476 7.227064E-07 
0 0 0 1 
0.9840224 1.862534E-05 -0.1780448 4.358589E-07 
0.001057757 0.9999817 0.005950649 0.2666135 
0.1780416 -0.006043899 0.9840044 7.227064E-07 
0 0 0 1 
0.9842283 8.43887E-05 -0.1769034 4.358589E-07 
0.001026823 0.9999803 0.006189904 0.2666135 
0.1769005 -0.006273927 0.9842088 7.227064E-07 
0 0 0 1 
0.9845734 0.0001944462 -0.1749718 4.358589E-07 
0.0009744826 0.9999777 0.006594728 0.2666135 
0.1749692 -0.0066635 0.9845514 7.227064E-07 
0 0 0 1 
0.9850471 0.0003449286 -0.1722849 4.358589E-07 
0.0009017088 0.9999739 0.007157592 0.2666135 
0.1722829 -0.007205916 0.9850212 7.227064E-07 
0 0 0 1 
0.9856369 0.0005313993 -0.1688776 4.358589E-07 
0.0008094746 0.9999686 0.00787097 0.2666135 
0.1688765 -0.007894619 0.9856056 7.227064E-07 
0 0 0 1 
0.9863293 0.0007489574 -0.1647847 4.358589E-07 
0.0006987539 0.9999616 0.008727331 0.2666135 
0.1647849 -0.008723165 0.9862909 7.227064E-07 
0 0 0 1 
0.9871099 0.0009923392 -0.1600407 4.358589E-07 
0.0005705207 0.9999526 0.009719149 0.2666135 
0.1600427 -0.009685174 0.9870626 7.227064E-07 
0 0 0 1 
0.9879638 0.001256011 -0.1546802 4.358589E-07 
0.0004257484 0.9999411 0.01083889 0.2666135 
0.1546847 -0.01077428 0.9879051 7.227064E-07 
0 0 0 1 
0.9888755 0.001534262 -0.1487379 4.358589E-07 
0.0002654115 0.9999269 0.01207902 0.2666135 
0.1487456 -0.01198413 0.9888029 7.227064E-07 
0 0 0 1 
0.9898293 0.001821284 -0.1422486 4.358589E-07 
9.048577E-05 0.9999097 0.01343202 0.2666135 
0.1422602 -0.01330828 0.9897398 7.227064E-07 
0 0 0 1 
0.9908097 0.002111262 -0.135247 4.358589E-07 
-9.80547E-05 0.9998891 0.01489034 0.2666135 
0.1352635 -0.01474023 0.9907 7.227064E-07 
0 0 0 1 
0.9918011 0.002398441 -0.1277684 4.358589E-07 
-0.000299233 0.9998646 0.01644646 0.2666135 
0.1277906 -0.01627338 0.9916677 7.227064E-07 
0 0 0 1 
0.9927887 0.002677208 -0.1198479 4.358589E-07 
-0.0005120741 0.9998361 0.01809283 0.2666135 
0.1198767 -0.01790098 0.9926274 7.227064E-07 
0 0 0 1 
0.9937577 0.002942154 -0.1115212 4.358589E-07 
-0.0007356012 0.9998032 0.01982193 0.2666135 
0.1115576 -0.01961616 0.9935644 7.227064E-07 
0 0 0 1 
0.9946945 0.003188138 -0.1028241 4.358589E-07 
-0.000968836 0.9997656 0.02162621 0.2666135 
0.1028689 -0.02141185 0.9944645 7.227064E-07 
0 0 0 1 
0.9955859 0.003410352 -0.09379258 4.358589E-07 
-0.001210802 0.9997231 0.02349814 0.2666135 
0.09384675 -0.02328085 0.9953144 7.227064E-07 
0 0 0 1 
0.9964201 0.003604373 -0.08446306 4.358589E-07 
-0.001460523 0.9996755 0.02543016 0.2666135 
0.08452731 -0.02521576 0.996102 7.227064E-07 
0 0 0 1 
0.997186 0.003766209 -0.07487212 4.358589E-07 
-0.001717019 0.9996226 0.02741475 0.2666135 
0.07494711 -0.02720905 0.9968162 7.227064E-07 
0 0 0 1 
0.997874 0.003892353 -0.06505667 4.358589E-07 
-0.001979312 0.9995644 0.02944438 0.2666135 
0.06514294 -0.02925301 0.9974471 7.227064E-07 
0 0 0 1 
0.9984754 0.003979815 -0.05505376 4.358589E-07 
-0.002246427 0.9995008 0.03151149 0.2666135 
0.05515169 -0.03133978 0.997986 7.227064E-07 
0 0 0 1 
0.9989833 0.00402616 -0.04490072 4.358589E-07 
-0.002517384 0.9994318 0.03360856 0.2666135 
0.04501052 -0.03346135 0.998426 7.227064E-07 
0 0 0 1 
0.9993919 0.004029535 -0.03463494 4.358589E-07 
-0.002791206 0.9993576 0.03572804 0.2666135 
0.03475666 -0.03560964 0.9987612 7.227064E-07 
0 0 0 1 
0.9996969 0.003988697 -0.02429403 4.358589E-07 
-0.003066917 0.9992782 0.03786241 0.2666135 
0.02442752 -0.03777641 0.9989876 7.227064E-07 
0 0 0 1 
0.9998956 0.003903019 -0.01391562 4.358589E-07 
-0.003343541 0.9991938 0.0400041 0.2666135 
0.01406054 -0.03995339 0.9991026 7.227064E-07 
0 0 0 1 
0.9999866 0.003772517 -0.003537436 4.358589E-07 
-0.003620101 0.9991049 0.04214564 0.2666135 
0.003693265 -0.04213227 0.9991052 7.227064E-07 
0 0 0 1 
0.9999704 0.003597836 0.006802888 4.358589E-07 
-0.003895624 0.9990115 0.04427946 0.2666135 
-0.006636854 -0.04430464 0.998996 7.227064E-07 
0 0 0 1 
0.9998486 0.003380271 0.01706759 4.358589E-07 
-0.004169135 0.9989142 0.04639804 0.2666135 
-0.01689222 -0.04646217 0.9987772 7.227064E-07 
0 0 0 1 
0.9996246 0.003121736 0.02721921 4.358589E-07 
-0.004439663 0.9988136 0.04849385 0.2666135 
-0.02703553 -0.04859649 0.9984525 7.227064E-07 
0 0 0 1 
0.9993031 0.002824766 0.03722025 4.358589E-07 
-0.004706235 0.9987099 0.05055939 0.2666135 
-0.03702942 -0.05069932 0.9980273 7.227064E-07 
0 0 0 1 
0.9988902 0.002492493 0.04703352 4.358589E-07 
-0.004967885 0.9986039 0.05258713 0.2666135 
-0.04683679 -0.05276242 0.9975081 7.227064E-07 
0 0 0 1 
0.9983934 0.002128612 0.05662194 4.358589E-07 
-0.005223638 0.9984962 0.05456958 0.2666135 
-0.05642064 -0.05477768 0.9969032 7.227064E-07 
0 0 0 1 
0.9978215 0.001737365 0.06594867 4.358589E-07 
-0.005472532 0.9983876 0.0564992 0.2666135 
-0.06574418 -0.05673702 0.9962222 7.227064E-07 
0 0 0 1 
0.9971844 0.001323489 0.07497715 4.358589E-07 
-0.005713602 0.9982787 0.0583685 0.2666135 
-0.07477085 -0.05863255 0.9954755 7.227064E-07 
0 0 0 1 
0.996493 0.000892173 0.08367105 4.358589E-07 
-0.005945881 0.9981704 0.06017001 0.2666135 
-0.08346429 -0.06045648 0.9946752 7.227064E-07 
0 0 0 1 
0.9957594 0.000449016 0.0919944 4.358589E-07 
-0.006168406 0.9980634 0.06189618 0.2666135 
-0.09178846 -0.06220116 0.993834 7.227064E-07 
0 0 0 1 
0.9949963 -3.352761E-08 0.09991141 4.358589E-07 
-0.006380219 0.9979588 0.06353957 0.2666135 
-0.09970748 -0.06385909 0.9929655 7.227064E-07 
0 0 0 1 
</float_array>
          <technique_common>
            <accessor count="72" offset="0" source="#Chest_0_0-Matrix-animation-output-transform-array" stride="16">
              <param type="float4x4" />
            </accessor>
          </technique_common>
        </source>
        <source id="Chest_0_0-Interpolations">
          <Name_array id="Chest_0_0-Interpolations-array" count="72">LINEAR
LINEAR
LINEAR
LINEAR
LINEAR
LINEAR
LINEAR
LINEAR
LINEAR
LINEAR
LINEAR
LINEAR
LINEAR
LINEAR
LINEAR
LINEAR
LINEAR
LINEAR
LINEAR
LINEAR
LINEAR
LINEAR
LINEAR
LINEAR
LINEAR
LINEAR
LINEAR
LINEAR
LINEAR
LINEAR
LINEAR
LINEAR
LINEAR
LINEAR
LINEAR
LINEAR
LINEAR
LINEAR
LINEAR
LINEAR
LINEAR
LINEAR
LINEAR
LINEAR
LINEAR
LINEAR
LINEAR
LINEAR
LINEAR
LINEAR
LINEAR
LINEAR
LINEAR
LINEAR
LINEAR
LINEAR
LINEAR
LINEAR
LINEAR
LINEAR
LINEAR
LINEAR
LINEAR
LINEAR
LINEAR
LINEAR
LINEAR
LINEAR
LINEAR
LINEAR
LINEAR
LINEAR</Name_array>
          <technique_common>
            <accessor count="72" offset="0" source="#Chest_0_0-Interpolations-array" stride="1">
              <param type="name" />
            </accessor>
          </technique_common>
        </source>
        <sampler id="Chest_0_0-Matrix-animation-transform">
          <input semantic="INPUT" source="#Chest_0_0-Matrix-animation-input" />
          <input semantic="OUTPUT" source="#Chest_0_0-Matrix-animation-output-transform" />
          <input semantic="INTERPOLATION" source="#Chest_0_0-Interpolations" />
        </sampler>
        <channel source="#Chest_0_0-Matrix-animation-transform" target="Chest/matrix" />
      </animation>
      <animation id="LeftThigh_0_1-anim" name="LeftThigh_0_1">
        <source id="LeftThigh_0_1-Matrix-animation-input">
          <float_array id="LeftThigh_0_1-Matrix-animation-input-array" count="72">0
0.01666667
0.03333334
0.05
0.06666667
0.08333334
0.1
0.1166667
0.1333333
0.15
0.1666667
0.1833333
0.2
0.2166667
0.2333333
0.25
0.2666667
0.2833334
0.3
0.3166667
0.3333334
0.3500001
0.3666668
0.3833334
0.4000001
0.4166668
0.4333335
0.4500002
0.4666668
0.4833335
0.5000002
0.5166668
0.5333335
0.5500001
0.5666668
0.5833334
0.6000001
0.6166667
0.6333334
0.65
0.6666667
0.6833333
0.7
0.7166666
0.7333333
0.7499999
0.7666666
0.7833332
0.7999999
0.8166665
0.8333332
0.8499998
0.8666665
0.8833331
0.8999998
0.9166664
0.9333331
0.9499997
0.9666664
0.9833331
0.9999997
1.016666
1.033333
1.05
1.066666
1.083333
1.1
1.116666
1.133333
1.15
1.166666
1.183333
</float_array>
          <technique_common>
            <accessor count="72" offset="0" source="#LeftThigh_0_1-Matrix-animation-input-array" stride="1">
              <param name="TIME" type="float" />
            </accessor>
          </technique_common>
        </source>
        <source id="LeftThigh_0_1-Matrix-animation-output-transform">
          <float_array id="LeftThigh_0_1-Matrix-animation-output-transform-array" count="1152">0.9993807 -0.01228701 -0.03209832 0.1213383 
-0.00625462 -0.98334 0.1816669 0.05255294 
-0.03379476 -0.1813589 -0.9828356 -0.00280688 
0 0 0 1 
0.9992775 -0.01367565 -0.03464943 0.1213381 
-0.007576176 -0.9853464 0.1703957 0.05255294 
-0.03647095 -0.170015 -0.9847657 -0.00280691 
0 0 0 1 
0.9991658 -0.01507673 -0.03719243 0.1213379 
-0.008912358 -0.9869715 0.1606474 0.05255294 
-0.03912881 -0.1601866 -0.9863104 -0.002806942 
0 0 0 1 
0.9990462 -0.01645774 -0.03973363 0.1213377 
-0.01025635 -0.9884037 0.1515023 0.05255294 
-0.04176507 -0.1509547 -0.9876576 -0.002806975 
0 0 0 1 
0.9989192 -0.01777583 -0.04228107 0.1213375 
-0.01160091 -0.9897937 0.1420344 0.05255294 
-0.04437308 -0.1413944 -0.9889578 -0.002807007 
0 0 0 1 
0.9987854 -0.01897909 -0.04484223 0.1213373 
-0.01293981 -0.9912565 0.1313121 0.05255294 
-0.04694103 -0.1305761 -0.9903259 -0.002807038 
0 0 0 1 
0.9986461 -0.02000607 -0.0474232 0.1213371 
-0.01426696 -0.9928635 0.1183987 0.05255294 
-0.04945208 -0.1175652 -0.9918326 -0.002807066 
0 0 0 1 
0.9985031 -0.02078473 -0.05002848 0.1213369 
-0.01557498 -0.9946262 0.1023515 0.05255294 
-0.05188555 -0.101422 -0.9934888 -0.002807089 
0 0 0 1 
0.9983584 -0.02123357 -0.05265757 0.1213368 
-0.01685572 -0.9964713 0.08222239 0.05255294 
-0.05421613 -0.08120219 -0.9952213 -0.002807106 
0 0 0 1 
0.9982138 -0.02129396 -0.05530887 0.1213367 
-0.01810293 -0.9981779 0.05755922 0.05255294 
-0.05643218 -0.05645678 -0.9968084 -0.002807118 
0 0 0 1 
0.9980699 -0.0209775 -0.05796295 0.1213367 
-0.0193162 -0.9993908 0.02906526 0.05255294 
-0.05853571 -0.02789035 -0.9978951 -0.002807124 
0 0 0 1 
0.9979279 -0.02030554 -0.06058787 0.1213367 
-0.02049182 -0.9997867 -0.002464144 0.05255294 
-0.06052325 0.003700701 -0.9981591 -0.002807125 
0 0 0 1 
0.9977886 -0.01931025 -0.063153 0.1213367 
-0.02162681 -0.9991099 -0.03621594 0.05255294 
-0.0623957 0.03750274 -0.9973461 -0.002807124 
0 0 0 1 
0.9976526 -0.0180337 -0.06563003 0.1213367 
-0.02271869 -0.9971914 -0.07136347 0.05255294 
-0.06415698 0.07268908 -0.9952883 -0.00280712 
0 0 0 1 
0.9975202 -0.01652889 -0.06799658 0.1213367 
-0.02376742 -0.9939668 -0.1070739 0.05255294 
-0.0658147 0.1084276 -0.9919227 -0.002807116 
0 0 0 1 
0.9973912 -0.01485774 -0.07023761 0.1213368 
-0.02477479 -0.989482 -0.1425174 0.05255294 
-0.0673795 0.1438899 -0.9872965 -0.002807111 
0 0 0 1 
0.9972652 -0.0130912 -0.07234692 0.1213368 
-0.02574589 -0.9838957 -0.1768775 0.05255294 
-0.06886439 0.1782615 -0.9815696 -0.002807108 
0 0 0 1 
0.9971412 -0.01130811 -0.07432844 0.1213368 
-0.02668955 -0.9774742 -0.2093595 0.05255294 
-0.07028473 0.2107509 -0.975009 -0.002807106 
0 0 0 1 
0.9970173 -0.009357181 -0.07623793 0.1213368 
-0.0276254 -0.9698166 -0.2422653 0.05255294 
-0.07166789 0.2436559 -0.9672095 -0.002807108 
0 0 0 1 
0.9968944 -0.007076409 -0.07806934 0.1213368 
-0.02854208 -0.9603192 -0.2774382 0.05255294 
-0.0730062 0.2788129 -0.9575656 -0.002807111 
0 0 0 1 
0.9967758 -0.004549091 -0.07975455 0.1213367 
-0.02940906 -0.9491528 -0.3134378 0.05255294 
-0.07427135 0.3147818 -0.9462529 -0.002807115 
0 0 0 1 
0.9966638 -0.001878287 -0.08124743 0.1213367 
-0.03020323 -0.9366841 -0.3488699 0.05255294 
-0.07544579 0.3501701 -0.933642 -0.002807118 
0 0 0 1 
0.9965602 0.000813051 -0.08252636 0.1213367 
-0.03091243 -0.9234766 -0.382407 0.05255294 
-0.07651994 0.3836537 -0.9203007 -0.002807121 
0 0 0 1 
0.9964656 0.003388838 -0.08359597 0.1213367 
-0.03153342 -0.910275 -0.4128009 0.05255294 
-0.07749209 0.41399 -0.9069762 -0.002807123 
0 0 0 1 
0.99638 0.005700408 -0.08448581 0.1213367 
-0.03207517 -0.8979698 -0.4388858 0.05255294 
-0.07836536 0.4400197 -0.8945614 -0.002807121 
0 0 0 1 
0.9963027 0.007594837 -0.08524584 0.1213367 
-0.03255378 -0.887547 -0.4595648 0.05255294 
-0.07914783 0.460654 -0.884043 -0.002807116 
0 0 0 1 
0.9962325 0.008916091 -0.08593559 0.1213368 
-0.03299071 -0.8800243 -0.4737806 0.05255294 
-0.07984748 0.4748444 -0.8764392 -0.002807106 
0 0 0 1 
0.9961622 0.009401623 -0.08669502 0.1213369 
-0.03344901 -0.8769244 -0.4794623 0.05255294 
-0.08053049 0.480536 -0.8732688 -0.002807089 
0 0 0 1 
0.9960867 0.009030841 -0.08759675 0.1213371 
-0.03396512 -0.8783536 -0.4768026 0.05255294 
-0.0812446 0.4779257 -0.8746341 -0.002807064 
0 0 0 1 
0.9960087 0.008020109 -0.08857685 0.1213373 
-0.03451298 -0.8830233 -0.4680578 0.05255294 
-0.08196703 0.4692602 -0.8792467 -0.002807035 
0 0 0 1 
0.9959316 0.006598403 -0.08955549 0.1213375 
-0.03505867 -0.8895723 -0.4554465 0.05255294 
-0.082669 0.4567465 -0.8857467 -0.002807003 
0 0 0 1 
0.9958597 0.005004051 -0.09045383 0.1213377 
-0.03556822 -0.8966935 -0.4412198 0.05255294 
-0.08331496 0.4426231 -0.892828 -0.00280697 
0 0 0 1 
0.9957976 0.003483976 -0.09120558 0.1213379 
-0.0360107 -0.9032056 -0.4276944 0.05255294 
-0.08386514 0.4291939 -0.8993098 -0.002806939 
0 0 0 1 
0.9957502 0.002288445 -0.09175939 0.1213381 
-0.03636133 -0.9080626 -0.417253 0.05255294 
-0.08427575 0.4188284 -0.9041457 -0.002806912 
0 0 0 1 
0.9957224 0.001670252 -0.09207391 0.1213382 
-0.03659765 -0.910305 -0.4123163 0.05255294 
-0.08450168 0.4139342 -0.9063754 -0.002806892 
0 0 0 1 
0.9957191 0.001879939 -0.09210496 0.1213383 
-0.03669656 -0.9089483 -0.4152901 0.05255294 
-0.08449702 0.4169043 -0.9050137 -0.00280688 
0 0 0 1 
0.9957438 0.002955596 -0.09180955 0.1213383 
-0.03664004 -0.9037424 -0.4265049 0.05255294 
-0.08423043 0.4280659 -0.8998129 -0.002806877 
0 0 0 1 
0.9957935 0.004663316 -0.09119818 0.1213383 
-0.03643745 -0.8954484 -0.4436706 0.05255294 
-0.08372994 0.4451401 -0.8915368 -0.002806882 
0 0 0 1 
0.9958633 0.006842971 -0.09029333 0.1213382 
-0.03609891 -0.8844715 -0.4651949 0.05255294 
-0.08304289 0.4665435 -0.8805906 -0.002806891 
0 0 0 1 
0.9959483 0.009330569 -0.08912531 0.1213382 
-0.03563977 -0.8712744 -0.4894998 0.05255294 
-0.08221763 0.4907072 -0.8674361 -0.002806905 
0 0 0 1 
0.9960434 0.01196433 -0.08773821 0.121338 
-0.03508015 -0.8564387 -0.5150551 0.05255294 
-0.08130242 0.5161099 -0.8526543 -0.002806922 
0 0 0 1 
0.9961433 0.014588 -0.0861934 0.1213379 
-0.03444627 -0.8406987 -0.540406 0.05255294 
-0.08034389 0.5413066 -0.8369772 -0.00280694 
0 0 0 1 
0.9962432 0.01705074 -0.08457128 0.1213378 
-0.03377363 -0.8249506 -0.5641943 0.05255294 
-0.07938486 0.5649474 -0.8212985 -0.002806958 
0 0 0 1 
0.9963386 0.01921309 -0.08296835 0.1213377 
-0.03310226 -0.8102388 -0.5851638 0.05255294 
-0.07846481 0.5857847 -0.8066588 -0.002806975 
0 0 0 1 
0.9964256 0.02094379 -0.08149277 0.1213376 
-0.0324779 -0.7977213 -0.6021503 0.05255294 
-0.0776177 0.6026621 -0.7942119 -0.002806989 
0 0 0 1 
0.9965085 0.02255048 -0.08003619 0.1213375 
-0.0318606 -0.7855088 -0.6180295 0.05255294 
-0.07680384 0.6184396 -0.7820696 -0.002807003 
0 0 0 1 
0.9965936 0.02431392 -0.07844406 0.1213374 
-0.03118896 -0.771548 -0.6354056 0.05255294 
-0.07597043 0.6357061 -0.768183 -0.002807019 
0 0 0 1 
0.9966793 0.02607479 -0.07677178 0.1213373 
-0.03048222 -0.7568946 -0.6528251 0.05255294 
-0.07512834 0.6530163 -0.7536075 -0.002807036 
0 0 0 1 
0.9967642 0.02768089 -0.07508869 0.1213372 
-0.0297646 -0.7427267 -0.6689324 0.05255294 
-0.07428495 0.6690222 -0.7395202 -0.002807052 
0 0 0 1 
0.9968469 0.02898815 -0.07347869 0.121337 
-0.02906629 -0.7303321 -0.6824729 0.05255294 
-0.07344545 0.6824766 -0.7272072 -0.002807068 
0 0 0 1 
0.9969267 0.02986053 -0.07203205 0.121337 
-0.0284197 -0.7210775 -0.6922709 0.05255294 
-0.07261024 0.6922106 -0.7180331 -0.002807082 
0 0 0 1 
0.9970031 0.03017056 -0.07083731 0.1213369 
-0.02785565 -0.7163526 -0.6971815 0.05255294 
-0.07177687 0.6970855 -0.7133855 -0.002807094 
0 0 0 1 
0.9970757 0.0297965 -0.06996666 0.1213368 
-0.02739778 -0.7174996 -0.6960194 0.05255294 
-0.07093801 0.6959211 -0.7146051 -0.002807102 
0 0 0 1 
0.9971455 0.02862302 -0.06946042 0.1213368 
-0.02705488 -0.7257164 -0.687461 0.05255294 
-0.07008385 0.6873979 -0.7228909 -0.002807106 
0 0 0 1 
0.9972153 0.02657389 -0.06927332 0.1213368 
-0.02679865 -0.7416158 -0.6702888 0.05255294 
-0.06918445 0.670298 -0.7388593 -0.002807105 
0 0 0 1 
0.9972888 0.02377126 -0.06923217 0.1213368 
-0.02655557 -0.7638635 -0.6448307 0.05255294 
-0.06821048 0.6449397 -0.7611827 -0.0028071 
0 0 0 1 
0.9973691 0.02040304 -0.06915008 0.1213369 
-0.02625266 -0.7904926 -0.611908 0.05255294 
-0.06714555 0.6121313 -0.7878994 -0.002807091 
0 0 0 1 
0.9974586 0.01666281 -0.06886239 0.121337 
-0.02582784 -0.8195406 -0.5724385 0.05255294 
-0.06597212 0.5727788 -0.8170503 -0.002807081 
0 0 0 1 
0.9975588 0.01274639 -0.06824474 0.1213371 
-0.02523768 -0.8491607 -0.5275307 0.05255294 
-0.06467307 0.5279805 -0.8467898 -0.002807068 
0 0 0 1 
0.9976701 0.008844478 -0.06722528 0.1213372 
-0.02446231 -0.8777268 -0.4785359 0.05255294 
-0.06323608 0.4790793 -0.8754901 -0.002807054 
0 0 0 1 
0.9977919 0.005133145 -0.06578905 0.1213372 
-0.02350626 -0.9039193 -0.4270561 0.05255294 
-0.06165842 0.4276719 -0.9018281 -0.002807039 
0 0 0 1 
0.9979213 0.001762162 -0.06397726 0.1213373 
-0.02239829 -0.9267877 -0.3749164 0.05255294 
-0.05995234 0.3755809 -0.9248478 -0.002807025 
0 0 0 1 
0.9980547 -0.001153292 -0.06187769 0.1213374 
-0.02118622 -0.9457805 -0.324114 0.05255294 
-0.05814731 0.3248038 -0.9439915 -0.002807012 
0 0 0 1 
0.9981916 -0.003717999 -0.05952295 0.1213375 
-0.01987839 -0.9617221 -0.2733043 0.05255294 
-0.05622681 0.2740012 -0.9600838 -0.002806999 
0 0 0 1 
0.9983348 -0.006055162 -0.05686929 0.1213376 
-0.01844764 -0.9753214 -0.2200173 0.05255294 
-0.05413209 0.2207064 -0.9738364 -0.002806985 
0 0 0 1 
0.9984834 -0.008109387 -0.05392858 0.1213377 
-0.01690354 -0.9862007 -0.1646877 0.05255294 
-0.05184745 0.1653543 -0.9848698 -0.002806971 
0 0 0 1 
0.9986359 -0.009830796 -0.05072394 0.1213378 
-0.01526002 -0.994056 -0.1077932 0.05255294 
-0.04936138 0.1084233 -0.9928779 -0.002806956 
0 0 0 1 
0.9987903 -0.01117715 -0.0472878 0.1213379 
-0.01353493 -0.9986651 -0.04984577 0.05255294 
-0.04666624 0.05042697 -0.9976363 -0.002806941 
0 0 0 1 
0.9989445 -0.01211472 -0.04365933 0.121338 
-0.01174886 -0.9998937 0.008619209 0.05255294 
-0.04375789 -0.008097398 -0.9990087 -0.002806925 
0 0 0 1 
0.999096 -0.01261923 -0.03988491 0.1213381 
-0.00992414 -0.9976997 0.06705473 0.05255294 
-0.04063822 -0.06660023 -0.9969512 -0.00280691 
0 0 0 1 
0.9992424 -0.01267761 -0.03601376 0.1213382 
-0.008084913 -0.9921345 0.1249146 0.05255294 
-0.03731306 -0.1245324 -0.9915132 -0.002806895 
0 0 0 1 
0.9993807 -0.01228702 -0.0320984 0.1213383 
-0.006254658 -0.9833403 0.1816657 0.05255294 
-0.03379484 -0.1813577 -0.9828358 -0.00280688 
0 0 0 1 
</float_array>
          <technique_common>
            <accessor count="72" offset="0" source="#LeftThigh_0_1-Matrix-animation-output-transform-array" stride="16">
              <param type="float4x4" />
            </accessor>
          </technique_common>
        </source>
        <source id="LeftThigh_0_1-Interpolations">
          <Name_array id="LeftThigh_0_1-Interpolations-array" count="72">LINEAR
LINEAR
LINEAR
LINEAR
LINEAR
LINEAR
LINEAR
LINEAR
LINEAR
LINEAR
LINEAR
LINEAR
LINEAR
LINEAR
LINEAR
LINEAR
LINEAR
LINEAR
LINEAR
LINEAR
LINEAR
LINEAR
LINEAR
LINEAR
LINEAR
LINEAR
LINEAR
LINEAR
LINEAR
LINEAR
LINEAR
LINEAR
LINEAR
LINEAR
LINEAR
LINEAR
LINEAR
LINEAR
LINEAR
LINEAR
LINEAR
LINEAR
LINEAR
LINEAR
LINEAR
LINEAR
LINEAR
LINEAR
LINEAR
LINEAR
LINEAR
LINEAR
LINEAR
LINEAR
LINEAR
LINEAR
LINEAR
LINEAR
LINEAR
LINEAR
LINEAR
LINEAR
LINEAR
LINEAR
LINEAR
LINEAR
LINEAR
LINEAR
LINEAR
LINEAR
LINEAR
LINEAR</Name_array>
          <technique_common>
            <accessor count="72" offset="0" source="#LeftThigh_0_1-Interpolations-array" stride="1">
              <param type="name" />
            </accessor>
          </technique_common>
        </source>
        <sampler id="LeftThigh_0_1-Matrix-animation-transform">
          <input semantic="INPUT" source="#LeftThigh_0_1-Matrix-animation-input" />
          <input semantic="OUTPUT" source="#LeftThigh_0_1-Matrix-animation-output-transform" />
          <input semantic="INTERPOLATION" source="#LeftThigh_0_1-Interpolations" />
        </sampler>
        <channel source="#LeftThigh_0_1-Matrix-animation-transform" target="LeftThigh/matrix" />
      </animation>
      <animation id="RightThigh_0_2-anim" name="RightThigh_0_2">
        <source id="RightThigh_0_2-Matrix-animation-input">
          <float_array id="RightThigh_0_2-Matrix-animation-input-array" count="72">0
0.01666667
0.03333334
0.05
0.06666667
0.08333334
0.1
0.1166667
0.1333333
0.15
0.1666667
0.1833333
0.2
0.2166667
0.2333333
0.25
0.2666667
0.2833334
0.3
0.3166667
0.3333334
0.3500001
0.3666668
0.3833334
0.4000001
0.4166668
0.4333335
0.4500002
0.4666668
0.4833335
0.5000002
0.5166668
0.5333335
0.5500001
0.5666668
0.5833334
0.6000001
0.6166667
0.6333334
0.65
0.6666667
0.6833333
0.7
0.7166666
0.7333333
0.7499999
0.7666666
0.7833332
0.7999999
0.8166665
0.8333332
0.8499998
0.8666665
0.8833331
0.8999998
0.9166664
0.9333331
0.9499997
0.9666664
0.9833331
0.9999997
1.016666
1.033333
1.05
1.066666
1.083333
1.1
1.116666
1.133333
1.15
1.166666
1.183333
</float_array>
          <technique_common>
            <accessor count="72" offset="0" source="#RightThigh_0_2-Matrix-animation-input-array" stride="1">
              <param name="TIME" type="float" />
            </accessor>
          </technique_common>
        </source>
        <source id="RightThigh_0_2-Matrix-animation-output-transform">
          <float_array id="RightThigh_0_2-Matrix-animation-output-transform-array" count="1152">0.995162 0.03279755 0.09230597 -0.1208377 
0.068838 -0.9045383 -0.420798 0.05255294 
0.06969121 0.4251286 -0.9024453 -0.002806909 
0 0 0 1 
0.9950607 0.02890643 0.09466869 -0.1208379 
0.06979527 -0.8830714 -0.4640182 0.05255294 
0.07018416 0.4683472 -0.8807518 -0.002806939 
0 0 0 1 
0.9949855 0.02426119 0.09674105 -0.1208382 
0.07050153 -0.8571687 -0.5101869 0.05255294 
0.07054369 0.5144639 -0.8546049 -0.002806971 
0 0 0 1 
0.9949476 0.01908161 0.09827957 -0.1208384 
0.07084137 -0.8278321 -0.5564843 0.05255294 
0.07073839 0.5606512 -0.8250244 -0.002807004 
0 0 0 1 
0.9949496 0.01366995 0.09915723 -0.1208386 
0.0707735 -0.7965866 -0.6003668 0.05255294 
0.07077837 0.6043699 -0.7935532 -0.002807036 
0 0 0 1 
0.9949855 0.008393062 0.09938262 -0.1208388 
0.07034244 -0.7654481 -0.6396408 0.05255294 
0.07070172 0.6434428 -0.7622216 -0.002807067 
0 0 0 1 
0.9950426 0.003653105 0.09909875 -0.120839 
0.06967534 -0.7368262 -0.6724817 0.05255294 
0.07055995 0.6760722 -0.7334485 -0.002807094 
0 0 0 1 
0.9951034 -0.0001403913 0.09855392 -0.1208391 
0.06896303 -0.7133774 -0.6973778 0.05255294 
0.07040209 0.7007799 -0.7098944 -0.002807118 
0 0 0 1 
0.9951498 -0.002590894 0.09804942 -0.1208393 
0.06842828 -0.6978272 -0.7129896 0.05255294 
0.07026686 0.7162615 -0.6942848 -0.002807135 
0 0 0 1 
0.9951821 -0.003897774 0.09767795 -0.1208393 
0.06806016 -0.6896037 -0.7209811 0.05255294 
0.07016735 0.7241763 -0.6860352 -0.002807146 
0 0 0 1 
0.9952071 -0.004489101 0.09739738 -0.1208394 
0.06776364 -0.6863748 -0.7240834 0.05255294 
0.07009964 0.7272339 -0.6828001 -0.002807152 
0 0 0 1 
0.9952204 -0.004335436 0.09726888 -0.1208394 
0.06761083 -0.6880802 -0.7224773 0.05255294 
0.07005909 0.7256216 -0.6845175 -0.002807154 
0 0 0 1 
0.9952193 -0.00341637 0.09731674 -0.1208394 
0.06764922 -0.6945635 -0.7162432 0.05255294 
0.07003766 0.7194232 -0.6910312 -0.002807153 
0 0 0 1 
0.9952023 -0.001716859 0.09753469 -0.1208394 
0.06790861 -0.7055792 -0.7053693 0.05255294 
0.0700275 0.7086291 -0.7020971 -0.002807149 
0 0 0 1 
0.9951684 0.0007744915 0.09789155 -0.1208393 
0.06840699 -0.7207952 -0.6897638 0.05255294 
0.07002358 0.6931477 -0.7173856 -0.002807145 
0 0 0 1 
0.9951164 0.004066321 0.09833827 -0.1208393 
0.06915688 -0.7397943 -0.669269 0.05255294 
0.07002667 0.6728208 -0.7364832 -0.00280714 
0 0 0 1 
0.9950441 0.008164603 0.09881418 -0.1208393 
0.07017028 -0.7620732 -0.6436768 0.05255294 
0.07004634 0.6474393 -0.7588905 -0.002807137 
0 0 0 1 
0.994948 0.01307255 0.09925298 -0.1208393 
0.07146265 -0.7870408 -0.6127471 0.05255294 
0.07010403 0.6167623 -0.7840208 -0.002807135 
0 0 0 1 
0.9948168 0.01942077 0.09952942 -0.1208393 
0.07314236 -0.8172299 -0.5716507 0.05255294 
0.07023457 0.5759842 -0.8144372 -0.002807136 
0 0 0 1 
0.994659 0.02736691 0.09923862 -0.1208393 
0.07504033 -0.8526755 -0.5170227 0.05255294 
0.07046708 0.5217232 -0.8501988 -0.002807139 
0 0 0 1 
0.9945015 0.03617974 0.0979882 -0.1208393 
0.07679584 -0.8891265 -0.4511713 0.05255294 
0.0707987 0.4562288 -0.8870409 -0.002807143 
0 0 0 1 
0.99437 0.04513236 0.09557866 -0.1208393 
0.07812709 -0.9228842 -0.3770679 0.05255294 
0.07118808 0.3824233 -0.9212401 -0.002807147 
0 0 0 1 
0.9942847 0.05356717 0.09204511 -0.1208394 
0.07886398 -0.9511785 -0.298394 0.05255294 
0.07156523 0.3039564 -0.9499934 -0.00280715 
0 0 0 1 
0.9942564 0.06095969 0.08764704 -0.1208394 
0.07895875 -0.9724324 -0.2194082 0.05255294 
0.07185377 0.2250751 -0.9716876 -0.002807152 
0 0 0 1 
0.9942839 0.06696777 0.08281745 -0.1208394 
0.07848216 -0.9863576 -0.1447009 0.05255294 
0.07199535 0.1503778 -0.9860027 -0.00280715 
0 0 0 1 
0.9943548 0.07144181 0.07809222 -0.1208393 
0.07759982 -0.9938557 -0.07892292 0.05255294 
0.07197199 0.08453977 -0.9938168 -0.002807145 
0 0 0 1 
0.9944488 0.07439181 0.07403611 -0.1208393 
0.07653534 -0.9967123 -0.02657533 0.05255294 
0.07181374 0.03209511 -0.9969007 -0.002807135 
0 0 0 1 
0.9945508 0.07622192 0.07073038 -0.1208391 
0.07541946 -0.9970545 0.01392134 0.05255294 
0.07158116 -0.008511278 -0.9973978 -0.002807118 
0 0 0 1 
0.9946569 0.07739753 0.06790661 -0.120839 
0.07427102 -0.9961113 0.04739116 0.05255294 
0.07130849 -0.04209566 -0.9965652 -0.002807094 
0 0 0 1 
0.9947604 0.07807906 0.06556647 -0.1208388 
0.07315256 -0.99454 0.0744184 0.05255294 
0.07101702 -0.06923413 -0.9950687 -0.002807065 
0 0 0 1 
0.9948573 0.07839613 0.06369077 -0.1208386 
0.07210887 -0.9928029 0.09561489 0.05255294 
0.07072626 -0.09053313 -0.9933782 -0.002807034 
0 0 0 1 
0.9949442 0.0784541 0.06224659 -0.1208384 
0.07117272 -0.9912009 0.1116021 0.05255294 
0.07045255 -0.1066107 -0.9918011 -0.002807001 
0 0 0 1 
0.995019 0.07833555 0.06119097 -0.1208382 
0.07036499 -0.9899085 0.123001 0.05255294 
0.07020687 -0.118086 -0.9905177 -0.002806971 
0 0 0 1 
0.9950806 0.07810808 0.06047586 -0.120838 
0.06970048 -0.9890046 0.1304275 0.05255294 
0.0699964 -0.1255743 -0.9896111 -0.002806944 
0 0 0 1 
0.9951284 0.07782723 0.06005009 -0.1208378 
0.06918884 -0.9884961 0.1344913 0.05255294 
0.06982443 -0.129685 -0.989093 -0.002806922 
0 0 0 1 
0.9951623 0.07754017 0.05985941 -0.1208377 
0.06883664 -0.9883422 0.1357965 0.05255294 
0.06968933 -0.1310229 -0.9889261 -0.002806909 
0 0 0 1 
0.9951768 0.07719029 0.06006937 -0.1208377 
0.06869553 -0.9888024 0.1324776 0.05255294 
0.06962078 -0.1277159 -0.9893636 -0.002806904 
0 0 0 1 
0.9951695 0.0766993 0.06081553 -0.1208377 
0.06878232 -0.9900207 0.122994 0.05255294 
0.06964026 -0.1182203 -0.9905416 -0.002806904 
0 0 0 1 
0.9951451 0.0760684 0.06199538 -0.1208377 
0.06904652 -0.9917032 0.1084286 0.05255294 
0.06972709 -0.1036247 -0.9921686 -0.002806909 
0 0 0 1 
0.9951089 0.07529399 0.06350347 -0.1208378 
0.06943576 -0.9935305 0.08986549 0.05255295 
0.069857 -0.08501899 -0.9939269 -0.002806917 
0 0 0 1 
0.9950659 0.07437666 0.0652357 -0.1208379 
0.06989909 -0.9952063 0.06839751 0.05255295 
0.0700082 -0.06350194 -0.9955226 -0.002806928 
0 0 0 1 
0.9950205 0.07332744 0.06708796 -0.1208379 
0.0703895 -0.9964978 0.04512985 0.05255295 
0.07016033 -0.04018401 -0.9967251 -0.002806941 
0 0 0 1 
0.994977 0.07217162 0.06896058 -0.120838 
0.07086537 -0.9972609 0.02117874 0.05255295 
0.07029822 -0.01618591 -0.9973941 -0.002806955 
0 0 0 1 
0.9949385 0.07095134 0.07076012 -0.1208381 
0.07129249 -0.9974526 -0.002332934 0.05255295 
0.07041237 0.007366004 -0.9974901 -0.002806967 
0 0 0 1 
0.9949073 0.06972402 0.07239956 -0.1208382 
0.07164301 -0.9971346 -0.02428143 0.05255295 
0.07049713 0.02934555 -0.9970797 -0.002806979 
0 0 0 1 
0.9948798 0.0684546 0.0739711 -0.1208383 
0.07195599 -0.9963563 -0.0457807 0.05255295 
0.07056572 0.05087043 -0.9962084 -0.00280699 
0 0 0 1 
0.9948523 0.06706093 0.07559947 -0.1208384 
0.07227349 -0.9950302 -0.06849105 0.05255296 
0.07062871 0.07360444 -0.9947827 -0.002807003 
0 0 0 1 
0.9948264 0.06554405 0.07725282 -0.1208385 
0.07257888 -0.9931001 -0.09210905 0.05255296 
0.07068062 0.09724227 -0.9927471 -0.002807016 
0 0 0 1 
0.9948035 0.06390937 0.07890077 -0.1208386 
0.07285746 -0.9905346 -0.11633 0.05255296 
0.07071739 0.1214775 -0.9900712 -0.00280703 
0 0 0 1 
0.9947845 0.06216751 0.08051487 -0.1208386 
0.07309736 -0.9873286 -0.1408494 0.05255296 
0.07073642 0.1460044 -0.986751 -0.002807045 
0 0 0 1 
0.9947705 0.06033218 0.0820692 -0.1208387 
0.07328752 -0.9835054 -0.1653647 0.05255296 
0.07073672 0.1705195 -0.9828113 -0.002807058 
0 0 0 1 
0.994762 0.05842204 0.08354066 -0.1208388 
0.07341985 -0.9791165 -0.1895772 0.05255296 
0.07071861 0.1947234 -0.9783047 -0.002807071 
0 0 0 1 
0.9947594 0.05645973 0.08490939 -0.1208389 
0.07348854 -0.9742422 -0.2131935 0.05255296 
0.07068347 0.2183224 -0.9733129 -0.002807083 
0 0 0 1 
0.9947628 0.05447211 0.08615938 -0.120839 
0.07349088 -0.9689878 -0.2359272 0.05255296 
0.07063394 0.2410305 -0.9679433 -0.002807093 
0 0 0 1 
0.9947708 0.05237268 0.08735926 -0.120839 
0.07343976 -0.9631005 -0.2589276 0.05255296 
0.07057305 0.2639969 -0.9619375 -0.002807102 
0 0 0 1 
0.9947832 0.05009008 0.08854856 -0.1208391 
0.07334104 -0.956305 -0.2830216 0.05255297 
0.0705009 0.2880477 -0.9550166 -0.002807112 
0 0 0 1 
0.9948006 0.04768057 0.08967721 -0.1208392 
0.0731848 -0.9487436 -0.3074555 0.05255297 
0.07041908 0.3124289 -0.9473268 -0.002807122 
0 0 0 1 
0.9948229 0.04520994 0.09070421 -0.1208392 
0.07296756 -0.9406306 -0.3314951 0.05255297 
0.07033034 0.3364071 -0.939086 -0.002807131 
0 0 0 1 
0.9948494 0.04275363 0.09159921 -0.1208393 
0.07269304 -0.9322523 -0.3544302 0.05255297 
0.07023844 0.3592738 -0.9305847 -0.002807138 
0 0 0 1 
0.9948792 0.04039418 0.09234311 -0.1208393 
0.07237119 -0.9239605 -0.3755777 0.05255297 
0.07014829 0.3803484 -0.9221784 -0.002807143 
0 0 0 1 
0.9949109 0.03821927 0.09292591 -0.1208393 
0.07201649 -0.9161634 -0.3942809 0.05255297 
0.07006426 0.3989781 -0.9142789 -0.002807144 
0 0 0 1 
0.9949426 0.03632079 0.09334677 -0.1208393 
0.07164863 -0.9093087 -0.4099071 0.05255297 
0.0699909 0.4145343 -0.9073377 -0.002807142 
0 0 0 1 
0.9949726 0.03479112 0.09360907 -0.1208393 
0.07128878 -0.9038634 -0.4218388 0.05255297 
0.06993164 0.4264037 -0.9018248 -0.002807134 
0 0 0 1 
0.9949998 0.03370393 0.09371877 -0.1208392 
0.07095403 -0.9002244 -0.4296057 0.05255297 
0.06988658 0.4341198 -0.8981396 -0.002807121 
0 0 0 1 
0.9950239 0.03302133 0.09370542 -0.120839 
0.07064741 -0.8983001 -0.433665 0.05255296 
0.06985344 0.4381397 -0.896188 -0.002807102 
0 0 0 1 
0.9950455 0.03266562 0.09359974 -0.1208389 
0.07036635 -0.8977847 -0.4347762 0.05255296 
0.06982825 0.4392212 -0.8956603 -0.002807079 
0 0 0 1 
0.9950655 0.03255546 0.093426 -0.1208387 
0.07010477 -0.8983349 -0.4336806 0.05255296 
0.06980724 0.4381028 -0.8962095 -0.002807052 
0 0 0 1 
0.9950845 0.0326072 0.09320544 -0.1208385 
0.06985448 -0.8995904 -0.4311111 0.05255295 
0.06978747 0.4355153 -0.8974713 -0.002807024 
0 0 0 1 
0.9951032 0.03273796 0.09295953 -0.1208383 
0.06960812 -0.9011889 -0.4278 0.05255295 
0.06976684 0.4321884 -0.8990799 -0.002806994 
0 0 0 1 
0.9951222 0.03286664 0.09271071 -0.1208381 
0.06935977 -0.9027749 -0.4244832 0.05255295 
0.06974364 0.4288554 -0.9006761 -0.002806964 
0 0 0 1 
0.9951417 0.03291286 0.09248392 -0.1208379 
0.0691043 -0.9040039 -0.4219012 0.05255294 
0.06971792 0.4262548 -0.9019117 -0.002806935 
0 0 0 1 
0.995162 0.03279756 0.09230597 -0.1208377 
0.06883801 -0.9045383 -0.420798 0.05255294 
0.06969121 0.4251286 -0.9024453 -0.002806909 
0 0 0 1 
</float_array>
          <technique_common>
            <accessor count="72" offset="0" source="#RightThigh_0_2-Matrix-animation-output-transform-array" stride="16">
              <param type="float4x4" />
            </accessor>
          </technique_common>
        </source>
        <source id="RightThigh_0_2-Interpolations">
          <Name_array id="RightThigh_0_2-Interpolations-array" count="72">LINEAR
LINEAR
LINEAR
LINEAR
LINEAR
LINEAR
