<?xml version="1.0" encoding="utf-8"?>
<COLLADA xmlns:xsi="http://www.w3.org/2001/XMLSchema-instance" xmlns:xsd="http://www.w3.org/2001/XMLSchema" version="1.4.1" xmlns="http://www.collada.org/2005/11/COLLADASchema">
  <asset>
    <created>2017-06-01T10:06:18.7388321+03:00</created>
    <modified>2017-06-01T10:06:18.7388321+03:00</modified>
    <unit meter="1" name="meter" />
    <up_axis>Y_UP</up_axis>
    <contributor>
      <authoring_tool>Skele: Character Animation Tools</authoring_tool>
      <comments>https://www.assetstore.unity3d.com/en/#!/content/16899</comments>
    </contributor>
    <revision>1.0</revision>
  </asset>
  <library_animation_clips>
    <animation_clip name="KamaraPointFinger" start="0" end="3.5">
      <instance_animation url="KamaraPointFinger_0" />
    </animation_clip>
  </library_animation_clips>
  <library_animations>
    <animation id="KamaraPointFinger_0" name="KamaraPointFinger">
      <animation id="Chest_0_0-anim" name="Chest_0_0">
        <source id="Chest_0_0-Matrix-animation-input">
          <float_array id="Chest_0_0-Matrix-animation-input-array" count="211">0
0.01666667
0.03333334
0.05
0.06666667
0.08333334
0.1
0.1166667
0.1333333
0.15
0.1666667
0.1833333
0.2
0.2166667
0.2333333
0.25
0.2666667
0.2833334
0.3
0.3166667
0.3333334
0.3500001
0.3666668
0.3833334
0.4000001
0.4166668
0.4333335
0.4500002
0.4666668
0.4833335
0.5000002
0.5166668
0.5333335
0.5500001
0.5666668
0.5833334
0.6000001
0.6166667
0.6333334
0.65
0.6666667
0.6833333
0.7
0.7166666
0.7333333
0.7499999
0.7666666
0.7833332
0.7999999
0.8166665
0.8333332
0.8499998
0.8666665
0.8833331
0.8999998
0.9166664
0.9333331
0.9499997
0.9666664
0.9833331
0.9999997
1.016666
1.033333
1.05
1.066666
1.083333
1.1
1.116666
1.133333
1.15
1.166666
1.183333
1.2
1.216666
1.233333
1.25
1.266666
1.283333
1.299999
1.316666
1.333333
1.349999
1.366666
1.383333
1.399999
1.416666
1.433333
1.449999
1.466666
1.483333
1.499999
1.516666
1.533333
1.549999
1.566666
1.583333
1.599999
1.616666
1.633332
1.649999
1.666666
1.683332
1.699999
1.716666
1.733332
1.749999
1.766666
1.783332
1.799999
1.816666
1.833332
1.849999
1.866666
1.883332
1.899999
1.916666
1.933332
1.949999
1.966666
1.983332
1.999999
2.016665
2.033332
2.049999
2.066665
2.083332
2.099999
2.116665
2.133332
2.149999
2.166665
2.183332
2.199999
2.216665
2.233332
2.249999
2.266665
2.283332
2.299999
2.316665
2.333332
2.349998
2.366665
2.383332
2.399998
2.416665
2.433332
2.449998
2.466665
2.483332
2.499998
2.516665
2.533332
2.549998
2.566665
2.583332
2.599998
2.616665
2.633332
2.649998
2.666665
2.683331
2.699998
2.716665
2.733331
2.749998
2.766665
2.783331
2.799998
2.816665
2.833331
2.849998
2.866665
2.883331
2.899998
2.916665
2.933331
2.949998
2.966665
2.983331
2.999998
3.016665
3.033331
3.049998
3.066664
3.083331
3.099998
3.116664
3.133331
3.149998
3.166664
3.183331
3.199998
3.216664
3.233331
3.249998
3.266664
3.283331
3.299998
3.316664
3.333331
3.349998
3.366664
3.383331
3.399997
3.416664
3.433331
3.449997
3.466664
3.483331
3.499997
</float_array>
          <technique_common>
            <accessor count="211" offset="0" source="#Chest_0_0-Matrix-animation-input-array" stride="1">
              <param name="TIME" type="float" />
            </accessor>
          </technique_common>
        </source>
        <source id="Chest_0_0-Matrix-animation-output-transform">
          <float_array id="Chest_0_0-Matrix-animation-output-transform-array" count="3376">1 0 0 -2.642279E-12 
0 0.9999821 0.005980359 0.2666135 
0 -0.005980358 0.9999821 2.243303E-10 
0 0 0 1 
1 0 0 4.187577E-09 
0 0.9999876 0.004961559 0.2666135 
0 -0.004961559 0.9999877 7.17002E-09 
0 0 0 1 
1 0 0 8.454606E-09 
0 0.9999923 0.003924078 0.2666135 
0 -0.003924077 0.9999923 1.424303E-08 
0 0 0 1 
1 0 0 1.279618E-08 
0 0.9999958 0.002868467 0.2666135 
0 -0.002868466 0.9999959 2.143961E-08 
0 0 0 1 
1 0 0 1.721005E-08 
0 0.9999983 0.001795275 0.2666135 
0 -0.001795275 0.9999984 2.875602E-08 
0 0 0 1 
1 0 0 2.169396E-08 
0 0.9999997 0.0007050547 0.2666135 
0 -0.0007050546 0.9999998 3.618851E-08 
0 0 0 1 
1 0 0 2.624563E-08 
0 0.9999999 -0.0004016453 0.2666135 
0 0.0004016452 0.9999999 4.373334E-08 
0 0 0 1 
1 0 0 3.086281E-08 
0 0.9999988 -0.001524274 0.2666135 
0 0.001524274 0.9999989 5.138676E-08 
0 0 0 1 
1 0 0 3.554326E-08 
0 0.9999964 -0.002662279 0.2666135 
0 0.002662279 0.9999965 5.914504E-08 
0 0 0 1 
1 0 0 4.028469E-08 
0 0.9999927 -0.003815113 0.2666135 
0 0.003815113 0.9999927 6.700443E-08 
0 0 0 1 
1 0 0 4.508486E-08 
0 0.9999875 -0.004982221 0.2666135 
0 0.004982221 0.9999876 7.496117E-08 
0 0 0 1 
1 0 0 4.994151E-08 
0 0.9999809 -0.006163056 0.2666135 
0 0.006163056 0.999981 8.301153E-08 
0 0 0 1 
1 0 0 5.485238E-08 
0 0.9999729 -0.007357064 0.2666135 
0 0.007357063 0.9999729 9.115175E-08 
0 0 0 1 
1 0 0 5.98152E-08 
0 0.9999633 -0.008563693 0.2666135 
0 0.008563692 0.9999633 9.937811E-08 
0 0 0 1 
1 0 0 6.482772E-08 
0 0.9999521 -0.009782395 0.2666135 
0 0.009782394 0.9999521 1.076869E-07 
0 0 0 1 
1 0 0 6.988769E-08 
0 0.9999393 -0.01101261 0.2666135 
0 0.01101261 0.9999394 1.160742E-07 
0 0 0 1 
1 0 0 7.499284E-08 
0 0.9999248 -0.0122538 0.2666135 
0 0.0122538 0.9999249 1.245365E-07 
0 0 0 1 
1 0 0 8.014091E-08 
0 0.9999087 -0.01350541 0.2666135 
0 0.01350541 0.9999088 1.330699E-07 
0 0 0 1 
1 0 0 8.532965E-08 
0 0.9998909 -0.01476688 0.2666135 
0 0.01476688 0.999891 1.416708E-07 
0 0 0 1 
1 0 0 9.05568E-08 
0 0.9998713 -0.01603766 0.2666135 
0 0.01603766 0.9998714 1.503352E-07 
0 0 0 1 
1 0 0 9.582009E-08 
0 0.99985 -0.01731721 0.2666135 
0 0.01731721 0.99985 1.590596E-07 
0 0 0 1 
1 0 0 1.011173E-07 
0 0.9998268 -0.01860496 0.2666135 
0 0.01860496 0.9998269 1.678402E-07 
0 0 0 1 
1 0 0 1.064461E-07 
0 0.9998019 -0.01990037 0.2666135 
0 0.01990037 0.999802 1.766732E-07 
0 0 0 1 
1 0 0 1.118042E-07 
0 0.9997751 -0.02120289 0.2666135 
0 0.02120289 0.9997752 1.855549E-07 
0 0 0 1 
1 0 0 1.171895E-07 
0 0.9997465 -0.02251196 0.2666135 
0 0.02251196 0.9997466 1.944815E-07 
0 0 0 1 
1 0 0 1.225996E-07 
0 0.999716 -0.02382703 0.2666135 
0 0.02382703 0.9997161 2.034493E-07 
0 0 0 1 
1 0 0 1.280324E-07 
0 0.9996837 -0.02514756 0.2666135 
0 0.02514756 0.9996837 2.124546E-07 
0 0 0 1 
1 0 0 1.334854E-07 
0 0.9996495 -0.02647298 0.2666135 
0 0.02647298 0.9996495 2.214935E-07 
0 0 0 1 
1 0 0 1.389565E-07 
0 0.9996133 -0.02780274 0.2666135 
0 0.02780274 0.9996134 2.305624E-07 
0 0 0 1 
1 0 0 1.444435E-07 
0 0.9995754 -0.0291363 0.2666135 
0 0.0291363 0.9995754 2.396575E-07 
0 0 0 1 
1 0 0 1.49944E-07 
0 0.9995355 -0.03047311 0.2666135 
0 0.0304731 0.9995356 2.487751E-07 
0 0 0 1 
1 0 0 1.554557E-07 
0 0.9994938 -0.03181259 0.2666135 
0 0.03181259 0.9994938 2.579114E-07 
0 0 0 1 
1 0 0 1.609765E-07 
0 0.9994502 -0.03315423 0.2666135 
0 0.03315422 0.9994503 2.670627E-07 
0 0 0 1 
1 0 0 1.665041E-07 
0 0.9994047 -0.03449745 0.2666135 
0 0.03449745 0.9994048 2.762252E-07 
0 0 0 1 
1 0 0 1.720362E-07 
0 0.9993574 -0.0358417 0.2666135 
0 0.03584169 0.9993575 2.853952E-07 
0 0 0 1 
1 0 0 1.775706E-07 
0 0.9993083 -0.03718643 0.2666135 
0 0.03718643 0.9993083 2.945689E-07 
0 0 0 1 
1 0 0 1.83105E-07 
0 0.9992573 -0.0385311 0.2666135 
0 0.03853109 0.9992574 3.037426E-07 
0 0 0 1 
1 0 0 1.886371E-07 
0 0.9992046 -0.03987515 0.2666135 
0 0.03987514 0.9992047 3.129127E-07 
0 0 0 1 
1 0 0 1.941647E-07 
0 0.9991501 -0.04121803 0.2666135 
0 0.04121802 0.9991502 3.220752E-07 
0 0 0 1 
1 0 0 1.996855E-07 
0 0.9990939 -0.04255919 0.2666135 
0 0.04255919 0.9990939 3.312264E-07 
0 0 0 1 
1 0 0 2.051973E-07 
0 0.999036 -0.04389808 0.2666135 
0 0.04389808 0.999036 3.403627E-07 
0 0 0 1 
1 0 0 2.106977E-07 
0 0.9989763 -0.04523414 0.2666135 
0 0.04523414 0.9989764 3.494803E-07 
0 0 0 1 
1 0 0 2.161847E-07 
0 0.9989151 -0.04656684 0.2666135 
0 0.04656684 0.9989152 3.585754E-07 
0 0 0 1 
1 0 0 2.216558E-07 
0 0.9988523 -0.04789561 0.2666135 
0 0.0478956 0.9988524 3.676443E-07 
0 0 0 1 
1 0 0 2.271088E-07 
0 0.9987879 -0.0492199 0.2666135 
0 0.0492199 0.9987879 3.766832E-07 
0 0 0 1 
1 0 0 2.325415E-07 
0 0.998722 -0.05053917 0.2666135 
0 0.05053917 0.9987221 3.856885E-07 
0 0 0 1 
1 0 0 2.379517E-07 
0 0.9986547 -0.05185287 0.2666135 
0 0.05185287 0.9986547 3.946563E-07 
0 0 0 1 
1 0 0 2.43337E-07 
0 0.9985859 -0.05316044 0.2666135 
0 0.05316044 0.998586 4.035828E-07 
0 0 0 1 
1 0 0 2.486951E-07 
0 0.9985158 -0.05446135 0.2666135 
0 0.05446135 0.9985159 4.124645E-07 
0 0 0 1 
1 0 0 2.540239E-07 
0 0.9984444 -0.05575503 0.2666135 
0 0.05575503 0.9984445 4.212975E-07 
0 0 0 1 
1 0 0 2.593211E-07 
0 0.9983718 -0.05704094 0.2666135 
0 0.05704094 0.9983718 4.30078E-07 
0 0 0 1 
1 0 0 2.645843E-07 
0 0.998298 -0.05831853 0.2666135 
0 0.05831853 0.998298 4.388024E-07 
0 0 0 1 
1 0 0 2.698115E-07 
0 0.9982231 -0.05958726 0.2666135 
0 0.05958725 0.9982231 4.474669E-07 
0 0 0 1 
1 0 0 2.750002E-07 
0 0.9981471 -0.06084656 0.2666135 
0 0.06084656 0.9981471 4.560677E-07 
0 0 0 1 
1 0 0 2.801483E-07 
0 0.9980701 -0.0620959 0.2666135 
0 0.06209589 0.9980702 4.646011E-07 
0 0 0 1 
1 0 0 2.852534E-07 
0 0.9979923 -0.06333472 0.2666135 
0 0.06333471 0.9979923 4.730634E-07 
0 0 0 1 
1 0 0 2.903134E-07 
0 0.9979136 -0.0645625 0.2666135 
0 0.06456249 0.9979137 4.814507E-07 
0 0 0 1 
1 0 0 2.953259E-07 
0 0.9978342 -0.06577865 0.2666135 
0 0.06577864 0.9978343 4.897595E-07 
0 0 0 1 
1 0 0 3.002887E-07 
0 0.9977541 -0.06698266 0.2666135 
0 0.06698265 0.9977542 4.979858E-07 
0 0 0 1 
1 0 0 3.051996E-07 
0 0.9976734 -0.06817396 0.2666135 
0 0.06817395 0.9976735 5.06126E-07 
0 0 0 1 
1 0 0 3.100562E-07 
0 0.9975922 -0.06935202 0.2666135 
0 0.06935201 0.9975923 5.141763E-07 
0 0 0 1 
1 0 0 3.148564E-07 
0 0.9975106 -0.07051628 0.2666135 
0 0.07051627 0.9975106 5.221331E-07 
0 0 0 1 
1 0 0 3.195978E-07 
0 0.9974286 -0.0716662 0.2666135 
0 0.0716662 0.9974287 5.299925E-07 
0 0 0 1 
1 0 0 3.242783E-07 
0 0.9973464 -0.07280125 0.2666135 
0 0.07280124 0.9973465 5.377508E-07 
0 0 0 1 
1 0 0 3.288955E-07 
0 0.997264 -0.07392085 0.2666135 
0 0.07392084 0.9972641 5.454042E-07 
0 0 0 1 
1 0 0 3.334471E-07 
0 0.9971817 -0.07502448 0.2666135 
0 0.07502447 0.9971817 5.52949E-07 
0 0 0 1 
1 0 0 3.37931E-07 
0 0.9970992 -0.07611158 0.2666135 
0 0.07611157 0.9970993 5.603815E-07 
0 0 0 1 
1 0 0 3.423449E-07 
0 0.997017 -0.07718161 0.2666135 
0 0.0771816 0.997017 5.67698E-07 
0 0 0 1 
1 0 0 3.466865E-07 
0 0.996935 -0.07823404 0.2666135 
0 0.07823403 0.996935 5.748944E-07 
0 0 0 1 
1 0 0 3.509535E-07 
0 0.9968532 -0.07926831 0.2666135 
0 0.0792683 0.9968533 5.819675E-07 
0 0 0 1 
1 0 0 3.551437E-07 
0 0.996772 -0.08028388 0.2666135 
0 0.08028387 0.9967721 5.889132E-07 
0 0 0 1 
1 0 0 3.592549E-07 
0 0.9966912 -0.08128019 0.2666135 
0 0.08128019 0.9966913 5.957278E-07 
0 0 0 1 
1 0 0 3.632847E-07 
0 0.9966111 -0.08225673 0.2666135 
0 0.08225673 0.9966112 6.024076E-07 
0 0 0 1 
1 0 0 3.672309E-07 
0 0.9965317 -0.08321293 0.2666135 
0 0.08321293 0.9965318 6.089489E-07 
0 0 0 1 
1 0 0 3.710913E-07 
0 0.9964532 -0.08414827 0.2666135 
0 0.08414826 0.9964532 6.153478E-07 
0 0 0 1 
1 0 0 3.748636E-07 
0 0.9963756 -0.0850622 0.2666135 
0 0.08506219 0.9963756 6.216008E-07 
0 0 0 1 
1 0 0 3.785456E-07 
0 0.996299 -0.08595412 0.2666135 
0 0.08595411 0.9962991 6.277039E-07 
0 0 0 1 
1 0 0 3.821349E-07 
0 0.9962236 -0.08682357 0.2666135 
0 0.08682356 0.9962237 6.336535E-07 
0 0 0 1 
1 0 0 3.856293E-07 
0 0.9961495 -0.08766998 0.2666135 
0 0.08766997 0.9961496 6.394459E-07 
0 0 0 1 
1 0 0 3.890266E-07 
0 0.9960768 -0.08849279 0.2666135 
0 0.08849278 0.9960768 6.450772E-07 
0 0 0 1 
1 0 0 3.923244E-07 
0 0.9960055 -0.08929145 0.2666135 
0 0.08929144 0.9960055 6.505438E-07 
0 0 0 1 
1 0 0 3.955207E-07 
0 0.9959358 -0.09006546 0.2666135 
0 0.09006545 0.9959359 6.558417E-07 
0 0 0 1 
1 0 0 3.98613E-07 
0 0.9958678 -0.09081425 0.2666135 
0 0.09081424 0.9958678 6.609676E-07 
0 0 0 1 
1 0 0 4.015991E-07 
0 0.9958016 -0.09153727 0.2666135 
0 0.09153726 0.9958016 6.659174E-07 
0 0 0 1 
1 0 0 4.044768E-07 
0 0.9957373 -0.09223399 0.2666135 
0 0.09223399 0.9957374 6.706874E-07 
0 0 0 1 
1 0 0 4.072438E-07 
0 0.995675 -0.09290388 0.2666135 
0 0.09290387 0.9956751 6.75274E-07 
0 0 0 1 
1 0 0 4.098979E-07 
0 0.9956149 -0.09354638 0.2666135 
0 0.09354637 0.9956149 6.796733E-07 
0 0 0 1 
1 0 0 4.124367E-07 
0 0.995557 -0.09416096 0.2666135 
0 0.09416095 0.995557 6.838816E-07 
0 0 0 1 
1 0 0 4.148581E-07 
0 0.9955013 -0.09474704 0.2666135 
0 0.09474704 0.9955014 6.878953E-07 
0 0 0 1 
1 0 0 4.171597E-07 
0 0.9954481 -0.09530415 0.2666135 
0 0.09530414 0.9954482 6.917105E-07 
0 0 0 1 
1 0 0 4.193393E-07 
0 0.9953975 -0.09583167 0.2666135 
0 0.09583166 0.9953976 6.953234E-07 
0 0 0 1 
1 0 0 4.213947E-07 
0 0.9953495 -0.09632911 0.2666135 
0 0.0963291 0.9953495 6.987304E-07 
0 0 0 1 
1 0 0 4.233236E-07 
0 0.9953042 -0.09679592 0.2666135 
0 0.09679591 0.9953042 7.019277E-07 
0 0 0 1 
1 0 0 4.251237E-07 
0 0.9952617 -0.09723152 0.2666135 
0 0.09723151 0.9952618 7.049116E-07 
0 0 0 1 
1 0 0 4.267928E-07 
0 0.9952222 -0.09763543 0.2666135 
0 0.09763542 0.9952223 7.076782E-07 
0 0 0 1 
1 0 0 4.283286E-07 
0 0.9951857 -0.09800707 0.2666135 
0 0.09800706 0.9951857 7.10224E-07 
0 0 0 1 
1 0 0 4.297289E-07 
0 0.9951522 -0.09834586 0.2666135 
0 0.09834585 0.9951523 7.12545E-07 
0 0 0 1 
1 0 0 4.309913E-07 
0 0.995122 -0.09865133 0.2666135 
0 0.09865133 0.9951221 7.146377E-07 
0 0 0 1 
1 0 0 4.321137E-07 
0 0.995095 -0.09892289 0.2666135 
0 0.09892288 0.9950951 7.164982E-07 
0 0 0 1 
1 0 0 4.330938E-07 
0 0.9950715 -0.09916002 0.2666135 
0 0.09916002 0.9950715 7.181227E-07 
0 0 0 1 
1 0 0 4.339293E-07 
0 0.9950513 -0.09936216 0.2666135 
0 0.09936215 0.9950513 7.195076E-07 
0 0 0 1 
1 0 0 4.34618E-07 
0 0.9950346 -0.09952877 0.2666135 
0 0.09952876 0.9950347 7.206492E-07 
0 0 0 1 
1 0 0 4.351575E-07 
0 0.9950216 -0.09965931 0.2666135 
0 0.0996593 0.9950216 7.215435E-07 
0 0 0 1 
1 0 0 4.355457E-07 
0 0.9950122 -0.09975322 0.2666135 
0 0.09975322 0.9950122 7.221869E-07 
0 0 0 1 
1 0 0 4.357803E-07 
0 0.9950064 -0.09980996 0.2666135 
0 0.09980995 0.9950065 7.225758E-07 
0 0 0 1 
1 0 0 4.35859E-07 
0 0.9950045 -0.09982902 0.2666135 
0 0.09982901 0.9950046 7.227063E-07 
0 0 0 1 
1 0 0 4.357802E-07 
0 0.9950064 -0.09980997 0.2666135 
0 0.09980997 0.9950065 7.22576E-07 
0 0 0 1 
1 0 0 4.355456E-07 
0 0.9950122 -0.09975324 0.2666135 
0 0.09975323 0.9950122 7.221872E-07 
0 0 0 1 
1 0 0 4.351575E-07 
0 0.9950216 -0.09965932 0.2666135 
0 0.09965932 0.9950216 7.215437E-07 
0 0 0 1 
1 0 0 4.346179E-07 
0 0.9950346 -0.09952878 0.2666135 
0 0.09952877 0.9950347 7.206494E-07 
0 0 0 1 
1 0 0 4.339293E-07 
0 0.9950513 -0.09936217 0.2666135 
0 0.09936216 0.9950513 7.195079E-07 
0 0 0 1 
1 0 0 4.330938E-07 
0 0.9950714 -0.09916005 0.2666135 
0 0.09916005 0.9950715 7.18123E-07 
0 0 0 1 
1 0 0 4.321138E-07 
0 0.995095 -0.09892292 0.2666135 
0 0.09892292 0.9950951 7.164985E-07 
0 0 0 1 
1 0 0 4.309914E-07 
0 0.995122 -0.09865136 0.2666135 
0 0.09865136 0.9951221 7.14638E-07 
0 0 0 1 
1 0 0 4.297289E-07 
0 0.9951522 -0.09834591 0.2666135 
0 0.0983459 0.9951523 7.125454E-07 
0 0 0 1 
1 0 0 4.283287E-07 
0 0.9951857 -0.09800711 0.2666135 
0 0.09800711 0.9951857 7.102244E-07 
0 0 0 1 
1 0 0 4.267929E-07 
0 0.9952222 -0.09763549 0.2666135 
0 0.09763548 0.9952223 7.076787E-07 
0 0 0 1 
1 0 0 4.251239E-07 
0 0.9952617 -0.09723158 0.2666135 
0 0.09723157 0.9952618 7.049121E-07 
0 0 0 1 
1 0 0 4.233237E-07 
0 0.9953042 -0.09679597 0.2666135 
0 0.09679596 0.9953042 7.019282E-07 
0 0 0 1 
1 0 0 4.213949E-07 
0 0.9953495 -0.09632917 0.2666135 
0 0.09632916 0.9953495 6.987309E-07 
0 0 0 1 
1 0 0 4.193395E-07 
0 0.9953975 -0.09583174 0.2666135 
0 0.09583173 0.9953976 6.953239E-07 
0 0 0 1 
1 0 0 4.171599E-07 
0 0.9954481 -0.09530421 0.2666135 
0 0.09530421 0.9954482 6.91711E-07 
0 0 0 1 
1 0 0 4.148582E-07 
0 0.9955013 -0.09474712 0.2666135 
0 0.09474711 0.9955014 6.878959E-07 
0 0 0 1 
1 0 0 4.124369E-07 
0 0.9955569 -0.09416103 0.2666135 
0 0.09416102 0.995557 6.838822E-07 
0 0 0 1 
1 0 0 4.098981E-07 
0 0.9956149 -0.09354645 0.2666135 
0 0.09354644 0.9956149 6.796739E-07 
0 0 0 1 
1 0 0 4.07244E-07 
0 0.995675 -0.09290396 0.2666135 
0 0.09290395 0.9956751 6.752746E-07 
0 0 0 1 
1 0 0 4.044771E-07 
0 0.9957373 -0.09223409 0.2666135 
0 0.09223408 0.9957374 6.706881E-07 
0 0 0 1 
1 0 0 4.015994E-07 
0 0.9958016 -0.09153736 0.2666135 
0 0.09153735 0.9958016 6.65918E-07 
0 0 0 1 
1 0 0 3.986133E-07 
0 0.9958678 -0.09081434 0.2666135 
0 0.09081433 0.9958678 6.609682E-07 
0 0 0 1 
1 0 0 3.95521E-07 
0 0.9959358 -0.09006555 0.2666135 
0 0.09006554 0.9959359 6.558424E-07 
0 0 0 1 
1 0 0 3.923248E-07 
0 0.9960055 -0.08929155 0.2666135 
0 0.08929154 0.9960055 6.505444E-07 
0 0 0 1 
1 0 0 3.890269E-07 
0 0.9960768 -0.08849288 0.2666135 
0 0.08849287 0.9960768 6.450779E-07 
0 0 0 1 
1 0 0 3.856296E-07 
0 0.9961495 -0.08767007 0.2666135 
0 0.08767007 0.9961495 6.394466E-07 
0 0 0 1 
1 0 0 3.821352E-07 
0 0.9962236 -0.08682367 0.2666135 
0 0.08682366 0.9962237 6.336543E-07 
0 0 0 1 
1 0 0 3.785459E-07 
0 0.996299 -0.08595423 0.2666135 
0 0.08595422 0.9962991 6.277047E-07 
0 0 0 1 
1 0 0 3.74864E-07 
0 0.9963756 -0.0850623 0.2666135 
0 0.08506229 0.9963756 6.216015E-07 
0 0 0 1 
1 0 0 3.710917E-07 
0 0.9964532 -0.08414836 0.2666135 
0 0.08414835 0.9964532 6.153487E-07 
0 0 0 1 
1 0 0 3.672313E-07 
0 0.9965317 -0.08321305 0.2666135 
0 0.08321305 0.9965318 6.089497E-07 
0 0 0 1 
1 0 0 3.632851E-07 
0 0.9966111 -0.08225684 0.2666135 
0 0.08225683 0.9966112 6.024085E-07 
0 0 0 1 
1 0 0 3.592553E-07 
0 0.9966912 -0.08128031 0.2666135 
0 0.08128031 0.9966913 5.957286E-07 
0 0 0 1 
1 0 0 3.551442E-07 
0 0.996772 -0.080284 0.2666135 
0 0.08028399 0.9967721 5.88914E-07 
0 0 0 1 
1 0 0 3.509539E-07 
0 0.9968532 -0.07926843 0.2666135 
0 0.07926842 0.9968533 5.819684E-07 
0 0 0 1 
1 0 0 3.466869E-07 
0 0.996935 -0.07823415 0.2666135 
0 0.07823414 0.996935 5.748954E-07 
0 0 0 1 
1 0 0 3.423454E-07 
0 0.997017 -0.07718173 0.2666135 
0 0.07718173 0.997017 5.676988E-07 
0 0 0 1 
1 0 0 3.379315E-07 
0 0.9970992 -0.0761117 0.2666135 
0 0.0761117 0.9970993 5.603824E-07 
0 0 0 1 
1 0 0 3.334476E-07 
0 0.9971816 -0.0750246 0.2666135 
0 0.0750246 0.9971817 5.529499E-07 
0 0 0 1 
1 0 0 3.28896E-07 
0 0.997264 -0.07392097 0.2666135 
0 0.07392097 0.9972641 5.454052E-07 
0 0 0 1 
1 0 0 3.242788E-07 
0 0.9973464 -0.07280138 0.2666135 
0 0.07280137 0.9973465 5.377518E-07 
0 0 0 1 
1 0 0 3.195983E-07 
0 0.9974286 -0.07166635 0.2666135 
0 0.07166634 0.9974287 5.299935E-07 
0 0 0 1 
1 0 0 3.148569E-07 
0 0.9975106 -0.07051642 0.2666135 
0 0.07051641 0.9975106 5.221341E-07 
0 0 0 1 
1 0 0 3.100567E-07 
0 0.9975922 -0.06935216 0.2666135 
0 0.06935216 0.9975922 5.141774E-07 
0 0 0 1 
1 0 0 3.052001E-07 
0 0.9976734 -0.0681741 0.2666135 
0 0.06817409 0.9976735 5.06127E-07 
0 0 0 1 
1 0 0 3.002893E-07 
0 0.9977541 -0.06698281 0.2666135 
0 0.06698281 0.9977542 4.979868E-07 
0 0 0 1 
1 0 0 2.953265E-07 
0 0.9978341 -0.0657788 0.2666135 
0 0.06577879 0.9978342 4.897605E-07 
0 0 0 1 
1 0 0 2.903139E-07 
0 0.9979136 -0.06456264 0.2666135 
0 0.06456263 0.9979137 4.814518E-07 
0 0 0 1 
1 0 0 2.85254E-07 
0 0.9979923 -0.06333487 0.2666135 
0 0.06333486 0.9979923 4.730644E-07 
0 0 0 1 
1 0 0 2.801488E-07 
0 0.9980701 -0.06209605 0.2666135 
0 0.06209604 0.9980702 4.646022E-07 
0 0 0 1 
1 0 0 2.750008E-07 
0 0.9981471 -0.06084671 0.2666135 
0 0.0608467 0.9981471 4.560687E-07 
0 0 0 1 
1 0 0 2.698121E-07 
0 0.998223 -0.0595874 0.2666135 
0 0.0595874 0.9982231 4.47468E-07 
0 0 0 1 
1 0 0 2.645849E-07 
0 0.9982979 -0.05831868 0.2666135 
0 0.05831868 0.998298 4.388035E-07 
0 0 0 1 
1 0 0 2.593217E-07 
0 0.9983718 -0.0570411 0.2666135 
0 0.05704109 0.9983718 4.300791E-07 
0 0 0 1 
1 0 0 2.540245E-07 
0 0.9984444 -0.05575519 0.2666135 
0 0.05575519 0.9984445 4.212986E-07 
0 0 0 1 
1 0 0 2.486957E-07 
0 0.9985158 -0.05446151 0.2666135 
0 0.05446151 0.9985158 4.124656E-07 
0 0 0 1 
1 0 0 2.433375E-07 
0 0.9985859 -0.05316061 0.2666135 
0 0.0531606 0.998586 4.035839E-07 
0 0 0 1 
1 0 0 2.379523E-07 
0 0.9986547 -0.05185303 0.2666135 
0 0.05185303 0.9986547 3.946573E-07 
0 0 0 1 
1 0 0 2.325421E-07 
0 0.998722 -0.05053933 0.2666135 
0 0.05053933 0.9987221 3.856896E-07 
0 0 0 1 
1 0 0 2.271095E-07 
0 0.9987879 -0.04922006 0.2666135 
0 0.04922006 0.9987879 3.766844E-07 
0 0 0 1 
1 0 0 2.216564E-07 
0 0.9988523 -0.04789577 0.2666135 
0 0.04789576 0.9988523 3.676454E-07 
0 0 0 1 
1 0 0 2.161853E-07 
0 0.9989151 -0.046567 0.2666135 
0 0.04656699 0.9989152 3.585765E-07 
0 0 0 1 
1 0 0 2.106984E-07 
0 0.9989763 -0.0452343 0.2666135 
0 0.0452343 0.9989764 3.494814E-07 
0 0 0 1 
1 0 0 2.051979E-07 
0 0.999036 -0.04389824 0.2666135 
0 0.04389823 0.999036 3.403638E-07 
0 0 0 1 
1 0 0 1.996861E-07 
0 0.9990939 -0.04255936 0.2666135 
0 0.04255936 0.9990939 3.312276E-07 
0 0 0 1 
1 0 0 1.941653E-07 
0 0.9991501 -0.04121819 0.2666135 
0 0.04121819 0.9991502 3.220763E-07 
0 0 0 1 
1 0 0 1.886377E-07 
0 0.9992046 -0.03987531 0.2666135 
0 0.03987531 0.9992046 3.129138E-07 
0 0 0 1 
1 0 0 1.831056E-07 
0 0.9992573 -0.03853126 0.2666135 
0 0.03853125 0.9992574 3.037438E-07 
0 0 0 1 
1 0 0 1.775712E-07 
0 0.9993083 -0.03718659 0.2666135 
0 0.03718659 0.9993083 2.9457E-07 
0 0 0 1 
1 0 0 1.720369E-07 
0 0.9993574 -0.03584186 0.2666135 
0 0.03584185 0.9993575 2.853963E-07 
0 0 0 1 
1 0 0 1.665047E-07 
0 0.9994047 -0.03449761 0.2666135 
0 0.0344976 0.9994048 2.762263E-07 
0 0 0 1 
1 0 0 1.609772E-07 
0 0.9994502 -0.03315438 0.2666135 
0 0.03315438 0.9994503 2.670638E-07 
0 0 0 1 
1 0 0 1.554563E-07 
0 0.9994938 -0.03181275 0.2666135 
0 0.03181275 0.9994938 2.579125E-07 
0 0 0 1 
1 0 0 1.499446E-07 
0 0.9995355 -0.03047326 0.2666135 
0 0.03047326 0.9995356 2.487762E-07 
0 0 0 1 
1 0 0 1.44444E-07 
0 0.9995754 -0.02913647 0.2666135 
0 0.02913646 0.9995754 2.396586E-07 
0 0 0 1 
1 0 0 1.389571E-07 
0 0.9996133 -0.02780292 0.2666135 
0 0.02780291 0.9996134 2.305635E-07 
0 0 0 1 
1 0 0 1.33486E-07 
0 0.9996495 -0.02647315 0.2666135 
0 0.02647315 0.9996495 2.214946E-07 
0 0 0 1 
1 0 0 1.28033E-07 
0 0.9996837 -0.02514773 0.2666135 
0 0.02514773 0.9996837 2.124557E-07 
0 0 0 1 
1 0 0 1.226003E-07 
0 0.999716 -0.0238272 0.2666135 
0 0.0238272 0.9997161 2.034505E-07 
0 0 0 1 
1 0 0 1.171902E-07 
0 0.9997465 -0.02251214 0.2666135 
0 0.02251214 0.9997466 1.944827E-07 
0 0 0 1 
1 0 0 1.118049E-07 
0 0.9997751 -0.02120306 0.2666135 
0 0.02120306 0.9997752 1.855561E-07 
0 0 0 1 
1 0 0 1.064467E-07 
0 0.9998019 -0.01990054 0.2666135 
0 0.01990054 0.999802 1.766743E-07 
0 0 0 1 
1 0 0 1.011179E-07 
0 0.9998268 -0.01860514 0.2666135 
0 0.01860513 0.9998269 1.678414E-07 
0 0 0 1 
1 0 0 9.582075E-08 
0 0.99985 -0.01731738 0.2666135 
0 0.01731738 0.99985 1.590608E-07 
0 0 0 1 
1 0 0 9.055748E-08 
0 0.9998713 -0.01603784 0.2666135 
0 0.01603784 0.9998714 1.503365E-07 
0 0 0 1 
1 0 0 8.53303E-08 
0 0.9998909 -0.01476707 0.2666135 
0 0.01476707 0.999891 1.41672E-07 
0 0 0 1 
1 0 0 8.014158E-08 
0 0.9999087 -0.0135056 0.2666135 
0 0.01350559 0.9999088 1.330712E-07 
0 0 0 1 
1 0 0 7.499349E-08 
0 0.9999248 -0.01225399 0.2666135 
0 0.01225399 0.9999249 1.245377E-07 
0 0 0 1 
1 0 0 6.988836E-08 
0 0.9999393 -0.01101279 0.2666135 
0 0.01101279 0.9999394 1.160755E-07 
0 0 0 1 
1 0 0 6.482841E-08 
0 0.9999521 -0.009782576 0.2666135 
0 0.009782575 0.9999521 1.076881E-07 
0 0 0 1 
1 0 0 5.981585E-08 
0 0.9999633 -0.008563872 0.2666135 
0 0.008563871 0.9999633 9.937941E-08 
0 0 0 1 
1 0 0 5.485302E-08 
0 0.9999729 -0.007357242 0.2666135 
0 0.007357241 0.9999729 9.115303E-08 
0 0 0 1 
1 0 0 4.994214E-08 
0 0.9999809 -0.006163232 0.2666135 
0 0.006163232 0.999981 8.301282E-08 
0 0 0 1 
1 0 0 4.50855E-08 
0 0.9999875 -0.004982396 0.2666135 
0 0.004982396 0.9999876 7.496237E-08 
0 0 0 1 
1 0 0 4.028533E-08 
0 0.9999927 -0.003815294 0.2666135 
0 0.003815294 0.9999927 6.700566E-08 
0 0 0 1 
1 0 0 3.554391E-08 
0 0.9999964 -0.002662459 0.2666135 
0 0.002662459 0.9999965 5.914632E-08 
0 0 0 1 
1 0 0 3.086345E-08 
0 0.9999988 -0.001524451 0.2666135 
0 0.001524451 0.9999989 5.138804E-08 
0 0 0 1 
1 0 0 2.624628E-08 
0 0.9999999 -0.0004018294 0.2666135 
0 0.0004018294 0.9999999 4.373464E-08 
0 0 0 1 
1 0 0 2.169458E-08 
0 0.9999997 0.0007048887 0.2666135 
0 -0.0007048887 0.9999998 3.618976E-08 
0 0 0 1 
1 0 0 1.721065E-08 
0 0.9999983 0.001795103 0.2666135 
0 -0.001795103 0.9999984 2.87572E-08 
0 0 0 1 
1 0 0 1.279679E-08 
0 0.9999958 0.002868296 0.2666135 
0 -0.002868295 0.9999959 2.144077E-08 
0 0 0 1 
1 0 0 8.455174E-09 
0 0.9999923 0.003923917 0.2666135 
0 -0.003923916 0.9999923 1.424428E-08 
0 0 0 1 
1 0 0 4.188138E-09 
0 0.9999877 0.004961399 0.2666135 
0 -0.004961399 0.9999877 7.171195E-09 
0 0 0 1 
1 0 0 -2.046363E-12 
0 0.9999821 0.005980199 0.2666135 
0 -0.005980198 0.9999821 2.255547E-10 
0 0 0 1 
</float_array>
          <technique_common>
            <accessor count="211" offset="0" source="#Chest_0_0-Matrix-animation-output-transform-array" stride="16">
              <param type="float4x4" />
            </accessor>
          </technique_common>
        </source>
        <source id="Chest_0_0-Interpolations">
          <Name_array id="Chest_0_0-Interpolations-array" count="211">LINEAR
LINEAR
LINEAR
LINEAR
LINEAR
LINEAR
LINEAR
LINEAR
LINEAR
LINEAR
LINEAR
LINEAR
LINEAR
LINEAR
LINEAR
LINEAR
LINEAR
LINEAR
LINEAR
LINEAR
LINEAR
LINEAR
LINEAR
LINEAR
LINEAR
LINEAR
LINEAR
LINEAR
LINEAR
LINEAR
LINEAR
LINEAR
LINEAR
LINEAR
LINEAR
LINEAR
LINEAR
LINEAR
LINEAR
LINEAR
LINEAR
LINEAR
LINEAR
LINEAR
LINEAR
LINEAR
LINEAR
LINEAR
LINEAR
LINEAR
LINEAR
LINEAR
LINEAR
LINEAR
LINEAR
LINEAR
LINEAR
LINEAR
LINEAR
LINEAR
LINEAR
LINEAR
LINEAR
LINEAR
LINEAR
LINEAR
LINEAR
LINEAR
LINEAR
LINEAR
LINEAR
LINEAR
LINEAR
LINEAR
LINEAR
LINEAR
LINEAR
LINEAR
LINEAR
LINEAR
LINEAR
LINEAR
LINEAR
LINEAR
LINEAR
LINEAR
LINEAR
LINEAR
LINEAR
LINEAR
LINEAR
LINEAR
LINEAR
LINEAR
LINEAR
LINEAR
LINEAR
LINEAR
LINEAR
LINEAR
LINEAR
LINEAR
LINEAR
LINEAR
LINEAR
LINEAR
LINEAR
LINEAR
LINEAR
LINEAR
LINEAR
LINEAR
LINEAR
LINEAR
LINEAR
LINEAR
LINEAR
LINEAR
LINEAR
LINEAR
LINEAR
LINEAR
LINEAR
LINEAR
LINEAR
LINEAR
LINEAR
LINEAR
LINEAR
LINEAR
LINEAR
LINEAR
LINEAR
LINEAR
LINEAR
LINEAR
LINEAR
LINEAR
LINEAR
LINEAR
LINEAR
LINEAR
LINEAR
LINEAR
LINEAR
LINEAR
LINEAR
LINEAR
LINEAR
LINEAR
LINEAR
LINEAR
LINEAR
LINEAR
LINEAR
LINEAR
LINEAR
LINEAR
LINEAR
LINEAR
LINEAR
LINEAR
LINEAR
LINEAR
LINEAR
LINEAR
LINEAR
LINEAR
LINEAR
LINEAR
LINEAR
LINEAR
LINEAR
LINEAR
LINEAR
LINEAR
LINEAR
LINEAR
LINEAR
LINEAR
LINEAR
LINEAR
LINEAR
LINEAR
LINEAR
LINEAR
LINEAR
LINEAR
LINEAR
LINEAR
LINEAR
LINEAR
LINEAR
LINEAR
LINEAR
LINEAR
LINEAR
LINEAR
LINEAR
LINEAR
LINEAR
LINEAR
LINEAR
LINEAR
LINEAR
LINEAR
LINEAR
LINEAR
LINEAR
LINEAR
LINEAR</Name_array>
          <technique_common>
            <accessor count="211" offset="0" source="#Chest_0_0-Interpolations-array" stride="1">
              <param type="name" />
            </accessor>
          </technique_common>
        </source>
        <sampler id="Chest_0_0-Matrix-animation-transform">
          <input semantic="INPUT" source="#Chest_0_0-Matrix-animation-input" />
          <input semantic="OUTPUT" source="#Chest_0_0-Matrix-animation-output-transform" />
          <input semantic="INTERPOLATION" source="#Chest_0_0-Interpolations" />
        </sampler>
        <channel source="#Chest_0_0-Matrix-animation-transform" target="Chest/matrix" />
      </animation>
      <animation id="LeftUpperArm_0_1-anim" name="LeftUpperArm_0_1">
        <source id="LeftUpperArm_0_1-Matrix-animation-input">
          <float_array id="LeftUpperArm_0_1-Matrix-animation-input-array" count="211">0
0.01666667
0.03333334
0.05
0.06666667
0.08333334
0.1
0.1166667
0.1333333
0.15
0.1666667
0.1833333
0.2
0.2166667
0.2333333
0.25
0.2666667
0.2833334
0.3
0.3166667
0.3333334
0.3500001
0.3666668
0.3833334
0.4000001
0.4166668
0.4333335
0.4500002
0.4666668
0.4833335
0.5000002
0.5166668
0.5333335
0.5500001
0.5666668
0.5833334
0.6000001
0.6166667
0.6333334
0.65
0.6666667
0.6833333
0.7
0.7166666
0.7333333
0.7499999
0.7666666
0.7833332
0.7999999
0.8166665
0.8333332
0.8499998
0.8666665
0.8833331
0.8999998
0.9166664
0.9333331
0.9499997
0.9666664
0.9833331
0.9999997
1.016666
1.033333
1.05
1.066666
1.083333
1.1
1.116666
1.133333
1.15
1.166666
1.183333
1.2
1.216666
1.233333
1.25
1.266666
1.283333
1.299999
1.316666
1.333333
1.349999
1.366666
1.383333
1.399999
1.416666
1.433333
1.449999
1.466666
1.483333
1.499999
1.516666
1.533333
1.549999
1.566666
1.583333
1.599999
1.616666
1.633332
1.649999
1.666666
1.683332
1.699999
1.716666
1.733332
1.749999
1.766666
1.783332
1.799999
1.816666
1.833332
1.849999
1.866666
1.883332
1.899999
1.916666
1.933332
1.949999
1.966666
1.983332
1.999999
2.016665
2.033332
2.049999
2.066665
2.083332
2.099999
2.116665
2.133332
2.149999
2.166665
2.183332
2.199999
2.216665
2.233332
2.249999
2.266665
2.283332
2.299999
2.316665
2.333332
2.349998
2.366665
2.383332
2.399998
2.416665
2.433332
2.449998
2.466665
2.483332
2.499998
2.516665
2.533332
2.549998
2.566665
2.583332
2.599998
2.616665
2.633332
2.649998
2.666665
2.683331
2.699998
2.716665
2.733331
2.749998
2.766665
2.783331
2.799998
2.816665
2.833331
2.849998
2.866665
2.883331
2.899998
2.916665
2.933331
2.949998
2.966665
2.983331
2.999998
3.016665
3.033331
3.049998
3.066664
3.083331
3.099998
3.116664
3.133331
3.149998
3.166664
3.183331
3.199998
3.216664
3.233331
3.249998
3.266664
3.283331
3.299998
3.316664
3.333331
3.349998
3.366664
3.383331
3.399997
3.416664
3.433331
3.449997
3.466664
3.483331
3.499997
</float_array>
          <technique_common>
            <accessor count="211" offset="0" source="#LeftUpperArm_0_1-Matrix-animation-input-array" stride="1">
              <param name="TIME" type="float" />
            </accessor>
          </technique_common>
        </source>
        <source id="LeftUpperArm_0_1-Matrix-animation-output-transform">
          <float_array id="LeftUpperArm_0_1-Matrix-animation-output-transform-array" count="3376">0.3297113 0.1370517 0.934081 0.1937947 
-0.05955696 -0.984417 0.1654595 0.2713284 
0.9422014 -0.1101849 -0.3164109 7.221822E-07 
0 0 0 1 
0.3296376 0.1376023 0.934026 0.1937947 
-0.05907426 -0.9843771 0.1658686 0.2713284 
0.9422575 -0.1098534 -0.3163589 7.022748E-07 
0 0 0 1 
0.3295622 0.1381628 0.93397 0.1937947 
-0.05858287 -0.9843364 0.1662851 0.2713284 
0.9423146 -0.109516 -0.316306 6.820026E-07 
0 0 0 1 
0.3294851 0.1387332 0.9339128 0.1937947 
-0.05808273 -0.9842944 0.1667089 0.2713284 
0.9423727 -0.1091723 -0.3162522 6.613761E-07 
0 0 0 1 
0.3294061 0.139313 0.9338542 0.1937947 
-0.05757438 -0.984251 0.1671398 0.2713284 
0.9424313 -0.108823 -0.3161974 6.404063E-07 
0 0 0 1 
0.3293251 0.1399018 0.9337947 0.1937947 
-0.0570583 -0.9842066 0.1675774 0.2713284 
0.9424911 -0.1084682 -0.3161412 6.191037E-07 
0 0 0 1 
0.3292425 0.1404995 0.9337341 0.1937947 
-0.0565342 -0.9841611 0.1680217 0.2713284 
0.9425514 -0.1081078 -0.3160846 5.974791E-07 
0 0 0 1 
0.3291579 0.1411057 0.9336724 0.1937947 
-0.05600285 -0.9841143 0.1684722 0.2713284 
0.9426126 -0.1077423 -0.3160267 5.755433E-07 
0 0 0 1 
0.3290722 0.1417202 0.9336097 0.1937947 
-0.0554639 -0.9840668 0.168929 0.2713284 
0.9426745 -0.1073715 -0.3159686 5.53307E-07 
0 0 0 1 
0.3289844 0.1423427 0.9335459 0.1937947 
-0.05491819 -0.984018 0.1693916 0.2713284 
0.9427371 -0.1069959 -0.3159093 5.307808E-07 
0 0 0 1 
0.3288949 0.1429726 0.9334812 0.1937947 
-0.05436596 -0.9839678 0.16986 0.2713284 
0.9428003 -0.1066157 -0.3158491 5.079756E-07 
0 0 0 1 
0.3288041 0.14361 0.9334154 0.1937947 
-0.05380685 -0.9839168 0.1703338 0.2713284 
0.9428643 -0.1062306 -0.3157885 4.849022E-07 
0 0 0 1 
0.3287111 0.1442544 0.9333487 0.1937947 
-0.05324199 -0.9838642 0.1708128 0.2713284 
0.9429286 -0.1058414 -0.3157266 4.615711E-07 
0 0 0 1 
0.3286171 0.1449056 0.933281 0.1937947 
-0.05267095 -0.983811 0.1712969 0.2713284 
0.9429935 -0.1054479 -0.3156646 4.379932E-07 
0 0 0 1 
0.3285209 0.1455632 0.9332126 0.1937947 
-0.05209411 -0.9837565 0.1717858 0.2713284 
0.9430591 -0.1050501 -0.3156015 4.141792E-07 
0 0 0 1 
0.3284232 0.1462269 0.9331431 0.1937947 
-0.05151217 -0.9837008 0.1722793 0.2713284 
0.9431251 -0.1046488 -0.3155376 3.901397E-07 
0 0 0 1 
0.3283243 0.1468963 0.9330729 0.1937947 
-0.0509253 -0.9836441 0.1727771 0.2713284 
0.9431914 -0.104244 -0.3154734 3.658857E-07 
0 0 0 1 
0.3282237 0.1475714 0.9330017 0.1937947 
-0.05033331 -0.9835863 0.1732791 0.2713284 
0.9432582 -0.1038354 -0.3154085 3.414276E-07 
0 0 0 1 
0.3281215 0.1482517 0.9329297 0.1937947 
-0.04973669 -0.9835272 0.173785 0.2713284 
0.9433253 -0.1034235 -0.3153428 3.167764E-07 
0 0 0 1 
0.328018 0.1489369 0.932857 0.1937947 
-0.04913585 -0.9834673 0.1742946 0.2713284 
0.9433928 -0.1030085 -0.3152767 2.919428E-07 
0 0 0 1 
0.3279128 0.1496267 0.9327834 0.1937947 
-0.04853092 -0.9834059 0.1748076 0.2713284 
0.9434606 -0.1025905 -0.3152099 2.669374E-07 
0 0 0 1 
0.3278065 0.1503209 0.9327093 0.1937947 
-0.04792221 -0.9833441 0.175324 0.2713284 
0.9435287 -0.1021698 -0.3151428 2.41771E-07 
0 0 0 1 
0.3276987 0.1510192 0.9326344 0.1937947 
-0.04730958 -0.9832811 0.1758433 0.2713284 
0.9435971 -0.1017462 -0.3150752 2.164544E-07 
0 0 0 1 
0.3275897 0.1517212 0.9325589 0.1937947 
-0.04669397 -0.9832171 0.1763655 0.2713284 
0.9436657 -0.1013204 -0.3150072 1.909982E-07 
0 0 0 1 
0.3274793 0.1524266 0.9324826 0.1937947 
-0.04607515 -0.983152 0.1768903 0.2713284 
0.9437345 -0.1008922 -0.3149387 1.654133E-07 
0 0 0 1 
0.3273674 0.153135 0.9324057 0.1937947 
-0.04545407 -0.9830856 0.1774174 0.2713284 
0.9438032 -0.1004623 -0.3148695 1.397103E-07 
0 0 0 1 
0.3272545 0.1538465 0.9323282 0.1937947 
-0.04482999 -0.9830186 0.1779467 0.2713284 
0.9438722 -0.1000301 -0.3148003 1.138999E-07 
0 0 0 1 
0.3271404 0.1545604 0.9322501 0.1937947 
-0.04420386 -0.9829508 0.1784779 0.2713284 
0.9439413 -0.09959641 -0.3147306 8.799304E-08 
0 0 0 1 
0.3270251 0.1552765 0.9321715 0.1937947 
-0.04357572 -0.9828818 0.1790108 0.2713284 
0.9440104 -0.09916109 -0.3146607 6.20002E-08 
0 0 0 1 
0.3269086 0.1559948 0.9320925 0.1937947 
-0.04294555 -0.9828122 0.1795452 0.2713284 
0.9440797 -0.09872412 -0.3145903 3.593232E-08 
0 0 0 1 
0.3267912 0.1567145 0.932013 0.1937947 
-0.04231426 -0.9827416 0.1800809 0.2713284 
0.9441488 -0.09828633 -0.31452 9.800033E-09 
0 0 0 1 
0.3266729 0.1574357 0.931933 0.1937947 
-0.04168167 -0.9826703 0.1806176 0.2713284 
0.9442181 -0.09784744 -0.3144494 -1.638591E-08 
0 0 0 1 
0.3265533 0.1581578 0.9318526 0.1937947 
-0.04104824 -0.9825979 0.1811552 0.2713284 
0.9442871 -0.09740776 -0.3143784 -4.261483E-08 
0 0 0 1 
0.3264327 0.1588808 0.9317718 0.1937947 
-0.04041424 -0.9825246 0.1816933 0.2713284 
0.944356 -0.09696752 -0.3143071 -6.887586E-08 
0 0 0 1 
0.3263116 0.1596042 0.9316907 0.1937947 
-0.03977956 -0.9824511 0.1822319 0.2713284 
0.944425 -0.09652665 -0.314236 -9.515838E-08 
0 0 0 1 
0.3261892 0.1603278 0.9316092 0.1937947 
-0.0391448 -0.9823762 0.1827706 0.2713284 
0.9444937 -0.09608548 -0.3141645 -1.214516E-07 
0 0 0 1 
0.3260664 0.1610513 0.9315276 0.1937947 
-0.03851009 -0.9823012 0.1833092 0.2713284 
0.9445623 -0.09564421 -0.3140932 -1.477449E-07 
0 0 0 1 
0.3259425 0.1617743 0.9314455 0.1937947 
-0.03787578 -0.9822251 0.1838476 0.2713284 
0.9446306 -0.095203 -0.3140215 -1.740274E-07 
0 0 0 1 
0.3258181 0.1624966 0.9313633 0.1937947 
-0.03724225 -0.9821486 0.1843855 0.2713284 
0.9446988 -0.09476223 -0.3139499 -2.002885E-07 
0 0 0 1 
0.325693 0.1632179 0.931281 0.1937947 
-0.03660951 -0.9820714 0.1849227 0.2713284 
0.9447666 -0.09432179 -0.3138784 -2.265173E-07 
0 0 0 1 
0.3255675 0.1639378 0.9311984 0.1937947 
-0.03597783 -0.9819934 0.1854589 0.2713284 
0.9448341 -0.09388191 -0.313807 -2.527033E-07 
0 0 0 1 
0.3254414 0.1646563 0.9311157 0.1937947 
-0.03534741 -0.9819152 0.185994 0.2713284 
0.9449013 -0.0934427 -0.3137356 -2.788356E-07 
0 0 0 1 
0.3253145 0.1653727 0.931033 0.1937947 
-0.03471879 -0.9818363 0.1865276 0.2713284 
0.9449683 -0.09300451 -0.313664 -3.049034E-07 
0 0 0 1 
0.3251875 0.166087 0.9309501 0.1937947 
-0.03409214 -0.9817569 0.1870598 0.2713284 
0.9450348 -0.09256762 -0.3135928 -3.308962E-07 
0 0 0 1 
0.3250603 0.1667988 0.9308674 0.1937947 
-0.0334677 -0.9816775 0.1875901 0.2713284 
0.945101 -0.0921321 -0.3135219 -3.56803E-07 
0 0 0 1 
0.3249324 0.1675078 0.9307848 0.1937947 
-0.03284547 -0.9815974 0.1881184 0.2713284 
0.9451668 -0.09169783 -0.3134508 -3.826133E-07 
0 0 0 1 
0.3248045 0.1682137 0.930702 0.1937947 
-0.03222619 -0.9815168 0.1886444 0.2713284 
0.945232 -0.09126554 -0.3133801 -4.083162E-07 
0 0 0 1 
0.3246766 0.1689162 0.9306195 0.1937947 
-0.03160982 -0.9814363 0.1891679 0.2713284 
0.9452969 -0.09083512 -0.3133098 -4.339012E-07 
0 0 0 1 
0.3245485 0.1696151 0.930537 0.1937947 
-0.0309966 -0.9813552 0.1896888 0.2713284 
0.9453611 -0.09040672 -0.3132398 -4.593573E-07 
0 0 0 1 
0.3244202 0.17031 0.9304549 0.1937947 
-0.03038657 -0.981274 0.1902067 0.2713284 
0.9454249 -0.08998024 -0.3131698 -4.846739E-07 
0 0 0 1 
0.324292 0.1710007 0.930373 0.1937947 
-0.02978063 -0.9811928 0.1907216 0.2713284 
0.9454883 -0.08955658 -0.3131003 -5.098402E-07 
0 0 0 1 
0.3241638 0.1716868 0.9302912 0.1937947 
-0.02917856 -0.9811113 0.191233 0.2713284 
0.9455509 -0.0891354 -0.3130311 -5.348455E-07 
0 0 0 1 
0.3240357 0.1723681 0.9302098 0.1937947 
-0.02858062 -0.9810297 0.1917409 0.2713284 
0.945613 -0.0887169 -0.3129622 -5.596792E-07 
0 0 0 1 
0.3239081 0.1730442 0.9301288 0.1937947 
-0.02798744 -0.9809482 0.1922451 0.2713284 
0.9456745 -0.08830168 -0.3128939 -5.843303E-07 
0 0 0 1 
0.3237807 0.1737149 0.930048 0.1937947 
-0.02739885 -0.9808666 0.1927452 0.2713284 
0.9457353 -0.08788946 -0.312826 -6.087883E-07 
0 0 0 1 
0.3236538 0.1743799 0.9299678 0.1937947 
-0.02681527 -0.9807851 0.1932411 0.2713284 
0.9457956 -0.08748058 -0.3127587 -6.330424E-07 
0 0 0 1 
0.3235271 0.1750389 0.929888 0.1937947 
-0.02623697 -0.9807038 0.1937326 0.2713284 
0.9458551 -0.08707521 -0.3126917 -6.570818E-07 
0 0 0 1 
0.3234011 0.1756916 0.9298089 0.1937947 
-0.02566414 -0.9806228 0.1942194 0.2713284 
0.945914 -0.08667354 -0.3126254 -6.808958E-07 
0 0 0 1 
0.3232759 0.1763378 0.9297301 0.1937947 
-0.02509706 -0.9805419 0.1947014 0.2713284 
0.9459721 -0.08627577 -0.3125598 -7.044736E-07 
0 0 0 1 
0.3231512 0.176977 0.929652 0.1937947 
-0.02453597 -0.9804614 0.1951782 0.2713283 
0.9460295 -0.08588199 -0.3124948 -7.278047E-07 
0 0 0 1 
0.3230272 0.177609 0.9295745 0.1937947 
-0.02398129 -0.980381 0.1956497 0.2713283 
0.9460859 -0.08549259 -0.3124303 -7.508782E-07 
0 0 0 1 
0.3229039 0.1782337 0.9294978 0.1937947 
-0.02343307 -0.9803011 0.1961158 0.2713283 
0.9461418 -0.08510756 -0.3123664 -7.736833E-07 
0 0 0 1 
0.3227816 0.1788504 0.9294218 0.1937947 
-0.02289195 -0.9802217 0.196576 0.2713283 
0.9461966 -0.08472742 -0.3123032 -7.962096E-07 
0 0 0 1 
0.3226606 0.1794592 0.9293464 0.1937947 
-0.02235747 -0.9801428 0.1970303 0.2713283 
0.9462506 -0.08435177 -0.3122411 -8.184457E-07 
0 0 0 1 
0.3225405 0.1800596 0.929272 0.1937947 
-0.02183063 -0.9800646 0.1974785 0.2713283 
0.946304 -0.0839814 -0.3121796 -8.403816E-07 
0 0 0 1 
0.3224215 0.1806515 0.9291983 0.1937947 
-0.02131112 -0.9799867 0.1979202 0.2713283 
0.9463564 -0.08361599 -0.3121188 -8.620062E-07 
0 0 0 1 
0.3223037 0.1812344 0.9291257 0.1937947 
-0.02079943 -0.9799097 0.1983553 0.2713283 
0.9464078 -0.08325595 -0.3120589 -8.833087E-07 
0 0 0 1 
0.3221875 0.1818081 0.9290539 0.1937947 
-0.02029578 -0.9798336 0.1987836 0.2713283 
0.9464583 -0.08290147 -0.312 -9.042786E-07 
0 0 0 1 
0.3220724 0.1823723 0.9289833 0.1937947 
-0.01980067 -0.9797583 0.1992048 0.2713283 
0.9465081 -0.08255288 -0.3119419 -9.249049E-07 
0 0 0 1 
0.3219589 0.1829268 0.9289136 0.1937947 
-0.01931386 -0.9796836 0.1996188 0.2713283 
0.9465567 -0.08220996 -0.3118848 -9.451773E-07 
0 0 0 1 
0.3218471 0.1834711 0.9288449 0.1937947 
-0.01883619 -0.97961 0.2000252 0.2713283 
0.9466042 -0.08187347 -0.3118287 -9.650846E-07 
0 0 0 1 
0.3217369 0.1840052 0.9287775 0.1937947 
-0.01836735 -0.9795374 0.200424 0.2713283 
0.9466509 -0.081543 -0.3117735 -9.846162E-07 
0 0 0 1 
0.3216284 0.1845284 0.9287112 0.1937947 
-0.01790818 -0.9794657 0.2008148 0.2713283 
