<?xml version="1.0" encoding="utf-8"?>
<COLLADA xmlns:xsi="http://www.w3.org/2001/XMLSchema-instance" xmlns:xsd="http://www.w3.org/2001/XMLSchema" version="1.4.1" xmlns="http://www.collada.org/2005/11/COLLADASchema">
  <asset>
    <created>2017-06-01T10:06:18.1949455+03:00</created>
    <modified>2017-06-01T10:06:18.1949455+03:00</modified>
    <unit meter="1" name="meter" />
    <up_axis>Y_UP</up_axis>
    <contributor>
      <authoring_tool>Skele: Character Animation Tools</authoring_tool>
      <comments>https://www.assetstore.unity3d.com/en/#!/content/16899</comments>
    </contributor>
    <revision>1.0</revision>
  </asset>
  <library_animation_clips>
    <animation_clip name="KamaraNoGesture" start="0" end="3">
      <instance_animation url="KamaraNoGesture_0" />
    </animation_clip>
  </library_animation_clips>
  <library_animations>
    <animation id="KamaraNoGesture_0" name="KamaraNoGesture">
      <animation id="Chest_0_0-anim" name="Chest_0_0">
        <source id="Chest_0_0-Matrix-animation-input">
          <float_array id="Chest_0_0-Matrix-animation-input-array" count="181">0
0.01666667
0.03333334
0.05
0.06666667
0.08333334
0.1
0.1166667
0.1333333
0.15
0.1666667
0.1833333
0.2
0.2166667
0.2333333
0.25
0.2666667
0.2833334
0.3
0.3166667
0.3333334
0.3500001
0.3666668
0.3833334
0.4000001
0.4166668
0.4333335
0.4500002
0.4666668
0.4833335
0.5000002
0.5166668
0.5333335
0.5500001
0.5666668
0.5833334
0.6000001
0.6166667
0.6333334
0.65
0.6666667
0.6833333
0.7
0.7166666
0.7333333
0.7499999
0.7666666
0.7833332
0.7999999
0.8166665
0.8333332
0.8499998
0.8666665
0.8833331
0.8999998
0.9166664
0.9333331
0.9499997
0.9666664
0.9833331
0.9999997
1.016666
1.033333
1.05
1.066666
1.083333
1.1
1.116666
1.133333
1.15
1.166666
1.183333
1.2
1.216666
1.233333
1.25
1.266666
1.283333
1.299999
1.316666
1.333333
1.349999
1.366666
1.383333
1.399999
1.416666
1.433333
1.449999
1.466666
1.483333
1.499999
1.516666
1.533333
1.549999
1.566666
1.583333
1.599999
1.616666
1.633332
1.649999
1.666666
1.683332
1.699999
1.716666
1.733332
1.749999
1.766666
1.783332
1.799999
1.816666
1.833332
1.849999
1.866666
1.883332
1.899999
1.916666
1.933332
1.949999
1.966666
1.983332
1.999999
2.016665
2.033332
2.049999
2.066665
2.083332
2.099999
2.116665
2.133332
2.149999
2.166665
2.183332
2.199999
2.216665
2.233332
2.249999
2.266665
2.283332
2.299999
2.316665
2.333332
2.349998
2.366665
2.383332
2.399998
2.416665
2.433332
2.449998
2.466665
2.483332
2.499998
2.516665
2.533332
2.549998
2.566665
2.583332
2.599998
2.616665
2.633332
2.649998
2.666665
2.683331
2.699998
2.716665
2.733331
2.749998
2.766665
2.783331
2.799998
2.816665
2.833331
2.849998
2.866665
2.883331
2.899998
2.916665
2.933331
2.949998
2.966665
2.983331
2.999998
</float_array>
          <technique_common>
            <accessor count="181" offset="0" source="#Chest_0_0-Matrix-animation-input-array" stride="1">
              <param name="TIME" type="float" />
            </accessor>
          </technique_common>
        </source>
        <source id="Chest_0_0-Matrix-animation-output-transform">
          <float_array id="Chest_0_0-Matrix-animation-output-transform-array" count="2896">1 0 0 4.358589E-07 
0 0.9934137 -0.1145817 0.2666135 
0 0.1145817 0.9934138 7.227064E-07 
0 0 0 1 
1 0 0 4.358589E-07 
0 0.993269 -0.1158303 0.2666135 
0 0.1158303 0.993269 7.227064E-07 
0 0 0 1 
1 0 0 4.358589E-07 
0 0.9931195 -0.1171052 0.2666135 
0 0.1171052 0.9931195 7.227064E-07 
0 0 0 1 
1 0 0 4.358589E-07 
0 0.9929653 -0.1184056 0.2666135 
0 0.1184055 0.9929653 7.227064E-07 
0 0 0 1 
1 0 0 4.358589E-07 
0 0.9928064 -0.1197303 0.2666135 
0 0.1197303 0.9928064 7.227064E-07 
0 0 0 1 
1 0 0 4.358589E-07 
0 0.9926429 -0.1210785 0.2666135 
0 0.1210785 0.9926429 7.227064E-07 
0 0 0 1 
1 0 0 4.358589E-07 
0 0.9924747 -0.1224493 0.2666135 
0 0.1224493 0.9924748 7.227064E-07 
0 0 0 1 
1 0 0 4.358589E-07 
0 0.9923019 -0.1238417 0.2666135 
0 0.1238417 0.992302 7.227064E-07 
0 0 0 1 
1 0 0 4.358589E-07 
0 0.9921246 -0.1252547 0.2666135 
0 0.1252547 0.9921246 7.227064E-07 
0 0 0 1 
1 0 0 4.358589E-07 
0 0.9919426 -0.1266873 0.2666135 
0 0.1266873 0.9919427 7.227064E-07 
0 0 0 1 
1 0 0 4.358589E-07 
0 0.9917562 -0.1281388 0.2666135 
0 0.1281388 0.9917563 7.227064E-07 
0 0 0 1 
1 0 0 4.358589E-07 
0 0.9915652 -0.129608 0.2666135 
0 0.129608 0.9915653 7.227064E-07 
0 0 0 1 
1 0 0 4.358589E-07 
0 0.9913699 -0.131094 0.2666135 
0 0.131094 0.99137 7.227064E-07 
0 0 0 1 
1 0 0 4.358589E-07 
0 0.9911701 -0.132596 0.2666135 
0 0.132596 0.9911702 7.227064E-07 
0 0 0 1 
1 0 0 4.358589E-07 
0 0.990966 -0.1341129 0.2666135 
0 0.1341128 0.9909661 7.227064E-07 
0 0 0 1 
1 0 0 4.358589E-07 
0 0.9907576 -0.1356438 0.2666135 
0 0.1356438 0.9907576 7.227064E-07 
0 0 0 1 
1 0 0 4.358589E-07 
0 0.990545 -0.1371877 0.2666135 
0 0.1371877 0.9905451 7.227064E-07 
0 0 0 1 
1 0 0 4.358589E-07 
0 0.9903283 -0.1387438 0.2666135 
0 0.1387438 0.9903283 7.227064E-07 
0 0 0 1 
1 0 0 4.358589E-07 
0 0.9901074 -0.1403111 0.2666135 
0 0.140311 0.9901075 7.227064E-07 
0 0 0 1 
1 0 0 4.358589E-07 
0 0.9898826 -0.1418885 0.2666135 
0 0.1418885 0.9898826 7.227064E-07 
0 0 0 1 
1 0 0 4.358589E-07 
0 0.9896538 -0.1434752 0.2666135 
0 0.1434752 0.9896539 7.227064E-07 
0 0 0 1 
1 0 0 4.358589E-07 
0 0.9894213 -0.1450703 0.2666135 
0 0.1450703 0.9894214 7.227064E-07 
0 0 0 1 
1 0 0 4.358589E-07 
0 0.989185 -0.1466728 0.2666135 
0 0.1466727 0.9891851 7.227064E-07 
0 0 0 1 
1 0 0 4.358589E-07 
0 0.9889451 -0.1482816 0.2666135 
0 0.1482816 0.9889452 7.227064E-07 
0 0 0 1 
1 0 0 4.358589E-07 
0 0.9887017 -0.1498961 0.2666135 
0 0.149896 0.9887018 7.227064E-07 
0 0 0 1 
1 0 0 4.358589E-07 
0 0.9884549 -0.1515151 0.2666135 
0 0.151515 0.9884549 7.227064E-07 
0 0 0 1 
1 0 0 4.358589E-07 
0 0.9882048 -0.1531377 0.2666135 
0 0.1531377 0.9882048 7.227064E-07 
0 0 0 1 
1 0 0 4.358589E-07 
0 0.9879516 -0.1547629 0.2666135 
0 0.1547629 0.9879516 7.227064E-07 
0 0 0 1 
1 0 0 4.358589E-07 
0 0.9876953 -0.15639 0.2666135 
0 0.15639 0.9876954 7.227064E-07 
0 0 0 1 
1 0 0 4.358589E-07 
0 0.9874362 -0.1580179 0.2666135 
0 0.1580179 0.9874362 7.227064E-07 
0 0 0 1 
1 0 0 4.358589E-07 
0 0.9871743 -0.1596456 0.2666135 
0 0.1596456 0.9871744 7.227064E-07 
0 0 0 1 
1 0 0 4.358589E-07 
0 0.9869099 -0.1612723 0.2666135 
0 0.1612723 0.9869099 7.227064E-07 
0 0 0 1 
1 0 0 4.358589E-07 
0 0.986643 -0.162897 0.2666135 
0 0.162897 0.9866431 7.227064E-07 
0 0 0 1 
1 0 0 4.358589E-07 
0 0.9863739 -0.1645188 0.2666135 
0 0.1645188 0.986374 7.227064E-07 
0 0 0 1 
1 0 0 4.358589E-07 
0 0.9861026 -0.1661367 0.2666135 
0 0.1661367 0.9861027 7.227064E-07 
0 0 0 1 
1 0 0 4.358589E-07 
0 0.9858295 -0.1677499 0.2666135 
0 0.1677499 0.9858296 7.227064E-07 
0 0 0 1 
1 0 0 4.358589E-07 
0 0.9855546 -0.1693574 0.2666135 
0 0.1693574 0.9855547 7.227064E-07 
0 0 0 1 
1 0 0 4.358589E-07 
0 0.9852782 -0.1709581 0.2666135 
0 0.1709581 0.9852783 7.227064E-07 
0 0 0 1 
1 0 0 4.358589E-07 
0 0.9850004 -0.1725514 0.2666135 
0 0.1725514 0.9850005 7.227064E-07 
0 0 0 1 
1 0 0 4.358589E-07 
0 0.9847215 -0.1741361 0.2666135 
0 0.1741361 0.9847216 7.227064E-07 
0 0 0 1 
1 0 0 4.358589E-07 
0 0.9844416 -0.1757115 0.2666135 
0 0.1757114 0.9844417 7.227064E-07 
0 0 0 1 
1 0 0 4.358589E-07 
0 0.984161 -0.1772764 0.2666135 
0 0.1772764 0.9841611 7.227064E-07 
0 0 0 1 
1 0 0 4.358589E-07 
0 0.9838799 -0.1788301 0.2666135 
0 0.1788301 0.98388 7.227064E-07 
0 0 0 1 
1 0 0 4.358589E-07 
0 0.9835985 -0.1803717 0.2666135 
0 0.1803716 0.9835985 7.227064E-07 
0 0 0 1 
1 0 0 4.358589E-07 
0 0.983317 -0.1819001 0.2666135 
0 0.1819001 0.983317 7.227064E-07 
0 0 0 1 
1 0 0 4.358589E-07 
0 0.9830356 -0.1834145 0.2666135 
0 0.1834144 0.9830357 7.227064E-07 
0 0 0 1 
1 0 0 4.358589E-07 
0 0.9827546 -0.1849139 0.2666135 
0 0.1849139 0.9827547 7.227064E-07 
0 0 0 1 
1 0 0 4.358589E-07 
0 0.9824743 -0.1863975 0.2666135 
0 0.1863975 0.9824744 7.227064E-07 
0 0 0 1 
1 0 0 4.358589E-07 
0 0.982195 -0.1878643 0.2666135 
0 0.1878643 0.982195 7.227064E-07 
0 0 0 1 
1 0 0 4.358589E-07 
0 0.9819167 -0.1893134 0.2666135 
0 0.1893134 0.9819167 7.227064E-07 
0 0 0 1 
1 0 0 4.358589E-07 
0 0.9816397 -0.190744 0.2666135 
0 0.190744 0.9816398 7.227064E-07 
0 0 0 1 
1 0 0 4.358589E-07 
0 0.9813645 -0.1921549 0.2666135 
0 0.1921549 0.9813646 7.227064E-07 
0 0 0 1 
1 0 0 4.358589E-07 
0 0.9810913 -0.1935455 0.2666135 
0 0.1935455 0.9810913 7.227064E-07 
0 0 0 1 
1 0 0 4.358589E-07 
0 0.9808201 -0.1949147 0.2666135 
0 0.1949147 0.9808202 7.227064E-07 
0 0 0 1 
1 0 0 4.358589E-07 
0 0.9805515 -0.1962617 0.2666135 
0 0.1962617 0.9805515 7.227064E-07 
0 0 0 1 
1 0 0 4.358589E-07 
0 0.9802856 -0.1975855 0.2666135 
0 0.1975855 0.9802856 7.227064E-07 
0 0 0 1 
1 0 0 4.358589E-07 
0 0.9800227 -0.1988853 0.2666135 
0 0.1988853 0.9800228 7.227064E-07 
0 0 0 1 
1 0 0 4.358589E-07 
0 0.9797632 -0.2001601 0.2666135 
0 0.2001601 0.9797632 7.227064E-07 
0 0 0 1 
1 0 0 4.358589E-07 
0 0.9795071 -0.201409 0.2666135 
0 0.201409 0.9795072 7.227064E-07 
0 0 0 1 
1 0 0 4.358589E-07 
0 0.9792551 -0.2026311 0.2666135 
0 0.2026311 0.9792551 7.227064E-07 
0 0 0 1 
1 0 0 4.358589E-07 
0 0.9790072 -0.2038256 0.2666135 
0 0.2038256 0.9790072 7.227064E-07 
0 0 0 1 
1 0 0 4.358589E-07 
0 0.9787637 -0.2049914 0.2666135 
0 0.2049914 0.9787638 7.227064E-07 
0 0 0 1 
1 0 0 4.358589E-07 
0 0.978525 -0.2061278 0.2666135 
0 0.2061278 0.9785251 7.227064E-07 
0 0 0 1 
1 0 0 4.358589E-07 
0 0.9782914 -0.2072338 0.2666135 
0 0.2072338 0.9782915 7.227064E-07 
0 0 0 1 
1 0 0 4.358589E-07 
0 0.9780631 -0.2083084 0.2666135 
0 0.2083084 0.9780632 7.227064E-07 
0 0 0 1 
1 0 0 4.358589E-07 
0 0.9778405 -0.2093509 0.2666135 
0 0.2093509 0.9778406 7.227064E-07 
0 0 0 1 
1 0 0 4.358589E-07 
0 0.9776239 -0.2103603 0.2666135 
0 0.2103603 0.9776239 7.227064E-07 
0 0 0 1 
1 0 0 4.358589E-07 
0 0.9774135 -0.2113357 0.2666135 
0 0.2113357 0.9774135 7.227064E-07 
0 0 0 1 
1 0 0 4.358589E-07 
0 0.9772096 -0.2122762 0.2666135 
0 0.2122762 0.9772097 7.227064E-07 
0 0 0 1 
1 0 0 4.358589E-07 
0 0.9770127 -0.2131809 0.2666135 
0 0.2131809 0.9770128 7.227064E-07 
0 0 0 1 
1 0 0 4.358589E-07 
0 0.9768229 -0.2140489 0.2666135 
0 0.2140489 0.976823 7.227064E-07 
0 0 0 1 
1 0 0 4.358589E-07 
0 0.9766406 -0.2148793 0.2666135 
0 0.2148793 0.9766406 7.227064E-07 
0 0 0 1 
1 0 0 4.358589E-07 
0 0.976466 -0.2156712 0.2666135 
0 0.2156712 0.9764661 7.227064E-07 
0 0 0 1 
1 0 0 4.358589E-07 
0 0.9762995 -0.2164237 0.2666135 
0 0.2164237 0.9762995 7.227064E-07 
0 0 0 1 
1 0 0 4.358589E-07 
0 0.9761413 -0.2171359 0.2666135 
0 0.2171359 0.9761414 7.227064E-07 
0 0 0 1 
1 0 0 4.358589E-07 
0 0.9759918 -0.2178069 0.2666135 
0 0.2178069 0.9759919 7.227064E-07 
0 0 0 1 
1 0 0 4.358589E-07 
0 0.9758512 -0.2184359 0.2666135 
0 0.2184359 0.9758513 7.227064E-07 
0 0 0 1 
1 0 0 4.358589E-07 
0 0.9757199 -0.2190218 0.2666135 
0 0.2190217 0.97572 7.227064E-07 
0 0 0 1 
1 0 0 4.358589E-07 
0 0.9755981 -0.2195638 0.2666135 
0 0.2195638 0.9755982 7.227064E-07 
0 0 0 1 
1 0 0 4.358589E-07 
0 0.975486 -0.220061 0.2666135 
0 0.220061 0.9754861 7.227064E-07 
0 0 0 1 
1 0 0 4.358589E-07 
0 0.9753841 -0.2205125 0.2666135 
0 0.2205125 0.9753842 7.227064E-07 
0 0 0 1 
1 0 0 4.358589E-07 
0 0.9752924 -0.2209174 0.2666135 
0 0.2209174 0.9752925 7.227064E-07 
0 0 0 1 
1 0 0 4.358589E-07 
0 0.9752114 -0.2212748 0.2666135 
0 0.2212748 0.9752115 7.227064E-07 
0 0 0 1 
1 0 0 4.358589E-07 
0 0.9751413 -0.2215837 0.2666135 
0 0.2215837 0.9751413 7.227064E-07 
0 0 0 1 
1 0 0 4.358589E-07 
0 0.9750823 -0.2218433 0.2666135 
0 0.2218433 0.9750823 7.227064E-07 
0 0 0 1 
1 0 0 4.358589E-07 
0 0.9750346 -0.2220527 0.2666135 
0 0.2220526 0.9750347 7.227064E-07 
0 0 0 1 
1 0 0 4.358589E-07 
0 0.9749986 -0.2222109 0.2666135 
0 0.2222109 0.9749987 7.227064E-07 
0 0 0 1 
1 0 0 4.358589E-07 
0 0.9749744 -0.222317 0.2666135 
0 0.222317 0.9749745 7.227064E-07 
0 0 0 1 
1 0 0 4.358589E-07 
0 0.9749622 -0.2223702 0.2666135 
0 0.2223701 0.9749623 7.227064E-07 
0 0 0 1 
1 0 0 4.358589E-07 
0 0.9749621 -0.2223709 0.2666135 
0 0.2223708 0.9749622 7.227064E-07 
0 0 0 1 
1 0 0 4.358589E-07 
0 0.9749735 -0.2223209 0.2666135 
0 0.2223209 0.9749736 7.227064E-07 
0 0 0 1 
1 0 0 4.358589E-07 
0 0.9749963 -0.222221 0.2666135 
0 0.222221 0.9749963 7.227064E-07 
0 0 0 1 
1 0 0 4.358589E-07 
0 0.9750302 -0.2220721 0.2666135 
0 0.2220721 0.9750302 7.227064E-07 
0 0 0 1 
1 0 0 4.358589E-07 
0 0.9750751 -0.2218749 0.2666135 
0 0.2218749 0.9750751 7.227064E-07 
0 0 0 1 
1 0 0 4.358589E-07 
0 0.9751307 -0.2216305 0.2666135 
0 0.2216305 0.9751307 7.227064E-07 
0 0 0 1 
1 0 0 4.358589E-07 
0 0.9751968 -0.2213394 0.2666135 
0 0.2213394 0.9751968 7.227064E-07 
0 0 0 1 
1 0 0 4.358589E-07 
0 0.9752731 -0.2210027 0.2666135 
0 0.2210027 0.9752732 7.227064E-07 
0 0 0 1 
1 0 0 4.358589E-07 
0 0.9753596 -0.2206211 0.2666135 
0 0.220621 0.9753596 7.227064E-07 
0 0 0 1 
1 0 0 4.358589E-07 
0 0.9754557 -0.2201954 0.2666135 
0 0.2201954 0.9754558 7.227064E-07 
0 0 0 1 
1 0 0 4.358589E-07 
0 0.9755614 -0.2197265 0.2666135 
0 0.2197265 0.9755615 7.227064E-07 
0 0 0 1 
1 0 0 4.358589E-07 
0 0.9756765 -0.2192152 0.2666135 
0 0.2192152 0.9756765 7.227064E-07 
0 0 0 1 
1 0 0 4.358589E-07 
0 0.9758005 -0.2186624 0.2666135 
0 0.2186624 0.9758006 7.227064E-07 
0 0 0 1 
1 0 0 4.358589E-07 
0 0.9759334 -0.2180688 0.2666135 
0 0.2180687 0.9759334 7.227064E-07 
0 0 0 1 
1 0 0 4.358589E-07 
0 0.9760747 -0.2174353 0.2666135 
0 0.2174353 0.9760748 7.227064E-07 
0 0 0 1 
1 0 0 4.358589E-07 
0 0.9762242 -0.2167627 0.2666135 
0 0.2167627 0.9762243 7.227064E-07 
0 0 0 1 
1 0 0 4.358589E-07 
0 0.9763818 -0.2160518 0.2666135 
0 0.2160518 0.9763819 7.227064E-07 
0 0 0 1 
1 0 0 4.358589E-07 
0 0.9765471 -0.2153035 0.2666135 
0 0.2153035 0.9765472 7.227064E-07 
0 0 0 1 
1 0 0 4.358589E-07 
0 0.9767199 -0.2145186 0.2666135 
0 0.2145186 0.9767199 7.227064E-07 
0 0 0 1 
1 0 0 4.358589E-07 
0 0.9768997 -0.2136979 0.2666135 
0 0.2136979 0.9768998 7.227064E-07 
0 0 0 1 
1 0 0 4.358589E-07 
0 0.9770865 -0.2128422 0.2666135 
0 0.2128422 0.9770866 7.227064E-07 
0 0 0 1 
1 0 0 4.358589E-07 
0 0.97728 -0.2119523 0.2666135 
0 0.2119523 0.97728 7.227064E-07 
0 0 0 1 
1 0 0 4.358589E-07 
0 0.9774797 -0.2110292 0.2666135 
0 0.2110292 0.9774798 7.227064E-07 
0 0 0 1 
1 0 0 4.358589E-07 
0 0.9776855 -0.2100735 0.2666135 
0 0.2100735 0.9776856 7.227064E-07 
0 0 0 1 
1 0 0 4.358589E-07 
0 0.9778972 -0.2090862 0.2666135 
0 0.2090862 0.9778972 7.227064E-07 
0 0 0 1 
1 0 0 4.358589E-07 
0 0.9781143 -0.208068 0.2666135 
0 0.208068 0.9781144 7.227064E-07 
0 0 0 1 
1 0 0 4.358589E-07 
0 0.9783367 -0.2070198 0.2666135 
0 0.2070198 0.9783368 7.227064E-07 
0 0 0 1 
1 0 0 4.358589E-07 
0 0.9785641 -0.2059423 0.2666135 
0 0.2059423 0.9785641 7.227064E-07 
0 0 0 1 
1 0 0 4.358589E-07 
0 0.9787961 -0.2048365 0.2666135 
0 0.2048365 0.9787962 7.227064E-07 
0 0 0 1 
1 0 0 4.358589E-07 
0 0.9790326 -0.2037032 0.2666135 
0 0.2037032 0.9790327 7.227064E-07 
0 0 0 1 
1 0 0 4.358589E-07 
0 0.9792733 -0.2025431 0.2666135 
0 0.2025431 0.9792734 7.227064E-07 
0 0 0 1 
1 0 0 4.358589E-07 
0 0.9795178 -0.2013571 0.2666135 
0 0.2013571 0.9795179 7.227064E-07 
0 0 0 1 
1 0 0 4.358589E-07 
0 0.979766 -0.200146 0.2666135 
0 0.200146 0.9797661 7.227064E-07 
0 0 0 1 
1 0 0 4.358589E-07 
0 0.9800175 -0.1989107 0.2666135 
0 0.1989107 0.9800176 7.227064E-07 
0 0 0 1 
1 0 0 4.358589E-07 
0 0.9802722 -0.197652 0.2666135 
0 0.197652 0.9802722 7.227064E-07 
0 0 0 1 
1 0 0 4.358589E-07 
0 0.9805297 -0.1963707 0.2666135 
0 0.1963706 0.9805297 7.227064E-07 
0 0 0 1 
1 0 0 4.358589E-07 
0 0.9807897 -0.1950676 0.2666135 
0 0.1950675 0.9807898 7.227064E-07 
0 0 0 1 
1 0 0 4.358589E-07 
0 0.9810522 -0.1937436 0.2666135 
0 0.1937435 0.9810522 7.227064E-07 
0 0 0 1 
1 0 0 4.358589E-07 
0 0.9813166 -0.1923995 0.2666135 
0 0.1923994 0.9813167 7.227064E-07 
0 0 0 1 
1 0 0 4.358589E-07 
0 0.9815829 -0.1910361 0.2666135 
0 0.1910361 0.981583 7.227064E-07 
0 0 0 1 
1 0 0 4.358589E-07 
0 0.9818509 -0.1896543 0.2666135 
0 0.1896543 0.9818509 7.227064E-07 
0 0 0 1 
1 0 0 4.358589E-07 
0 0.9821202 -0.188255 0.2666135 
0 0.1882549 0.9821202 7.227064E-07 
0 0 0 1 
1 0 0 4.358589E-07 
0 0.9823905 -0.1868388 0.2666135 
0 0.1868388 0.9823906 7.227064E-07 
0 0 0 1 
1 0 0 4.358589E-07 
0 0.9826618 -0.1854067 0.2666135 
0 0.1854067 0.9826618 7.227064E-07 
0 0 0 1 
1 0 0 4.358589E-07 
0 0.9829338 -0.1839596 0.2666135 
0 0.1839595 0.9829338 7.227064E-07 
0 0 0 1 
1 0 0 4.358589E-07 
0 0.9832062 -0.1824981 0.2666135 
0 0.1824981 0.9832062 7.227064E-07 
0 0 0 1 
1 0 0 4.358589E-07 
0 0.9834787 -0.1810234 0.2666135 
0 0.1810233 0.9834788 7.227064E-07 
0 0 0 1 
1 0 0 4.358589E-07 
0 0.9837514 -0.179536 0.2666135 
0 0.179536 0.9837514 7.227064E-07 
0 0 0 1 
1 0 0 4.358589E-07 
0 0.9840237 -0.1780369 0.2666135 
0 0.1780369 0.9840238 7.227064E-07 
0 0 0 1 
1 0 0 4.358589E-07 
0 0.9842957 -0.1765269 0.2666135 
0 0.1765269 0.9842958 7.227064E-07 
0 0 0 1 
1 0 0 4.358589E-07 
0 0.9845672 -0.1750069 0.2666135 
0 0.1750069 0.9845672 7.227064E-07 
0 0 0 1 
1 0 0 4.358589E-07 
0 0.9848377 -0.1734777 0.2666135 
0 0.1734777 0.9848378 7.227064E-07 
0 0 0 1 
1 0 0 4.358589E-07 
0 0.9851073 -0.1719402 0.2666135 
0 0.1719402 0.9851074 7.227064E-07 
0 0 0 1 
1 0 0 4.358589E-07 
0 0.9853758 -0.1703952 0.2666135 
0 0.1703951 0.9853758 7.227064E-07 
0 0 0 1 
1 0 0 4.358589E-07 
0 0.9856428 -0.1688435 0.2666135 
0 0.1688435 0.9856429 7.227064E-07 
0 0 0 1 
1 0 0 4.358589E-07 
0 0.9859083 -0.167286 0.2666135 
0 0.1672859 0.9859084 7.227064E-07 
0 0 0 1 
1 0 0 4.358589E-07 
0 0.9861722 -0.1657235 0.2666135 
0 0.1657235 0.9861723 7.227064E-07 
0 0 0 1 
1 0 0 4.358589E-07 
0 0.9864342 -0.164157 0.2666135 
0 0.1641569 0.9864342 7.227064E-07 
0 0 0 1 
1 0 0 4.358589E-07 
0 0.9866941 -0.1625872 0.2666135 
0 0.1625872 0.9866942 7.227064E-07 
0 0 0 1 
1 0 0 4.358589E-07 
0 0.9869519 -0.161015 0.2666135 
0 0.161015 0.9869519 7.227064E-07 
0 0 0 1 
1 0 0 4.358589E-07 
0 0.9872074 -0.1594412 0.2666135 
0 0.1594412 0.9872074 7.227064E-07 
0 0 0 1 
1 0 0 4.358589E-07 
0 0.9874604 -0.1578668 0.2666135 
0 0.1578668 0.9874604 7.227064E-07 
0 0 0 1 
1 0 0 4.358589E-07 
0 0.9877108 -0.1562926 0.2666135 
0 0.1562926 0.9877108 7.227064E-07 
0 0 0 1 
1 0 0 4.358589E-07 
0 0.9879584 -0.1547193 0.2666135 
0 0.1547193 0.9879585 7.227064E-07 
0 0 0 1 
1 0 0 4.358589E-07 
0 0.9882032 -0.153148 0.2666135 
0 0.153148 0.9882033 7.227064E-07 
0 0 0 1 
1 0 0 4.358589E-07 
0 0.988445 -0.1515793 0.2666135 
0 0.1515793 0.9884451 7.227064E-07 
0 0 0 1 
1 0 0 4.358589E-07 
0 0.9886838 -0.1500143 0.2666135 
0 0.1500143 0.9886838 7.227064E-07 
0 0 0 1 
1 0 0 4.358589E-07 
0 0.9889193 -0.1484537 0.2666135 
0 0.1484537 0.9889194 7.227064E-07 
0 0 0 1 
1 0 0 4.358589E-07 
0 0.9891515 -0.1468985 0.2666135 
0 0.1468985 0.9891516 7.227064E-07 
0 0 0 1 
1 0 0 4.358589E-07 
0 0.9893803 -0.1453494 0.2666135 
0 0.1453494 0.9893804 7.227064E-07 
0 0 0 1 
1 0 0 4.358589E-07 
0 0.9896057 -0.1438074 0.2666135 
0 0.1438074 0.9896057 7.227064E-07 
0 0 0 1 
1 0 0 4.358589E-07 
0 0.9898273 -0.1422732 0.2666135 
0 0.1422732 0.9898274 7.227064E-07 
0 0 0 1 
1 0 0 4.358589E-07 
0 0.9900454 -0.1407478 0.2666135 
0 0.1407478 0.9900455 7.227064E-07 
0 0 0 1 
1 0 0 4.358589E-07 
0 0.9902597 -0.1392321 0.2666135 
0 0.1392321 0.9902598 7.227064E-07 
0 0 0 1 
1 0 0 4.358589E-07 
0 0.9904702 -0.1377269 0.2666135 
0 0.1377268 0.9904702 7.227064E-07 
0 0 0 1 
1 0 0 4.358589E-07 
0 0.9906768 -0.1362329 0.2666135 
0 0.1362329 0.9906768 7.227064E-07 
0 0 0 1 
1 0 0 4.358589E-07 
0 0.9908794 -0.1347513 0.2666135 
0 0.1347512 0.9908795 7.227064E-07 
0 0 0 1 
1 0 0 4.358589E-07 
0 0.991078 -0.1332827 0.2666135 
0 0.1332827 0.9910781 7.227064E-07 
0 0 0 1 
1 0 0 4.358589E-07 
0 0.9912726 -0.131828 0.2666135 
0 0.131828 0.9912726 7.227064E-07 
0 0 0 1 
1 0 0 4.358589E-07 
0 0.9914629 -0.1303882 0.2666135 
0 0.1303882 0.991463 7.227064E-07 
0 0 0 1 
1 0 0 4.358589E-07 
0 0.9916492 -0.128964 0.2666135 
0 0.128964 0.9916493 7.227064E-07 
0 0 0 1 
1 0 0 4.358589E-07 
0 0.9918312 -0.1275565 0.2666135 
0 0.1275564 0.9918313 7.227064E-07 
0 0 0 1 
1 0 0 4.358589E-07 
0 0.992009 -0.1261663 0.2666135 
0 0.1261663 0.9920091 7.227064E-07 
0 0 0 1 
1 0 0 4.358589E-07 
0 0.9921826 -0.1247944 0.2666135 
0 0.1247944 0.9921826 7.227064E-07 
0 0 0 1 
1 0 0 4.358589E-07 
0 0.9923518 -0.1234417 0.2666135 
0 0.1234417 0.9923518 7.227064E-07 
0 0 0 1 
1 0 0 4.358589E-07 
0 0.9925166 -0.122109 0.2666135 
0 0.122109 0.9925167 7.227064E-07 
0 0 0 1 
1 0 0 4.358589E-07 
0 0.9926772 -0.1207971 0.2666135 
0 0.1207971 0.9926772 7.227064E-07 
0 0 0 1 
1 0 0 4.358589E-07 
0 0.9928333 -0.1195071 0.2666135 
0 0.1195071 0.9928334 7.227064E-07 
0 0 0 1 
1 0 0 4.358589E-07 
0 0.992985 -0.1182397 0.2666135 
0 0.1182397 0.9929851 7.227064E-07 
0 0 0 1 
1 0 0 4.358589E-07 
0 0.9931324 -0.1169957 0.2666135 
0 0.1169957 0.9931324 7.227064E-07 
0 0 0 1 
1 0 0 4.358589E-07 
0 0.9932753 -0.1157762 0.2666135 
0 0.1157762 0.9932753 7.227064E-07 
0 0 0 1 
1 0 0 4.358589E-07 
0 0.9934137 -0.1145818 0.2666135 
0 0.1145818 0.9934138 7.227064E-07 
0 0 0 1 
</float_array>
          <technique_common>
            <accessor count="181" offset="0" source="#Chest_0_0-Matrix-animation-output-transform-array" stride="16">
              <param type="float4x4" />
            </accessor>
          </technique_common>
        </source>
        <source id="Chest_0_0-Interpolations">
          <Name_array id="Chest_0_0-Interpolations-array" count="181">LINEAR
LINEAR
LINEAR
LINEAR
LINEAR
LINEAR
LINEAR
LINEAR
LINEAR
LINEAR
LINEAR
LINEAR
LINEAR
LINEAR
LINEAR
LINEAR
LINEAR
LINEAR
LINEAR
LINEAR
LINEAR
LINEAR
LINEAR
LINEAR
LINEAR
LINEAR
LINEAR
LINEAR
LINEAR
LINEAR
LINEAR
LINEAR
LINEAR
LINEAR
LINEAR
LINEAR
LINEAR
LINEAR
LINEAR
LINEAR
LINEAR
LINEAR
LINEAR
LINEAR
LINEAR
LINEAR
LINEAR
LINEAR
LINEAR
LINEAR
LINEAR
LINEAR
LINEAR
LINEAR
LINEAR
LINEAR
LINEAR
LINEAR
LINEAR
LINEAR
LINEAR
LINEAR
LINEAR
LINEAR
LINEAR
LINEAR
LINEAR
LINEAR
LINEAR
LINEAR
LINEAR
LINEAR
LINEAR
LINEAR
LINEAR
LINEAR
LINEAR
LINEAR
LINEAR
LINEAR
LINEAR
LINEAR
LINEAR
LINEAR
LINEAR
LINEAR
LINEAR
LINEAR
LINEAR
LINEAR
LINEAR
LINEAR
LINEAR
LINEAR
LINEAR
LINEAR
LINEAR
LINEAR
LINEAR
LINEAR
LINEAR
LINEAR
LINEAR
LINEAR
LINEAR
LINEAR
LINEAR
LINEAR
LINEAR
LINEAR
LINEAR
LINEAR
LINEAR
LINEAR
LINEAR
LINEAR
LINEAR
LINEAR
LINEAR
LINEAR
LINEAR
LINEAR
LINEAR
LINEAR
LINEAR
LINEAR
LINEAR
LINEAR
LINEAR
LINEAR
LINEAR
LINEAR
LINEAR
LINEAR
LINEAR
LINEAR
LINEAR
LINEAR
LINEAR
LINEAR
LINEAR
LINEAR
LINEAR
LINEAR
LINEAR
LINEAR
LINEAR
LINEAR
LINEAR
LINEAR
LINEAR
LINEAR
LINEAR
LINEAR
LINEAR
LINEAR
LINEAR
LINEAR
LINEAR
LINEAR
LINEAR
LINEAR
LINEAR
LINEAR
LINEAR
LINEAR
LINEAR
LINEAR
LINEAR
LINEAR
LINEAR
LINEAR
LINEAR
LINEAR
LINEAR
LINEAR
LINEAR
LINEAR
LINEAR
LINEAR
LINEAR</Name_array>
          <technique_common>
            <accessor count="181" offset="0" source="#Chest_0_0-Interpolations-array" stride="1">
              <param type="name" />
            </accessor>
          </technique_common>
        </source>
        <sampler id="Chest_0_0-Matrix-animation-transform">
          <input semantic="INPUT" source="#Chest_0_0-Matrix-animation-input" />
          <input semantic="OUTPUT" source="#Chest_0_0-Matrix-animation-output-transform" />
          <input semantic="INTERPOLATION" source="#Chest_0_0-Interpolations" />
        </sampler>
        <channel source="#Chest_0_0-Matrix-animation-transform" target="Chest/matrix" />
      </animation>
      <animation id="LeftUpperArm_0_1-anim" name="LeftUpperArm_0_1">
        <source id="LeftUpperArm_0_1-Matrix-animation-input">
          <float_array id="LeftUpperArm_0_1-Matrix-animation-input-array" count="181">0
0.01666667
0.03333334
0.05
0.06666667
0.08333334
0.1
0.1166667
0.1333333
0.15
0.1666667
0.1833333
0.2
0.2166667
0.2333333
0.25
0.2666667
0.2833334
0.3
0.3166667
0.3333334
0.3500001
0.3666668
0.3833334
0.4000001
0.4166668
0.4333335
0.4500002
0.4666668
0.4833335
0.5000002
0.5166668
0.5333335
0.5500001
0.5666668
0.5833334
0.6000001
0.6166667
0.6333334
0.65
0.6666667
0.6833333
0.7
0.7166666
0.7333333
0.7499999
0.7666666
0.7833332
0.7999999
0.8166665
0.8333332
0.8499998
0.8666665
0.8833331
0.8999998
0.9166664
0.9333331
0.9499997
0.9666664
0.9833331
0.9999997
1.016666
1.033333
1.05
1.066666
1.083333
1.1
1.116666
1.133333
1.15
1.166666
1.183333
1.2
1.216666
1.233333
1.25
1.266666
1.283333
1.299999
1.316666
1.333333
1.349999
1.366666
1.383333
1.399999
1.416666
1.433333
1.449999
1.466666
1.483333
1.499999
1.516666
1.533333
1.549999
1.566666
1.583333
1.599999
1.616666
1.633332
1.649999
1.666666
1.683332
1.699999
1.716666
1.733332
1.749999
1.766666
1.783332
1.799999
1.816666
1.833332
1.849999
1.866666
1.883332
1.899999
1.916666
1.933332
1.949999
1.966666
1.983332
1.999999
2.016665
2.033332
2.049999
2.066665
2.083332
2.099999
2.116665
2.133332
2.149999
2.166665
2.183332
2.199999
2.216665
2.233332
2.249999
2.266665
2.283332
2.299999
2.316665
2.333332
2.349998
2.366665
2.383332
2.399998
2.416665
2.433332
2.449998
2.466665
2.483332
2.499998
2.516665
2.533332
2.549998
2.566665
2.583332
2.599998
2.616665
2.633332
2.649998
2.666665
2.683331
2.699998
2.716665
2.733331
2.749998
2.766665
2.783331
2.799998
2.816665
2.833331
2.849998
2.866665
2.883331
2.899998
2.916665
2.933331
2.949998
2.966665
2.983331
2.999998
</float_array>
          <technique_common>
            <accessor count="181" offset="0" source="#LeftUpperArm_0_1-Matrix-animation-input-array" stride="1">
              <param name="TIME" type="float" />
            </accessor>
          </technique_common>
        </source>
        <source id="LeftUpperArm_0_1-Matrix-animation-output-transform">
          <float_array id="LeftUpperArm_0_1-Matrix-animation-output-transform-array" count="2896">0.274777 0.1654916 0.947159 0.1937946 
0.2327858 -0.9672208 0.1014641 0.2713182 
0.9329033 0.1926052 -0.304294 2.486631E-06 
0 0 0 1 
0.2747526 0.1659611 0.9470841 0.1937946 
0.2322267 -0.9672854 0.1021311 0.2713183 
0.9330499 0.1918775 -0.3043046 2.457208E-06 
0 0 0 1 
0.2747276 0.1664406 0.9470071 0.1937946 
0.2316557 -0.96735 0.1028123 0.2713183 
0.933199 0.1911343 -0.3043145 2.427159E-06 
0 0 0 1 
0.2747031 0.1669296 0.946928 0.1937946 
0.231073 -0.9674151 0.1035071 0.2713183 
0.9333507 0.1903758 -0.3043247 2.396507E-06 
0 0 0 1 
0.2746792 0.1674281 0.9468471 0.1937946 
0.2304792 -0.9674809 0.1042149 0.2713184 
0.9335046 0.1896029 -0.3043355 2.365275E-06 
0 0 0 1 
0.2746549 0.1679355 0.9467642 0.1937946 
0.2298748 -0.9675467 0.1049354 0.2713185 
0.9336607 0.1888162 -0.3043455 2.333483E-06 
0 0 0 1 
0.2746317 0.1684516 0.9466794 0.1937946 
0.2292601 -0.967613 0.105668 0.2713185 
0.9338188 0.1880161 -0.3043563 2.301155E-06 
0 0 0 1 
0.2746086 0.1689758 0.9465926 0.1937946 
0.2286353 -0.9676793 0.1064123 0.2713186 
0.9339787 0.1872028 -0.3043667 2.268312E-06 
0 0 0 1 
0.2745856 0.1695079 0.9465041 0.1937946 
0.2280011 -0.9677455 0.1071676 0.2713186 
0.9341404 0.1863774 -0.3043768 2.234977E-06 
0 0 0 1 
0.2745634 0.1700475 0.9464136 0.1937946 
0.2273578 -0.9678116 0.1079335 0.2713187 
0.9343036 0.18554 -0.3043872 2.201171E-06 
0 0 0 1 
0.2745418 0.1705943 0.9463217 0.1937946 
0.2267057 -0.9678779 0.1087095 0.2713188 
0.9344684 0.1846913 -0.3043976 2.166916E-06 
0 0 0 1 
0.2745208 0.1711479 0.9462278 0.1937946 
0.2260455 -0.9679438 0.1094951 0.2713188 
0.9346346 0.1838319 -0.3044078 2.132235E-06 
0 0 0 1 
0.2745003 0.1717081 0.9461322 0.1937946 
0.2253775 -0.9680091 0.1102898 0.2713189 
0.9348019 0.1829624 -0.3044178 2.097149E-06 
0 0 0 1 
0.2744806 0.1722744 0.946035 0.1937946 
0.2247022 -0.9680744 0.1110931 0.271319 
0.9349703 0.1820834 -0.304428 2.061681E-06 
0 0 0 1 
0.2744617 0.1728463 0.9459361 0.1937946 
0.2240195 -0.9681392 0.1119044 0.271319 
0.9351397 0.1811947 -0.304438 2.025853E-06 
0 0 0 1 
0.2744434 0.1734238 0.9458358 0.1937946 
0.2233306 -0.9682034 0.1127234 0.2713191 
0.9353099 0.1802979 -0.3044478 1.989687E-06 
0 0 0 1 
0.274426 0.1740064 0.9457338 0.1937946 
0.2226354 -0.968267 0.1135494 0.2713192 
0.9354805 0.179393 -0.3044575 1.953204E-06 
0 0 0 1 
0.2744095 0.1745936 0.9456303 0.1937946 
0.2219347 -0.9683297 0.1143821 0.2713192 
0.935652 0.1784807 -0.3044671 1.916427E-06 
0 0 0 1 
0.2743934 0.1751851 0.9455255 0.1937946 
0.2212282 -0.9683919 0.1152207 0.2713193 
0.9358239 0.1775612 -0.3044761 1.879378E-06 
0 0 0 1 
0.2743788 0.1757808 0.9454193 0.1937946 
0.2205172 -0.9684534 0.116065 0.2713194 
0.935996 0.1766355 -0.3044857 1.842079E-06 
0 0 0 1 
0.2743649 0.1763799 0.9453117 0.1937946 
0.2198014 -0.968514 0.1169144 0.2713194 
0.9361684 0.1757038 -0.3044946 1.804553E-06 
0 0 0 1 
0.2743519 0.1769825 0.9452028 0.1937946 
0.219082 -0.9685735 0.1177683 0.2713195 
0.9363409 0.174767 -0.3045036 1.76682E-06 
0 0 0 1 
0.2743399 0.177588 0.9450928 0.1937946 
0.2183587 -0.968632 0.1186263 0.2713196 
0.9365134 0.1738253 -0.3045121 1.728903E-06 
0 0 0 1 
0.2743288 0.178196 0.9449815 0.1937946 
0.2176318 -0.9686897 0.1194879 0.2713196 
0.9366857 0.1728791 -0.3045205 1.690825E-06 
0 0 0 1 
0.274319 0.1788063 0.944869 0.1937946 
0.2169027 -0.9687462 0.1203525 0.2713197 
0.9368577 0.1719297 -0.304529 1.652607E-06 
0 0 0 1 
0.2743097 0.1794185 0.9447556 0.1937946 
0.216171 -0.9688015 0.1212197 0.2713198 
0.9370294 0.1709771 -0.3045367 1.614271E-06 
0 0 0 1 
0.2743022 0.1800321 0.9446412 0.1937946 
0.2154371 -0.9688561 0.122089 0.2713198 
0.9372008 0.1700216 -0.3045448 1.57584E-06 
0 0 0 1 
0.2742953 0.180647 0.9445257 0.1937946 
0.2147019 -0.9689088 0.1229598 0.2713199 
0.9373714 0.1690642 -0.3045523 1.537335E-06 
0 0 0 1 
0.2742895 0.1812627 0.9444095 0.1937946 
0.2139656 -0.968961 0.1238317 0.27132 
0.9375417 0.1681054 -0.3045596 1.498779E-06 
0 0 0 1 
0.2742846 0.1818789 0.9442924 0.1937946 
0.2132288 -0.9690113 0.1247042 0.27132 
0.9377106 0.167146 -0.3045666 1.460193E-06 
0 0 0 1 
0.2742812 0.1824951 0.9441746 0.1937946 
0.2124914 -0.9690607 0.1255768 0.2713201 
0.9378793 0.1661856 -0.3045737 1.4216E-06 
0 0 0 1 
0.2742788 0.1831112 0.944056 0.1937946 
0.2117544 -0.9691086 0.1264489 0.2713202 
0.9380465 0.1652258 -0.3045805 1.383022E-06 
0 0 0 1 
0.2742772 0.1837265 0.9439368 0.1937946 
0.2110177 -0.9691551 0.1273201 0.2713203 
0.9382129 0.1642664 -0.3045866 1.344481E-06 
0 0 0 1 
0.2742769 0.1843411 0.9438171 0.1937946 
0.2102824 -0.9692003 0.1281898 0.2713203 
0.9383782 0.1633086 -0.3045928 1.305998E-06 
0 0 0 1 
0.2742777 0.1849542 0.943697 0.1937946 
0.2095482 -0.9692444 0.1290577 0.2713204 
0.9385422 0.1623524 -0.3045988 1.267596E-06 
0 0 0 1 
0.2742795 0.1855657 0.9435765 0.1937946 
0.2088161 -0.9692868 0.1299231 0.2713205 
0.9387049 0.1613988 -0.3046045 1.229297E-06 
0 0 0 1 
0.2742822 0.1861752 0.9434554 0.1937946 
0.2080862 -0.9693274 0.1307856 0.2713205 
0.938866 0.160448 -0.3046097 1.191124E-06 
0 0 0 1 
0.2742861 0.1867823 0.9433344 0.1937946 
0.2073589 -0.9693673 0.1316446 0.2713206 
0.9390258 0.1595005 -0.3046148 1.153097E-06 
0 0 0 1 
0.2742911 0.1873867 0.943213 0.1937946 
0.2066346 -0.9694054 0.1324998 0.2713207 
0.9391841 0.158557 -0.3046197 1.115239E-06 
0 0 0 1 
0.274297 0.187988 0.9430918 0.1937946 
0.2059142 -0.9694421 0.1333505 0.2713207 
0.9393407 0.1576184 -0.3046243 1.077573E-06 
0 0 0 1 
0.2743038 0.188586 0.9429703 0.1937946 
0.2051978 -0.9694772 0.1341963 0.2713208 
0.9394952 0.1566849 -0.3046286 1.04012E-06 
0 0 0 1 
0.2743117 0.1891801 0.942849 0.1937946 
0.2044856 -0.969511 0.1350367 0.2713209 
0.9396483 0.155757 -0.3046327 1.002902E-06 
0 0 0 1 
0.2743203 0.18977 0.942728 0.1937946 
0.2037781 -0.9695435 0.1358713 0.2713209 
0.9397994 0.1548351 -0.3046364 9.659411E-07 
0 0 0 1 
0.2743301 0.1903555 0.942607 0.1937946 
0.2030761 -0.9695742 0.1366993 0.271321 
0.9399484 0.1539202 -0.3046399 9.2926E-07 
0 0 0 1 
0.274341 0.1909361 0.9424865 0.1937946 
0.2023796 -0.9696038 0.1375206 0.2713211 
0.9400955 0.1530126 -0.3046435 8.928803E-07 
0 0 0 1 
0.2743519 0.1915115 0.9423662 0.1937946 
0.2016896 -0.9696314 0.1383343 0.2713211 
0.9402406 0.1521132 -0.304646 8.568242E-07 
0 0 0 1 
0.2743644 0.1920814 0.9422468 0.1937946 
0.2010057 -0.9696584 0.1391402 0.2713212 
0.9403834 0.1512219 -0.3046491 8.211136E-07 
0 0 0 1 
0.2743776 0.1926454 0.9421278 0.1937946 
0.2003289 -0.9696836 0.1399378 0.2713213 
0.9405239 0.1503397 -0.3046519 7.857708E-07 
0 0 0 1 
0.2743913 0.1932032 0.9420096 0.1937946 
0.1996597 -0.9697075 0.1407264 0.2713213 
0.9406622 0.1494672 -0.3046541 7.508175E-07 
0 0 0 1 
0.2744059 0.1937543 0.9418922 0.1937946 
0.198998 -0.9697304 0.1415057 0.2713214 
0.9407983 0.1486047 -0.3046563 7.162763E-07 
0 0 0 1 
0.274421 0.1942986 0.9417756 0.1937946 
0.1983449 -0.9697514 0.1422751 0.2713214 
0.9409316 0.1477532 -0.3046582 6.821687E-07 
0 0 0 1 
0.2744367 0.1948354 0.94166 0.1937946 
0.1977002 -0.9697711 0.1430341 0.2713215 
0.9410627 0.1469126 -0.3046597 6.48517E-07 
0 0 0 1 
0.2744532 0.1953646 0.9415458 0.1937946 
0.1970646 -0.9697902 0.1437822 0.2713216 
0.9411913 0.1460839 -0.3046614 6.153431E-07 
0 0 0 1 
0.2744701 0.1958857 0.9414325 0.1937946 
0.1964385 -0.9698076 0.144519 0.2713216 
0.9413173 0.1452675 -0.3046626 5.826694E-07 
0 0 0 1 
0.2744876 0.1963987 0.9413207 0.1937946 
0.1958227 -0.9698241 0.145244 0.2713217 
0.9414405 0.1444644 -0.3046639 5.505178E-07 
0 0 0 1 
0.2745054 0.1969028 0.9412101 0.1937946 
0.195217 -0.9698392 0.1459566 0.2713217 
0.941561 0.1436744 -0.3046647 5.189102E-07 
0 0 0 1 
0.2745236 0.1973977 0.941101 0.1937946 
0.1946218 -0.9698529 0.1466563 0.2713218 
0.9416789 0.1428982 -0.3046653 4.878689E-07 
0 0 0 1 
0.274542 0.1978834 0.9409936 0.1937946 
0.1940382 -0.9698658 0.1473428 0.2713219 
0.941794 0.142137 -0.3046658 4.574158E-07 
0 0 0 1 
0.2745607 0.1983593 0.9408879 0.1937946 
0.1934664 -0.9698777 0.1480154 0.2713219 
0.9419062 0.141391 -0.304666 4.27573E-07 
0 0 0 1 
0.27458 0.1988251 0.940784 0.1937946 
0.1929064 -0.9698887 0.1486737 0.271322 
0.9420153 0.1406605 -0.3046665 3.983625E-07 
0 0 0 1 
0.2745989 0.1992804 0.9406821 0.1937946 
0.1923591 -0.9698983 0.1493172 0.271322 
0.9421218 0.1399465 -0.3046663 3.698067E-07 
0 0 0 1 
0.2746185 0.1997248 0.9405822 0.1937946 
0.1918245 -0.9699074 0.1499453 0.2713221 
0.942225 0.139249 -0.3046665 3.41927E-07 
0 0 0 1 
0.274638 0.2001581 0.9404844 0.1937946 
0.1913033 -0.9699155 0.1505577 0.2713221 
0.9423254 0.138569 -0.3046664 3.147461E-07 
0 0 0 1 
0.2746575 0.2005799 0.9403889 0.1937946 
0.1907962 -0.9699228 0.1511538 0.2713222 
0.9424224 0.1379071 -0.3046664 2.882855E-07 
0 0 0 1 
0.2746767 0.2009898 0.9402957 0.1937946 
0.190303 -0.9699291 0.1517331 0.2713222 
0.9425167 0.1372635 -0.3046658 2.625679E-07 
0 0 0 1 
0.2746958 0.2013875 0.9402049 0.1937946 
0.1898245 -0.9699347 0.1522951 0.2713223 
0.9426074 0.1366391 -0.3046652 2.376148E-07 
0 0 0 1 
0.2747152 0.2017726 0.9401168 0.1937946 
0.1893611 -0.9699398 0.1528394 0.2713223 
0.942695 0.1360343 -0.304665 2.134486E-07 
0 0 0 1 
0.2747339 0.2021448 0.9400313 0.1937946 
0.1889131 -0.9699442 0.1533654 0.2713223 
0.9427795 0.1354496 -0.3046643 1.900912E-07 
0 0 0 1 
0.2747525 0.2025038 0.9399487 0.1937946 
0.1884811 -0.9699481 0.1538726 0.2713224 
0.9428606 0.1348858 -0.3046637 1.675648E-07 
0 0 0 1 
0.2747706 0.2028491 0.9398689 0.1937946 
0.1880654 -0.9699512 0.1543606 0.2713224 
0.9429383 0.1343431 -0.3046628 1.458911E-07 
0 0 0 1 
0.2747882 0.2031805 0.9397921 0.1937946 
0.1876667 -0.9699534 0.1548289 0.2713225 
0.9430125 0.1338225 -0.3046619 1.250926E-07 
0 0 0 1 
0.2748057 0.2034975 0.9397185 0.1937946 
0.1872849 -0.9699558 0.1552769 0.2713225 
0.9430834 0.1333242 -0.3046613 1.051912E-07 
0 0 0 1 
0.2748223 0.2037999 0.9396481 0.1937946 
0.1869209 -0.9699575 0.1557042 0.2713225 
0.9431507 0.1328489 -0.3046603 8.620896E-08 
0 0 0 1 
0.2748383 0.2040873 0.9395811 0.1937946 
0.1865748 -0.969959 0.1561104 0.2713225 
0.9432147 0.1323971 -0.3046594 6.816776E-08 
0 0 0 1 
0.274854 0.2043593 0.9395173 0.1937946 
0.186247 -0.96996 0.1564947 0.2713226 
0.9432749 0.1319691 -0.3046585 5.108996E-08 
0 0 0 1 
0.2748689 0.2046156 0.939457 0.1937946 
0.1859383 -0.9699605 0.1568569 0.2713226 
0.9433313 0.131566 -0.3046578 3.499736E-08 
0 0 0 1 
0.274883 0.2048559 0.9394007 0.1937946 
0.185649 -0.9699612 0.1571964 0.2713226 
0.9433843 0.1311883 -0.304657 1.991225E-08 
0 0 0 1 
0.2748961 0.2050798 0.939348 0.1937946 
0.1853794 -0.9699613 0.1575127 0.2713227 
0.9434335 0.1308362 -0.304656 5.856464E-09 
0 0 0 1 
0.2749083 0.2052868 0.9392991 0.1937946 
0.1851299 -0.9699613 0.1578053 0.2713227 
0.9434789 0.1305103 -0.3046551 -7.147719E-09 
0 0 0 1 
0.2749201 0.2054769 0.9392542 0.1937946 
0.1849013 -0.9699614 0.1580738 0.2713227 
0.9435204 0.1302117 -0.3046547 -1.90787E-08 
0 0 0 1 
0.2749304 0.2056494 0.9392135 0.1937946 
0.1846932 -0.9699612 0.1583176 0.2713227 
0.9435582 0.12994 -0.3046538 -2.991374E-08 
0 0 0 1 
0.27494 0.2058042 0.9391767 0.1937946 
0.1845069 -0.9699609 0.1585363 0.2713228 
0.9435917 0.1296967 -0.3046533 -3.963123E-08 
0 0 0 1 
0.2749485 0.2059407 0.9391444 0.1937946 
0.1843423 -0.9699607 0.1587293 0.2713228 
0.9436215 0.1294817 -0.3046527 -4.820913E-08 
0 0 0 1 
0.2749557 0.2060588 0.9391161 0.1937946 
0.1842001 -0.9699602 0.1588961 0.2713228 
0.943647 0.129296 -0.3046521 -5.562492E-08 
0 0 0 1 
0.2749622 0.206158 0.9390926 0.1937946 
0.1840803 -0.9699601 0.1590363 0.2713228 
0.9436685 0.1291395 -0.3046519 -6.185701E-08 
0 0 0 1 
0.274967 0.206238 0.9390736 0.1937946 
0.1839839 -0.9699599 0.1591494 0.2713228 
0.9436858 0.1290136 -0.3046514 -6.68831E-08 
0 0 0 1 
0.2749709 0.2062985 0.9390592 0.1937946 
0.183911 -0.9699597 0.1592349 0.2713228 
0.943699 0.1289185 -0.3046511 -7.068138E-08 
0 0 0 1 
0.2749733 0.2063391 0.9390495 0.1937946 
0.1838622 -0.9699594 0.1592922 0.2713228 
0.9437078 0.1288546 -0.3046508 -7.322978E-08 
0 0 0 1 
0.2749746 0.2063594 0.9390446 0.1937946 
0.1838377 -0.9699593 0.1593209 0.2713228 
0.9437122 0.1288226 -0.3046508 -7.450581E-08 
0 0 0 1 
0.2749746 0.2063597 0.9390445 0.1937946 
0.1838374 -0.9699593 0.1593213 0.2713228 
0.9437121 0.1288223 -0.3046508 -7.452295E-08 
0 0 0 1 
0.2749736 0.2063406 0.9390491 0.1937946 
0.1838605 -0.9699595 0.1592943 0.2713228 
0.9437079 0.1288524 -0.304651 -7.332243E-08 
0 0 0 1 
0.274971 0.2063024 0.9390581 0.1937946 
0.1839065 -0.9699595 0.1592403 0.2713228 
0.9436997 0.1289125 -0.304651 -7.09244E-08 
0 0 0 1 
0.2749673 0.2062455 0.9390718 0.1937946 
0.183975 -0.9699599 0.1591599 0.2713228 
0.9436875 0.1290021 -0.3046511 -6.734904E-08 
0 0 0 1 
0.2749628 0.2061702 0.9390898 0.1937946 
0.1840659 -0.96996 0.1590534 0.2713228 
0.9436711 0.1291207 -0.3046517 -6.261655E-08 
0 0 0 1 
0.274957 0.2060766 0.9391121 0.1937946 
0.1841783 -0.9699605 0.1589214 0.2713228 
0.9436511 0.1292676 -0.3046521 -5.674708E-08 
0 0 0 1 
0.2749501 0.2059655 0.9391383 0.1937946 
0.1843126 -0.9699605 0.1587642 0.2713228 
0.9436267 0.1294428 -0.3046527 -4.976085E-08 
0 0 0 1 
0.274942 0.2058367 0.9391688 0.1937946 
0.1844676 -0.9699607 0.1585823 0.2713228 
0.9435988 0.1296453 -0.304653 -4.167802E-08 
0 0 0 1 
0.274933 0.2056909 0.9392035 0.1937946 
0.1846433 -0.969961 0.1583762 0.2713227 
0.943567 0.1298748 -0.3046536 -3.251877E-08 
0 0 0 1 
0.2749232 0.2055283 0.9392421 0.1937946 
0.1848394 -0.9699613 0.1581464 0.2713227 
0.9435315 0.1301309 -0.3046545 -2.230329E-08 
0 0 0 1 
0.2749123 0.205349 0.9392844 0.1937946 
0.1850551 -0.9699614 0.1578932 0.2713227 
0.9434925 0.1304127 -0.3046551 -1.105177E-08 
0 0 0 1 
0.2749006 0.2051537 0.9393306 0.1937946 
0.1852905 -0.9699614 0.1576172 0.2713227 
0.9434496 0.13072 -0.3046559 1.215618E-09 
0 0 0 1 
0.2748881 0.2049424 0.9393803 0.1937946 
0.1855448 -0.9699612 0.1573187 0.2713227 
0.9434033 0.1310521 -0.3046566 1.447868E-08 
0 0 0 1 
0.2748747 0.2047157 0.9394336 0.1937946 
0.185818 -0.9699607 0.1569982 0.2713226 
0.9433534 0.1314089 -0.3046575 2.871725E-08 
0 0 0 1 
0.2748607 0.2044737 0.9394906 0.1937946 
0.1861094 -0.9699605 0.1566563 0.2713226 
0.9433 0.1317894 -0.3046584 4.391114E-08 
0 0 0 1 
0.2748458 0.2042168 0.9395506 0.1937946 
0.1864188 -0.9699593 0.1562932 0.2713226 
0.9432432 0.1321934 -0.304659 6.004015E-08 
0 0 0 1 
0.2748307 0.2039453 0.9396142 0.1937946 
0.1867457 -0.9699583 0.1559096 0.2713225 
