<?xml version="1.0" encoding="utf-8"?>
<COLLADA xmlns:xsi="http://www.w3.org/2001/XMLSchema-instance" xmlns:xsd="http://www.w3.org/2001/XMLSchema" version="1.4.1" xmlns="http://www.collada.org/2005/11/COLLADASchema">
  <asset>
    <created>2017-06-01T10:06:25.9715085+03:00</created>
    <modified>2017-06-01T10:06:25.9715085+03:00</modified>
    <unit meter="1" name="meter" />
    <up_axis>Y_UP</up_axis>
    <contributor>
      <authoring_tool>Skele: Character Animation Tools</authoring_tool>
      <comments>https://www.assetstore.unity3d.com/en/#!/content/16899</comments>
    </contributor>
    <revision>1.0</revision>
  </asset>
  <library_animation_clips>
    <animation_clip name="KamaraYesGesture" start="0" end="4.8333334922790527">
      <instance_animation url="KamaraYesGesture_0" />
    </animation_clip>
  </library_animation_clips>
  <library_animations>
    <animation id="KamaraYesGesture_0" name="KamaraYesGesture">
      <animation id="Chest_0_0-anim" name="Chest_0_0">
        <source id="Chest_0_0-Matrix-animation-input">
          <float_array id="Chest_0_0-Matrix-animation-input-array" count="291">0
0.01666667
0.03333334
0.05
0.06666667
0.08333334
0.1
0.1166667
0.1333333
0.15
0.1666667
0.1833333
0.2
0.2166667
0.2333333
0.25
0.2666667
0.2833334
0.3
0.3166667
0.3333334
0.3500001
0.3666668
0.3833334
0.4000001
0.4166668
0.4333335
0.4500002
0.4666668
0.4833335
0.5000002
0.5166668
0.5333335
0.5500001
0.5666668
0.5833334
0.6000001
0.6166667
0.6333334
0.65
0.6666667
0.6833333
0.7
0.7166666
0.7333333
0.7499999
0.7666666
0.7833332
0.7999999
0.8166665
0.8333332
0.8499998
0.8666665
0.8833331
0.8999998
0.9166664
0.9333331
0.9499997
0.9666664
0.9833331
0.9999997
1.016666
1.033333
1.05
1.066666
1.083333
1.1
1.116666
1.133333
1.15
1.166666
1.183333
1.2
1.216666
1.233333
1.25
1.266666
1.283333
1.299999
1.316666
1.333333
1.349999
1.366666
1.383333
1.399999
1.416666
1.433333
1.449999
1.466666
1.483333
1.499999
1.516666
1.533333
1.549999
1.566666
1.583333
1.599999
1.616666
1.633332
1.649999
1.666666
1.683332
1.699999
1.716666
1.733332
1.749999
1.766666
1.783332
1.799999
1.816666
1.833332
1.849999
1.866666
1.883332
1.899999
1.916666
1.933332
1.949999
1.966666
1.983332
1.999999
2.016665
2.033332
2.049999
2.066665
2.083332
2.099999
2.116665
2.133332
2.149999
2.166665
2.183332
2.199999
2.216665
2.233332
2.249999
2.266665
2.283332
2.299999
2.316665
2.333332
2.349998
2.366665
2.383332
2.399998
2.416665
2.433332
2.449998
2.466665
2.483332
2.499998
2.516665
2.533332
2.549998
2.566665
2.583332
2.599998
2.616665
2.633332
2.649998
2.666665
2.683331
2.699998
2.716665
2.733331
2.749998
2.766665
2.783331
2.799998
2.816665
2.833331
2.849998
2.866665
2.883331
2.899998
2.916665
2.933331
2.949998
2.966665
2.983331
2.999998
3.016665
3.033331
3.049998
3.066664
3.083331
3.099998
3.116664
3.133331
3.149998
3.166664
3.183331
3.199998
3.216664
3.233331
3.249998
3.266664
3.283331
3.299998
3.316664
3.333331
3.349998
3.366664
3.383331
3.399997
3.416664
3.433331
3.449997
3.466664
3.483331
3.499997
3.516664
3.533331
3.549997
3.566664
3.583331
3.599997
3.616664
3.633331
3.649997
3.666664
3.683331
3.699997
3.716664
3.73333
3.749997
3.766664
3.78333
3.799997
3.816664
3.83333
3.849997
3.866664
3.88333
3.899997
3.916664
3.93333
3.949997
3.966664
3.98333
3.999997
4.016664
4.03333
4.049997
4.066664
4.083331
4.099998
4.116665
4.133332
4.149999
4.166666
4.183332
4.199999
4.216666
4.233333
4.25
4.266667
4.283334
4.300001
4.316668
4.333334
4.350001
4.366668
4.383335
4.400002
4.416669
4.433336
4.450003
4.46667
4.483336
4.500003
4.51667
4.533337
4.550004
4.566671
4.583338
4.600005
4.616672
4.633338
4.650005
4.666672
4.683339
4.700006
4.716673
4.73334
4.750007
4.766674
4.78334
4.800007
4.816674
4.833333
</float_array>
          <technique_common>
            <accessor count="291" offset="0" source="#Chest_0_0-Matrix-animation-input-array" stride="1">
              <param name="TIME" type="float" />
            </accessor>
          </technique_common>
        </source>
        <source id="Chest_0_0-Matrix-animation-output-transform">
          <float_array id="Chest_0_0-Matrix-animation-output-transform-array" count="4656">1 0 0 -2.642279E-12 
0 0.9999821 0.005980359 0.2666135 
0 -0.005980358 0.9999821 2.243303E-10 
0 0 0 1 
1 -8.071453E-05 5.801265E-06 6.22033E-09 
8.069033E-05 0.9999917 0.004058497 0.2666135 
-6.128797E-06 -0.004058495 0.9999918 1.05395E-08 
0 0 0 1 
1 -0.0001654487 1.189317E-05 1.260666E-08 
0.0001654232 0.9999977 0.002115117 0.2666135 
-1.224309E-05 -0.002115115 0.9999977 2.112544E-08 
0 0 0 1 
0.9999999 -0.0002538093 1.824753E-05 1.914913E-08 
0.0002538066 0.9999999 0.0001523104 0.2666135 
-1.828619E-05 -0.0001523058 1 3.197021E-08 
0 0 0 1 
0.9999999 -0.0003454034 2.483615E-05 2.584053E-08 
0.0003454483 0.9999982 -0.001827836 0.2666135 
-2.420477E-05 0.001827844 0.9999983 4.306185E-08 
0 0 0 1 
0.9999999 -0.0004398384 3.163084E-05 3.267367E-08 
0.0004399561 0.9999925 -0.003823233 0.2666135 
-2.9949E-05 0.003823247 0.9999927 5.438843E-08 
0 0 0 1 
0.9999999 -0.0005367218 3.860338E-05 3.964133E-08 
0.0005369379 0.9999828 -0.005831793 0.2666135 
-3.547267E-05 0.005831812 0.999983 6.5938E-08 
0 0 0 1 
0.9999998 -0.0006356616 4.572557E-05 4.673631E-08 
0.0006360011 0.9999689 -0.007851426 0.2666135 
-4.07333E-05 0.007851453 0.9999692 7.76986E-08 
0 0 0 1 
0.9999997 -0.0007362657 5.296919E-05 5.39514E-08 
0.000736753 0.9999509 -0.009880044 0.2666135 
-4.569225E-05 0.009880081 0.9999512 8.965831E-08 
0 0 0 1 
0.9999996 -0.0008381427 6.030602E-05 6.127939E-08 
0.0008388018 0.9999286 -0.01191556 0.2666135 
-5.031478E-05 0.0119156 0.999929 1.018052E-07 
0 0 0 1 
0.9999996 -0.000940901 6.770786E-05 6.871308E-08 
0.0009417543 0.9999021 -0.01395587 0.2666135 
-5.457014E-05 0.01395593 0.9999026 1.141272E-07 
0 0 0 1 
0.9999995 -0.00104415 7.514645E-05 7.624527E-08 
0.001045219 0.9998714 -0.01599891 0.2666135 
-5.843153E-05 0.01599897 0.999872 1.266125E-07 
0 0 0 1 
0.9999993 -0.001147498 8.259364E-05 8.386873E-08 
0.001148802 0.9998365 -0.01804257 0.2666135 
-6.187632E-05 0.01804265 0.9998372 1.392492E-07 
0 0 0 1 
0.9999992 -0.001250557 9.002117E-05 9.157628E-08 
0.001252112 0.9997975 -0.02008477 0.2666135 
-6.48858E-05 0.02008486 0.9997983 1.520251E-07 
0 0 0 1 
0.9999991 -0.001352933 9.740089E-05 9.93607E-08 
0.001354757 0.9997543 -0.02212342 0.2666135 
-6.744546E-05 0.02212352 0.9997553 1.649286E-07 
0 0 0 1 
0.9999989 -0.00145424 0.0001047046 1.072148E-07 
0.001456345 0.999707 -0.02415642 0.2666135 
-6.954469E-05 0.02415655 0.9997082 1.779474E-07 
0 0 0 1 
0.9999988 -0.001554086 0.0001119041 1.151313E-07 
0.001556483 0.9996559 -0.0261817 0.2666135 
-7.117693E-05 0.02618184 0.9996572 1.910699E-07 
0 0 0 1 
0.9999986 -0.001652083 0.0001189712 1.231031E-07 
0.00165478 0.9996009 -0.02819717 0.2666135 
-7.233967E-05 0.02819733 0.9996024 2.042839E-07 
0 0 0 1 
0.9999985 -0.00174784 0.0001258778 1.31123E-07 
0.001750845 0.9995422 -0.03020074 0.2666135 
-7.303413E-05 0.03020091 0.9995438 2.175775E-07 
0 0 0 1 
0.9999983 -0.001840971 0.0001325958 1.391836E-07 
0.001844285 0.99948 -0.03219033 0.2666135 
-7.326536E-05 0.03219051 0.9994817 2.309389E-07 
0 0 0 1 
0.9999982 -0.001931086 0.000139097 1.47278E-07 
0.001934711 0.9994143 -0.03416384 0.2666135 
-7.304217E-05 0.03416405 0.9994162 2.44356E-07 
0 0 0 1 
0.999998 -0.002017797 0.0001453533 1.553987E-07 
0.002021731 0.9993454 -0.0361192 0.2666135 
-7.237696E-05 0.03611942 0.9993475 2.578169E-07 
0 0 0 1 
0.9999978 -0.002100716 0.0001513367 1.635386E-07 
0.002104953 0.9992734 -0.03805432 0.2666135 
-7.128539E-05 0.03805455 0.9992757 2.713096E-07 
0 0 0 1 
0.9999976 -0.002179455 0.000157019 1.716906E-07 
0.00218399 0.9991986 -0.03996712 0.2666135 
-6.978663E-05 0.03996737 0.999201 2.848222E-07 
0 0 0 1 
0.9999974 -0.002253628 0.0001623723 1.798474E-07 
0.002258449 0.9991211 -0.04185553 0.2666135 
-6.790281E-05 0.04185579 0.9991236 2.983429E-07 
0 0 0 1 
0.9999973 -0.002322845 0.0001673685 1.880017E-07 
0.002327941 0.9990411 -0.04371744 0.2666135 
-6.565917E-05 0.04371771 0.9990439 3.118595E-07 
0 0 0 1 
0.9999971 -0.002386721 0.0001719796 1.961465E-07 
0.002392078 0.9989591 -0.0455508 0.2666135 
-6.308356E-05 0.04555108 0.998962 3.253602E-07 
0 0 0 1 
0.999997 -0.002444869 0.0001761777 2.042745E-07 
0.002450469 0.9988751 -0.04735354 0.2666135 
-6.020635E-05 0.04735382 0.9988782 3.388331E-07 
0 0 0 1 
0.9999968 -0.002496902 0.0001799348 2.123784E-07 
0.002502726 0.9987895 -0.04912356 0.2666135 
-5.706028E-05 0.04912385 0.9987927 3.522661E-07 
0 0 0 1 
0.9999967 -0.002542432 0.0001832228 2.204511E-07 
0.00254846 0.9987025 -0.05085878 0.2666135 
-5.368013E-05 0.05085908 0.9987059 3.656473E-07 
0 0 0 1 
0.9999967 -0.002581074 0.0001860141 2.284853E-07 
0.002587284 0.9986145 -0.05255714 0.2666135 
-5.010247E-05 0.05255744 0.9986179 3.789649E-07 
0 0 0 1 
0.9999965 -0.002612442 0.0001882805 2.364739E-07 
0.002618807 0.9985257 -0.05421656 0.2666135 
-4.636534E-05 0.05421687 0.9985292 3.922067E-07 
0 0 0 1 
0.9999965 -0.002636149 0.0001899943 2.444096E-07 
0.002642645 0.9984365 -0.05583498 0.2666135 
-4.250795E-05 0.05583528 0.99844 4.05361E-07 
0 0 0 1 
0.9999965 -0.002651809 0.0001911276 2.522853E-07 
0.002658408 0.998347 -0.05741032 0.2666135 
-3.857047E-05 0.05741062 0.9983506 4.184157E-07 
0 0 0 1 
0.9999964 -0.002659035 0.0001916525 2.600938E-07 
0.002665708 0.9982579 -0.05894051 0.2666135 
-3.459369E-05 0.05894081 0.9982615 4.313589E-07 
0 0 0 1 
0.9999964 -0.002656968 0.0001915071 2.678277E-07 
0.002663686 0.998167 -0.06045965 0.2666135 
-3.051669E-05 0.06045994 0.9981706 4.441787E-07 
0 0 0 1 
0.9999965 -0.002645331 0.0001906715 2.7548E-07 
0.002652064 0.9980725 -0.06200059 0.2666135 
-2.629186E-05 0.06200088 0.9980761 4.568631E-07 
0 0 0 1 
0.9999965 -0.002624615 0.000189181 2.830434E-07 
0.002631333 0.9979745 -0.06355952 0.2666135 
-2.197855E-05 0.06355979 0.997978 4.694001E-07 
0 0 0 1 
0.9999966 -0.002595309 0.0001870709 2.905107E-07 
0.002601983 0.9978732 -0.06513257 0.2666135 
-1.763387E-05 0.06513283 0.9978766 4.817779E-07 
0 0 0 1 
0.9999967 -0.002557904 0.0001843764 2.978747E-07 
0.002564506 0.9977686 -0.06671587 0.2666135 
-1.331226E-05 0.06671611 0.997772 4.939844E-07 
0 0 0 1 
0.9999968 -0.002512888 0.0001811329 3.051283E-07 
0.002519392 0.9976612 -0.06830557 0.2666135 
-9.065056E-06 0.0683058 0.9976645 5.060078E-07 
0 0 0 1 
0.999997 -0.002460752 0.0001773757 3.122641E-07 
0.002467132 0.997551 -0.06989783 0.2666135 
-4.940055E-06 0.06989805 0.9975541 5.178362E-07 
0 0 0 1 
0.9999971 -0.002401984 0.0001731399 3.19275E-07 
0.002408216 0.9974384 -0.07148881 0.2666135 
-9.814169E-07 0.07148901 0.9974414 5.294574E-07 
0 0 0 1 
0.9999973 -0.002337073 0.0001684609 3.261538E-07 
0.002343136 0.9973237 -0.07307464 0.2666135 
2.770793E-06 0.07307483 0.9973264 5.408596E-07 
0 0 0 1 
0.9999974 -0.002266508 0.0001633739 3.328932E-07 
0.00227238 0.997207 -0.07465149 0.2666135 
6.280607E-06 0.07465167 0.9972097 5.520308E-07 
0 0 0 1 
0.9999976 -0.002190776 0.0001579141 3.394861E-07 
0.00219644 0.9970889 -0.07621551 0.2666135 
9.516709E-06 0.07621567 0.9970914 5.629592E-07 
0 0 0 1 
0.9999977 -0.002110366 0.0001521168 3.459253E-07 
0.002115805 0.9969696 -0.07776287 0.2666135 
1.24523E-05 0.07776301 0.9969718 5.736327E-07 
0 0 0 1 
0.9999979 -0.002025765 0.0001460172 3.522035E-07 
0.002030965 0.9968495 -0.07928972 0.2666135 
1.506518E-05 0.07928985 0.9968516 5.840395E-07 
0 0 0 1 
0.9999981 -0.00193746 0.0001396504 3.583136E-07 
0.001942409 0.996729 -0.08079223 0.2666135 
1.73381E-05 0.08079234 0.996731 5.941675E-07 
0 0 0 1 
0.9999983 -0.001845938 0.0001330517 3.642483E-07 
0.001850627 0.9966086 -0.08226655 0.2666135 
1.925851E-05 0.08226665 0.9966103 6.040049E-07 
0 0 0 1 
0.9999985 -0.001751686 0.0001262561 3.700004E-07 
0.001756107 0.9964886 -0.08370885 0.2666135 
2.081884E-05 0.08370893 0.9964902 6.135396E-07 
0 0 0 1 
0.9999986 -0.001655189 0.0001192987 3.755628E-07 
0.001659336 0.9963697 -0.08511533 0.2666135 
2.201626E-05 0.0851154 0.9963711 6.227597E-07 
0 0 0 1 
0.9999988 -0.001556932 0.0001122147 3.809281E-07 
0.001560804 0.9962521 -0.08648212 0.2666135 
2.285267E-05 0.08648218 0.9962534 6.316533E-07 
0 0 0 1 
0.9999989 -0.001457403 0.0001050391 3.860893E-07 
0.001460997 0.9961365 -0.0878054 0.2666135 
2.333463E-05 0.08780545 0.9961376 6.402084E-07 
0 0 0 1 
0.999999 -0.001357086 9.780681E-05 3.910391E-07 
0.001360403 0.9960234 -0.08908136 0.2666135 
2.347318E-05 0.0890814 0.9960244 6.484132E-07 
0 0 0 1 
0.9999992 -0.001256465 9.055295E-05 3.957703E-07 
0.001259509 0.9959132 -0.09030618 0.2666135 
2.328368E-05 0.09030621 0.995914 6.562556E-07 
0 0 0 1 
0.9999993 -0.001156025 8.331241E-05 4.002757E-07 
0.001158799 0.9958066 -0.09147602 0.2666135 
2.278551E-05 0.09147604 0.9958073 6.637237E-07 
0 0 0 1 
0.9999995 -0.00105625 7.612009E-05 4.04548E-07 
0.001058761 0.995704 -0.09258703 0.2666135 
2.200199E-05 0.09258705 0.9957046 6.708055E-07 
0 0 0 1 
0.9999995 -0.000957625 6.901097E-05 4.085802E-07 
0.0009598797 0.995606 -0.09363545 0.2666135 
2.095992E-05 0.09363548 0.9956065 6.774892E-07 
0 0 0 1 
0.9999996 -0.0008606325 6.201984E-05 4.123649E-07 
0.0008626396 0.9955133 -0.09461743 0.2666135 
1.968926E-05 0.09461744 0.9955137 6.837627E-07 
0 0 0 1 
0.9999997 -0.0007657566 5.518163E-05 4.15895E-07 
0.000767526 0.9954263 -0.09552917 0.2666135 
1.822285E-05 0.09552918 0.9954267 6.896142E-07 
0 0 0 1 
0.9999998 -0.0006734803 4.853104E-05 4.191633E-07 
0.0006750227 0.9953456 -0.09636682 0.2666135 
1.659599E-05 0.09636682 0.9953459 6.950316E-07 
0 0 0 1 
0.9999998 -0.0005842872 4.210298E-05 4.221625E-07 
0.0005856141 0.9952718 -0.09712659 0.2666135 
1.484591E-05 0.0971266 0.995272 7.000031E-07 
0 0 0 1 
0.9999999 -0.0004986604 3.593224E-05 4.248854E-07 
0.0004997841 0.9952055 -0.09780467 0.2666135 
1.301136E-05 0.09780466 0.9952056 7.045167E-07 
0 0 0 1 
0.9999999 -0.0004170833 3.005349E-05 4.273249E-07 
0.0004180165 0.995147 -0.0983972 0.2666135 
1.113218E-05 0.09839719 0.9951472 7.085603E-07 
0 0 0 1 
0.9999999 -0.000340038 2.450156E-05 4.294737E-07 
0.0003407941 0.9950972 -0.09890038 0.2666135 
9.248447E-06 0.09890037 0.9950973 7.121221E-07 
0 0 0 1 
0.9999999 -0.0002680085 1.931121E-05 4.313246E-07 
0.0002686014 0.9950564 -0.09931038 0.2666135 
7.400276E-06 0.09931037 0.9950565 7.151902E-07 
0 0 0 1 
1 -0.0002014765 1.451718E-05 4.328705E-07 
0.0002019205 0.9950252 -0.0996234 0.2666135 
5.626813E-06 0.09962339 0.9950252 7.177526E-07 
0 0 0 1 
1 -0.0001409269 1.015427E-05 4.34104E-07 
0.0001412366 0.9950039 -0.09983561 0.2666135 
3.965986E-06 0.0998356 0.9950039 7.197973E-07 
0 0 0 1 
1 -8.68415E-05 6.25724E-06 4.350181E-07 
8.703207E-05 0.9949931 -0.09994317 0.2666135 
2.453304E-06 0.09994316 0.9949932 7.213125E-07 
0 0 0 1 
1 -3.970505E-05 2.860889E-06 4.356054E-07 
3.979218E-05 0.9949932 -0.09994224 0.2666135 
1.121647E-06 0.09994224 0.9949933 7.222861E-07 
0 0 0 1 
1 -7.737321E-10 6.469379E-11 4.358589E-07 
7.763254E-10 0.9950045 -0.09982902 0.2666135 
1.287031E-11 0.09982901 0.9950046 7.227062E-07 
0 0 0 1 
1 3.53786E-05 -2.549166E-06 4.356964E-07 
-3.545658E-05 0.9950274 -0.09960109 0.2666135 
-9.872568E-07 0.09960108 0.9950274 7.224371E-07 
0 0 0 1 
1 6.986118E-05 -5.033818E-06 4.3505E-07 
-7.001583E-05 0.9950614 -0.09926084 0.2666135 
-1.925521E-06 0.09926084 0.9950615 7.213655E-07 
0 0 0 1 
1 0.0001034441 -7.453716E-06 4.339331E-07 
-0.0001036744 0.9951061 -0.09881158 0.2666135 
-2.804239E-06 0.09881157 0.9951062 7.195142E-07 
0 0 0 1 
1 0.0001361246 -9.80867E-06 4.323595E-07 
-0.0001364297 0.9951611 -0.09825662 0.2666135 
-3.613934E-06 0.09825661 0.9951611 7.169058E-07 
0 0 0 1 
1 0.0001678996 -1.209848E-05 4.303428E-07 
-0.0001682788 0.9952257 -0.09759924 0.2666135 
-4.346155E-06 0.09759923 0.9952258 7.135629E-07 
0 0 0 1 
1 0.0001987661 -1.432293E-05 4.278966E-07 
-0.000199219 0.9952996 -0.09684275 0.2666135 
-4.99345E-06 0.09684274 0.9952997 7.095081E-07 
0 0 0 1 
1 0.0002287211 -1.648181E-05 4.250345E-07 
-0.000229247 0.9953822 -0.09599046 0.2666135 
-5.549341E-06 0.09599046 0.9953822 7.04764E-07 
0 0 0 1 
0.9999999 0.0002577612 -1.857489E-05 4.217703E-07 
-0.0002583598 0.9954728 -0.09504566 0.2666135 
-6.008288E-06 0.09504565 0.9954729 6.993531E-07 
0 0 0 1 
0.9999999 0.0002858835 -2.060193E-05 4.181174E-07 
-0.0002865541 0.995571 -0.09401163 0.2666135 
-6.365684E-06 0.09401163 0.9955711 6.932982E-07 
0 0 0 1 
0.9999999 0.0003130843 -2.256269E-05 4.140896E-07 
-0.0003138265 0.9956761 -0.09289167 0.2666135 
-6.61779E-06 0.09289166 0.9956762 6.866218E-07 
0 0 0 1 
0.9999999 0.0003393606 -2.445693E-05 4.097005E-07 
-0.0003401736 0.9957876 -0.09168909 0.2666135 
-6.761767E-06 0.09168909 0.9957877 6.793464E-07 
0 0 0 1 
0.9999999 0.0003647088 -2.628437E-05 4.049637E-07 
-0.0003655916 0.9959047 -0.09040718 0.2666135 
-6.795565E-06 0.09040717 0.9959049 6.714947E-07 
0 0 0 1 
0.9999999 0.0003891255 -2.804475E-05 3.998929E-07 
-0.000390077 0.9960271 -0.08904921 0.2666135 
-6.717984E-06 0.08904921 0.9960272 6.630894E-07 
0 0 0 1 
0.9999999 0.000412607 -2.97378E-05 3.945017E-07 
-0.0004136257 0.996154 -0.08761849 0.2666135 
-6.52857E-06 0.08761849 0.9961541 6.541529E-07 
0 0 0 1 
0.9999999 0.0004351499 -3.136326E-05 3.888037E-07 
-0.0004362343 0.9962848 -0.08611833 0.2666135 
-6.227653E-06 0.08611833 0.9962849 6.447079E-07 
0 0 0 1 
0.9999999 0.0004567505 -3.292081E-05 3.828125E-07 
-0.0004578985 0.9964189 -0.08455203 0.2666135 
-5.816266E-06 0.08455202 0.9964191 6.347771E-07 
0 0 0 1 
0.9999999 0.000477405 -3.441018E-05 3.765419E-07 
-0.0004786142 0.9965558 -0.08292286 0.2666135 
-5.296129E-06 0.08292285 0.996556 6.243828E-07 
0 0 0 1 
0.9999999 0.00049711 -3.583108E-05 3.700054E-07 
-0.0004983778 0.9966949 -0.08123413 0.2666135 
-4.669641E-06 0.08123414 0.996695 6.135479E-07 
0 0 0 1 
0.9999999 0.0005158612 -3.718321E-05 3.632166E-07 
-0.0005171846 0.9968355 -0.07948919 0.2666135 
-3.939846E-06 0.07948919 0.9968357 6.02295E-07 
0 0 0 1 
0.9999999 0.0005336552 -3.846626E-05 3.561893E-07 
-0.0005350307 0.9969773 -0.07769128 0.2666135 
-3.11037E-06 0.07769129 0.9969774 5.906464E-07 
0 0 0 1 
0.9999998 0.0005504878 -3.967994E-05 3.48937E-07 
-0.0005519117 0.9971195 -0.07584375 0.2666135 
-2.18542E-06 0.07584376 0.9971197 5.78625E-07 
0 0 0 1 
0.9999998 0.0005663555 -4.082393E-05 3.414733E-07 
-0.0005678237 0.9972618 -0.0739499 0.2666135 
-1.16979E-06 0.07394991 0.9972619 5.662533E-07 
0 0 0 1 
0.9999998 0.000581254 -4.189793E-05 3.33812E-07 
-0.0005827622 0.9974034 -0.07201305 0.2666135 
-6.873273E-08 0.07201306 0.9974037 5.535539E-07 
0 0 0 1 
0.9999998 0.0005951795 -4.290164E-05 3.259665E-07 
-0.0005967227 0.9975442 -0.07003651 0.2666135 
1.111983E-06 0.07003652 0.9975444 5.405494E-07 
0 0 0 1 
0.9999998 0.0006081278 -4.383472E-05 3.179507E-07 
-0.000609701 0.9976835 -0.06802357 0.2666135 
2.366148E-06 0.06802358 0.9976837 5.272623E-07 
0 0 0 1 
0.9999998 0.0006200951 -4.469688E-05 3.09778E-07 
-0.000621693 0.9978209 -0.06597757 0.2666135 
3.687112E-06 0.06597758 0.9978211 5.137153E-07 
0 0 0 1 
0.9999998 0.0006310772 -4.548782E-05 3.014623E-07 
-0.0006326942 0.9979559 -0.06390186 0.2666135 
5.06783E-06 0.06390187 0.9979562 4.999312E-07 
0 0 0 1 
0.9999998 0.0006410699 -4.620721E-05 2.930169E-07 
-0.0006427002 0.9980883 -0.06179973 0.2666135 
6.500934E-06 0.06179974 0.9980886 4.859322E-07 
0 0 0 1 
0.9999998 0.0006500694 -4.685476E-05 2.844557E-07 
-0.000651707 0.9982176 -0.05967452 0.2666135 
7.978663E-06 0.05967453 0.9982179 4.717412E-07 
0 0 0 1 
0.9999998 0.0006580713 -4.743013E-05 2.757922E-07 
-0.00065971 0.9983435 -0.05752954 0.2666135 
9.493029E-06 0.05752956 0.9983438 4.573806E-07 
0 0 0 1 
0.9999998 0.0006650714 -4.793306E-05 2.670401E-07 
-0.0006667052 0.9984657 -0.05536816 0.2666135 
1.103573E-05 0.05536818 0.998466 4.428732E-07 
0 0 0 1 
0.9999998 0.0006710656 -4.83632E-05 2.58213E-07 
-0.0006726882 0.9985839 -0.05319368 0.2666135 
1.259827E-05 0.0531937 0.9985842 4.282414E-07 
0 0 0 1 
0.9999998 0.0006760497 -4.872029E-05 2.493245E-07 
-0.0006776549 0.9986979 -0.05100945 0.2666135 
1.417192E-05 0.05100947 0.9986982 4.13508E-07 
0 0 0 1 
0.9999998 0.0006800196 -4.9004E-05 2.403884E-07 
-0.0006816011 0.9988074 -0.04881881 0.2666135 
1.574781E-05 0.04881883 0.9988077 3.986954E-07 
0 0 0 1 
0.9999998 0.000682971 -4.921406E-05 2.314181E-07 
-0.0006845229 0.9989122 -0.0466251 0.2666135 
1.731694E-05 0.04662511 0.9989125 3.838264E-07 
0 0 0 1 
0.9999998 0.0006848996 -4.935018E-05 2.224274E-07 
-0.000686416 0.9990121 -0.04443165 0.2666135 
1.887021E-05 0.04443167 0.9990124 3.689233E-07 
0 0 0 1 
0.9999998 0.0006858013 -4.941204E-05 2.134299E-07 
-0.0006872765 0.9991071 -0.0422418 0.2666135 
2.039844E-05 0.04224182 0.9991074 3.540091E-07 
0 0 0 1 
0.9999998 0.0006856717 -4.939937E-05 2.044391E-07 
-0.0006871002 0.999197 -0.0400589 0.2666135 
2.189245E-05 0.04005892 0.9991973 3.391062E-07 
0 0 0 1 
0.9999998 0.0006845068 -4.931192E-05 1.954689E-07 
-0.0006858837 0.9992818 -0.0378863 0.2666135 
2.334307E-05 0.03788632 0.9992821 3.242371E-07 
0 0 0 1 
0.9999998 0.0006823022 -4.914935E-05 1.865327E-07 
-0.0006836227 0.9993613 -0.03572734 0.2666135 
2.474112E-05 0.03572736 0.9993616 3.094245E-07 
0 0 0 1 
0.9999998 0.000679054 -4.891145E-05 1.776442E-07 
-0.0006803137 0.9994355 -0.03358535 0.2666135 
2.607757E-05 0.03358537 0.9994358 2.946911E-07 
0 0 0 1 
0.9999998 0.0006747576 -4.859791E-05 1.688171E-07 
-0.0006759527 0.9995046 -0.03146371 0.2666135 
2.734346E-05 0.03146373 0.9995049 2.800593E-07 
0 0 0 1 
0.9999998 0.0006694088 -4.820847E-05 1.60065E-07 
-0.0006705358 0.9995685 -0.02936573 0.2666135 
2.852998E-05 0.02936576 0.9995688 2.655518E-07 
0 0 0 1 
0.9999998 0.0006630038 -4.774288E-05 1.514015E-07 
-0.0006640599 0.9996272 -0.0272948 0.2666135 
2.962853E-05 0.02729482 0.9996274 2.511913E-07 
0 0 0 1 
0.9999998 0.0006555381 -4.720087E-05 1.428403E-07 
-0.0006565211 0.9996808 -0.02525421 0.2666135 
3.06307E-05 0.02525424 0.9996811 2.370002E-07 
0 0 0 1 
0.9999998 0.0006470077 -4.658218E-05 1.34395E-07 
-0.0006479157 0.9997295 -0.02324735 0.2666135 
3.152836E-05 0.02324738 0.9997298 2.230013E-07 
0 0 0 1 
0.9999998 0.0006374083 -4.588656E-05 1.260791E-07 
-0.0006382404 0.9997733 -0.02127755 0.2666135 
3.231367E-05 0.02127757 0.9997736 2.09217E-07 
0 0 0 1 
0.9999998 0.0006267358 -4.511376E-05 1.179065E-07 
-0.0006274914 0.9998125 -0.01934816 0.2666135 
3.297913E-05 0.01934819 0.9998128 1.956701E-07 
0 0 0 1 
0.9999998 0.0006149864 -4.426354E-05 1.098906E-07 
-0.0006156656 0.9998473 -0.01746253 0.2666135 
3.351756E-05 0.01746256 0.9998475 1.823829E-07 
0 0 0 1 
0.9999998 0.0006021559 -4.333565E-05 1.020451E-07 
-0.0006027595 0.9998777 -0.01562401 0.2666135 
3.392227E-05 0.01562403 0.9998779 1.693784E-07 
0 0 0 1 
0.9999998 0.0005882401 -4.232983E-05 9.438375E-08 
-0.0005887695 0.999904 -0.01383592 0.2666135 
3.418693E-05 0.01383594 0.9999043 1.566789E-07 
0 0 0 1 
0.9999998 0.0005732352 -4.124586E-05 8.692007E-08 
-0.0005736924 0.9999266 -0.01210162 0.2666135 
3.430576E-05 0.01210164 0.9999267 1.443072E-07 
0 0 0 1 
0.9999998 0.0005571372 -4.008349E-05 7.966773E-08 
-0.0005575247 0.9999455 -0.01042445 0.2666135 
3.427346E-05 0.01042447 0.9999456 1.322857E-07 
0 0 0 1 
0.9999999 0.0005399424 -3.884248E-05 7.264035E-08 
-0.0005402636 0.999961 -0.008807758 0.2666135 
3.408529E-05 0.008807777 0.9999612 1.206372E-07 
0 0 0 1 
0.9999999 0.0005216466 -3.752258E-05 6.585157E-08 
-0.0005219052 0.9999735 -0.00725487 0.2666135 
3.373711E-05 0.007254888 0.9999737 1.093841E-07 
0 0 0 1 
0.9999999 0.0005022463 -3.612358E-05 5.931503E-08 
-0.0005024464 0.9999832 -0.005769149 0.2666135 
3.322545E-05 0.005769166 0.9999834 9.854915E-08 
0 0 0 1 
0.9999999 0.0004817373 -3.464523E-05 5.304435E-08 
-0.0004818836 0.9999903 -0.004353922 0.2666135 
3.254745E-05 0.004353938 0.9999905 8.815488E-08 
0 0 0 1 
0.9999999 0.0004601162 -3.308728E-05 4.705316E-08 
-0.0004602138 0.9999953 -0.003012514 0.2666135 
3.170102E-05 0.003012528 0.9999955 7.822399E-08 
0 0 0 1 
0.9999999 0.0004373794 -3.144948E-05 4.135512E-08 
-0.0004374337 0.9999983 -0.001748281 0.2666135 
3.068477E-05 0.001748295 0.9999985 6.877895E-08 
0 0 0 1 
0.9999999 0.0004135232 -2.973162E-05 3.596386E-08 
-0.0004135399 0.9999997 -0.0005645652 0.2666135 
2.949815E-05 0.0005645773 0.9999998 5.984236E-08 
0 0 0 1 
0.9999999 0.0003885437 -2.793344E-05 3.089301E-08 
-0.0003885287 0.9999997 0.000535312 0.2666135 
2.814143E-05 -0.000535301 0.9999999 5.143693E-08 
0 0 0 1 
0.9999999 0.0003624381 -2.605471E-05 2.615619E-08 
-0.0003623973 0.9999987 0.001548012 0.2666135 
2.661574E-05 -0.001548002 0.9999988 4.358526E-08 
0 0 0 1 
0.9999999 0.0003352026 -2.409518E-05 2.176705E-08 
-0.000335142 0.9999968 0.002470204 0.2666135 
2.492312E-05 -0.002470196 0.999997 3.630976E-08 
0 0 0 1 
0.9999999 0.0003068338 -2.20546E-05 1.773915E-08 
-0.0003067594 0.9999945 0.003298552 0.2666135 
2.306658E-05 -0.003298545 0.9999946 2.963327E-08 
0 0 0 1 
0.9999999 0.0002773284 -1.99327E-05 1.408625E-08 
-0.0002772458 0.9999918 0.004029709 0.2666135 
2.105009E-05 -0.004029703 0.9999919 2.357831E-08 
0 0 0 1 
0.9999999 0.0002466834 -1.772927E-05 1.082194E-08 
-0.0002465981 0.999989 0.004660349 0.2666135 
1.887871E-05 -0.004660344 0.9999892 1.816733E-08 
0 0 0 1 
1 0.0002148956 -1.544404E-05 7.959841E-09 
-0.0002148126 0.9999865 0.005187141 0.2666135 
1.655853E-05 -0.005187137 0.9999865 1.342323E-08 
0 0 0 1 
1 0.0001819618 -1.307673E-05 5.513584E-09 
-0.0001818856 0.9999842 0.005606757 0.2666135 
1.409674E-05 -0.005606754 0.9999843 9.368193E-09 
0 0 0 1 
1 0.0001478791 -1.062713E-05 3.496808E-09 
-0.0001478137 0.9999824 0.005915853 0.2666135 
1.150178E-05 -0.005915851 0.9999825 6.025232E-09 
0 0 0 1 
1 0.0001126447 -8.094935E-06 1.923127E-09 
-0.0001125931 0.9999813 0.006111093 0.2666135 
8.783166E-06 -0.006111091 0.9999813 3.416744E-09 
0 0 0 1 
1 7.625586E-05 -5.479902E-06 8.062386E-10 
-7.622049E-05 0.9999808 0.006189172 0.2666135 
5.951757E-06 -0.006189172 0.9999809 1.565411E-09 
0 0 0 1 
1 3.870987E-05 -2.78177E-06 1.597016E-10 
-3.869204E-05 0.999981 0.00614672 0.2666135 
3.019657E-06 -0.00614672 0.9999811 4.937988E-10 
0 0 0 1 
1 3.798736E-09 -2.768655E-10 -2.785328E-12 
-3.797013E-09 0.9999821 0.005980401 0.2666135 
2.995785E-10 -0.0059804 0.9999821 2.24361E-10 
0 0 0 1 
1 -4.370996E-05 3.141223E-06 3.337228E-10 
4.369154E-05 0.999984 0.005642173 0.2666135 
-3.387792E-06 -0.005642173 0.9999841 7.818876E-10 
0 0 0 1 
1 -9.58813E-05 6.890814E-06 1.165209E-09 
9.584497E-05 0.9999869 0.005093417 0.2666135 
-7.379089E-06 -0.005093415 0.999987 2.160155E-09 
0 0 0 1 
1 -0.0001559117 1.120573E-05 2.47749E-09 
0.0001558615 0.9999905 0.004344916 0.2666135 
-1.188305E-05 -0.004344913 0.9999906 4.335385E-09 
0 0 0 1 
1 -0.0002232024 1.604321E-05 4.256246E-09 
0.0002231464 0.9999941 0.003407474 0.2666135 
-1.680367E-05 -0.00340747 0.9999942 7.283843E-09 
0 0 0 1 
0.9999999 -0.0002971543 2.136046E-05 6.487159E-09 
0.0002971046 0.9999973 0.002291897 0.2666135 
-2.204145E-05 -0.002291891 0.9999974 1.09818E-08 
0 0 0 1 
0.9999999 -0.0003771684 2.711471E-05 9.155912E-09 
0.0003771409 0.9999993 0.001008992 0.2666135 
-2.749525E-05 -0.001008981 0.9999995 1.540551E-08 
0 0 0 1 
0.9999999 -0.0004626455 3.326313E-05 1.224818E-08 
0.0004626598 0.9999998 -0.0004304365 0.2666135 
-3.306399E-05 0.0004304519 0.9999999 2.053124E-08 
0 0 0 1 
0.9999998 -0.0005529866 3.976289E-05 1.574966E-08 
0.0005530657 0.9999977 -0.002015578 0.2666135 
-3.864821E-05 0.0020156 0.999998 2.633527E-08 
0 0 0 1 
0.9999998 -0.0006475928 4.657115E-05 1.964602E-08 
0.0006477623 0.9999927 -0.003735622 0.2666135 
-4.415165E-05 0.003735651 0.999993 3.279385E-08 
0 0 0 1 
0.9999997 -0.0007458657 5.364503E-05 2.392294E-08 
0.0007461535 0.9999841 -0.005579757 0.2666135 
-4.948243E-05 0.005579794 0.9999844 3.988325E-08 
0 0 0 1 
0.9999996 -0.0008472074 6.094164E-05 2.85661E-08 
0.0008476428 0.9999712 -0.007537166 0.2666135 
-5.455435E-05 0.007537215 0.9999716 4.757974E-08 
0 0 0 1 
0.9999995 -0.0009510201 6.841807E-05 3.35612E-08 
0.000951633 0.9999534 -0.009597028 0.2666135 
-5.928792E-05 0.009597088 0.9999539 5.585959E-08 
0 0 0 1 
0.9999995 -0.001056707 7.60314E-05 3.88939E-08 
0.001057527 0.9999304 -0.01174853 0.2666135 
-6.361136E-05 0.0117486 0.999931 6.469905E-08 
0 0 0 1 
0.9999993 -0.001163671 8.373865E-05 4.454989E-08 
0.001164728 0.9999015 -0.01398085 0.2666135 
-6.74613E-05 0.01398093 0.9999022 7.40744E-08 
0 0 0 1 
0.9999992 -0.001271317 9.149694E-05 5.051486E-08 
0.001272639 0.9998665 -0.01628316 0.2666135 
-7.078367E-05 0.01628326 0.9998674 8.396189E-08 
0 0 0 1 
0.999999 -0.00137905 9.926329E-05 5.677448E-08 
0.001380661 0.9998252 -0.01864464 0.2666135 
-7.353404E-05 0.01864476 0.9998262 9.433781E-08 
0 0 0 1 
0.9999989 -0.001486276 0.0001069948 6.331443E-08 
0.001488199 0.9997771 -0.02105447 0.2666135 
-7.567817E-05 0.0210546 0.9997783 1.051784E-07 
0 0 0 1 
0.9999987 -0.0015924 0.0001146484 7.01204E-08 
0.001594655 0.9997225 -0.02350182 0.2666135 
-7.719233E-05 0.02350197 0.9997238 1.1646E-07 
0 0 0 1 
0.9999986 -0.001696831 0.0001221815 7.717807E-08 
0.001699432 0.9996611 -0.02597586 0.2666135 
-7.806341E-05 0.02597603 0.9996626 1.281587E-07 
0 0 0 1 
0.9999984 -0.001798975 0.0001295509 8.447311E-08 
0.001801934 0.9995931 -0.02846579 0.2666135 
-7.828893E-05 0.02846598 0.9995947 1.402509E-07 
0 0 0 1 
0.9999982 -0.001898243 0.0001367139 9.199123E-08 
0.001901566 0.9995188 -0.03096077 0.2666135 
-7.787709E-05 0.03096097 0.9995206 1.527129E-07 
0 0 0 1 
0.999998 -0.001994042 0.0001436278 9.971808E-08 
0.001997731 0.9994383 -0.03344999 0.2666135 
-7.684644E-05 0.0334502 0.9994404 1.655209E-07 
0 0 0 1 
0.9999978 -0.002085784 0.0001502497 1.076393E-07 
0.002089835 0.9993523 -0.03592263 0.2666135 
-7.522556E-05 0.03592287 0.9993545 1.786512E-07 
0 0 0 1 
0.9999976 -0.002172879 0.000156537 1.157407E-07 
0.002177286 0.9992613 -0.0383679 0.2666135 
-7.305256E-05 0.03836815 0.9992636 1.9208E-07 
0 0 0 1 
0.9999974 -0.002254739 0.000162447 1.240079E-07 
0.002259488 0.9991657 -0.04077498 0.2666135 
-7.037456E-05 0.04077524 0.9991683 2.057836E-07 
0 0 0 1 
0.9999973 -0.002330776 0.0001679372 1.324265E-07 
0.002335851 0.9990665 -0.04313307 0.2666135 
-6.724687E-05 0.04313334 0.9990693 2.197383E-07 
0 0 0 1 
0.9999971 -0.002400403 0.0001729649 1.409823E-07 
0.002405783 0.9989645 -0.04543138 0.2666135 
-6.373219E-05 0.04543166 0.9989675 2.339203E-07 
0 0 0 1 
0.999997 -0.002463032 0.0001774879 1.496609E-07 
0.002468692 0.9988605 -0.04765913 0.2666135 
-5.98997E-05 0.04765942 0.9988636 2.483059E-07 
0 0 0 1 
0.9999968 -0.002518078 0.0001814636 1.58448E-07 
0.002523991 0.9987557 -0.04980554 0.2666135 
-5.582362E-05 0.04980583 0.9987589 2.628714E-07 
0 0 0 1 
0.9999967 -0.002564953 0.0001848497 1.673293E-07 
0.002571088 0.998651 -0.0518598 0.2666135 
-5.158239E-05 0.0518601 0.9986544 2.77593E-07 
0 0 0 1 
0.9999966 -0.002603072 0.0001876039 1.762905E-07 
0.002609396 0.9985477 -0.05381119 0.2666135 
-4.725702E-05 0.05381149 0.9985511 2.924471E-07 
0 0 0 1 
0.9999965 -0.00263185 0.0001896839 1.853173E-07 
0.002638328 0.9984469 -0.05564891 0.2666135 
-4.292974E-05 0.05564921 0.9984504 3.074098E-07 
0 0 0 1 
0.9999965 -0.0026507 0.0001910475 1.943953E-07 
0.002657294 0.9983498 -0.05736221 0.2666135 
-3.868229E-05 0.05736251 0.9983534 3.224574E-07 
0 0 0 1 
0.9999964 -0.002659035 0.0001916525 2.035102E-07 
0.002665708 0.9982579 -0.05894033 0.2666135 
-3.459421E-05 0.05894063 0.9982615 3.375662E-07 
0 0 0 1 
0.9999964 -0.002656969 0.0001915071 2.126477E-07 
0.002663687 0.9981671 -0.06045892 0.2666135 
-3.051863E-05 0.06045922 0.9981707 3.527125E-07 
0 0 0 1 
0.9999965 -0.002645334 0.0001906716 2.217935E-07 
0.002652066 0.9980727 -0.06199841 0.2666135 
-2.629767E-05 0.0619987 0.9980762 3.678725E-07 
0 0 0 1 
0.9999965 -0.002624619 0.0001891813 2.309333E-07 
0.002631337 0.9979748 -0.06355499 0.2666135 
-2.19905E-05 0.06355527 0.9979783 3.830225E-07 
0 0 0 1 
0.9999966 -0.002595315 0.0001870713 2.400526E-07 
0.002601989 0.9978737 -0.0651249 0.2666135 
-1.765389E-05 0.06512516 0.9978771 3.981388E-07 
0 0 0 1 
0.9999967 -0.002557912 0.000184377 2.491374E-07 
0.002564514 0.9977694 -0.06670436 0.2666135 
-1.334185E-05 0.06670461 0.9977728 4.131976E-07 
0 0 0 1 
0.9999968 -0.002512898 0.0001811336 2.581731E-07 
0.002519401 0.9976623 -0.06828962 0.2666135 
-9.105382E-06 0.06828985 0.9976655 4.281752E-07 
0 0 0 1 
0.999997 -0.002460763 0.0001773765 2.671455E-07 
0.002467143 0.9975525 -0.06987689 0.2666135 
-4.991875E-06 0.0698771 0.9975556 4.430478E-07 
0 0 0 1 
0.9999971 -0.002401997 0.0001731408 2.760403E-07 
0.002408229 0.9974403 -0.07146242 0.2666135 
-1.045133E-06 0.07146262 0.9974433 4.577918E-07 
0 0 0 1 
0.9999973 -0.002337088 0.0001684619 2.848432E-07 
0.002343151 0.997326 -0.07304244 0.2666135 
2.69516E-06 0.07304263 0.9973288 4.723834E-07 
0 0 0 1 
0.9999974 -0.002266524 0.0001633751 2.935397E-07 
0.002272396 0.9972099 -0.07461321 0.2666135 
6.19343E-06 0.07461338 0.9972125 4.867987E-07 
0 0 0 1 
0.9999976 -0.002190794 0.0001579154 3.021158E-07 
0.002196458 0.9970923 -0.07617094 0.2666135 
9.418616E-06 0.0761711 0.9970948 5.010143E-07 
0 0 0 1 
0.9999977 -0.002110385 0.0001521182 3.105569E-07 
0.002115824 0.9969736 -0.07771192 0.2666135 
1.234423E-05 0.07771207 0.9969758 5.150062E-07 
0 0 0 1 
0.9999979 -0.002025785 0.0001460187 3.188487E-07 
0.002030986 0.9968541 -0.07923234 0.2666135 
1.494836E-05 0.07923247 0.9968562 5.287507E-07 
0 0 0 1 
0.9999981 -0.001937481 0.000139652 3.26977E-07 
0.001942431 0.9967342 -0.08072849 0.2666135 
1.721398E-05 0.08072861 0.9967361 5.422242E-07 
0 0 0 1 
0.9999983 -0.00184596 0.0001330534 3.349275E-07 
0.00185065 0.9966143 -0.08219662 0.2666135 
1.912879E-05 0.08219671 0.9966161 5.554029E-07 
0 0 0 1 
0.9999985 -0.001751708 0.0001262578 3.426858E-07 
0.001756131 0.996495 -0.08363293 0.2666135 
2.068522E-05 0.08363301 0.9964966 5.68263E-07 
0 0 0 1 
0.9999986 -0.001655211 0.0001193005 3.502376E-07 
0.001659361 0.9963766 -0.08503371 0.2666135 
2.188052E-05 0.08503378 0.9963781 5.807808E-07 
0 0 0 1 
0.9999988 -0.001556956 0.0001122165 3.575686E-07 
0.001560829 0.9962597 -0.08639522 0.2666135 
2.271673E-05 0.08639529 0.9962609 5.929326E-07 
0 0 0 1 
0.9999989 -0.001457426 0.0001050409 3.646645E-07 
0.001461023 0.9961446 -0.08771371 0.2666135 
2.320036E-05 0.08771376 0.9961457 6.046947E-07 
0 0 0 1 
0.999999 -0.001357109 9.78086E-05 3.715109E-07 
0.001360429 0.9960319 -0.08898544 0.2666135 
2.334242E-05 0.08898547 0.996033 6.160433E-07 
0 0 0 1 
0.9999992 -0.001256487 9.055469E-05 3.780935E-07 
0.001259533 0.9959222 -0.09020665 0.2666135 
2.315807E-05 0.09020668 0.995923 6.269546E-07 
0 0 0 1 
0.9999993 -0.001156047 8.331412E-05 3.843981E-07 
0.001158823 0.9958159 -0.09137363 0.2666135 
2.266666E-05 0.09137365 0.9958166 6.37405E-07 
0 0 0 1 
0.9999995 -0.001056271 7.612179E-05 3.904102E-07 
0.001058784 0.9957137 -0.09248263 0.2666135 
2.189124E-05 0.09248266 0.9957143 6.473707E-07 
0 0 0 1 
0.9999995 -0.0009576451 6.901257E-05 3.961156E-07 
0.000959902 0.995616 -0.09352991 0.2666135 
2.085844E-05 0.09352993 0.9956165 6.568279E-07 
0 0 0 1 
0.9999996 -0.0008606518 6.202138E-05 4.015E-07 
0.0008626612 0.9955233 -0.09451173 0.2666135 
1.959796E-05 0.09451174 0.9955238 6.65753E-07 
0 0 0 1 
0.9999997 -0.0007657745 5.518307E-05 4.06549E-07 
0.0007675459 0.9954363 -0.0954244 0.2666135 
1.814234E-05 0.09542441 0.9954367 6.741222E-07 
0 0 0 1 
0.9999998 -0.0006734979 4.853242E-05 4.112483E-07 
0.0006750419 0.9953555 -0.09626412 0.2666135 
1.652666E-05 0.09626412 0.9953558 6.819118E-07 
0 0 0 1 
0.9999998 -0.0005843036 4.210425E-05 4.155836E-07 
0.000585632 0.9952815 -0.09702721 0.2666135 
1.478777E-05 0.09702722 0.9952818 6.89098E-07 
0 0 0 1 
0.9999999 -0.0004986752 3.593335E-05 4.195406E-07 
0.0004998001 0.9952148 -0.09770991 0.2666135 
1.296411E-05 0.0977099 0.9952149 6.956571E-07 
0 0 0 1 
0.9999999 -0.0004170967 3.00545E-05 4.23105E-07 
0.000418031 0.9951559 -0.09830847 0.2666135 
1.109523E-05 0.09830846 0.995156 7.015655E-07 
0 0 0 1 
0.9999999 -0.0003400503 2.450247E-05 4.262624E-07 
0.0003408072 0.9951053 -0.0988192 0.2666135 
9.220956E-06 0.09881919 0.9951054 7.067991E-07 
0 0 0 1 
0.9999999 -0.0002680192 1.9312E-05 4.289986E-07 
0.0002686127 0.9950636 -0.0992383 0.2666135 
7.3811E-06 0.09923829 0.9950637 7.113345E-07 
0 0 0 1 
1 -0.0002014862 1.451787E-05 4.312991E-07 
0.0002019305 0.9950313 -0.09956209 0.2666135 
5.61465E-06 0.09956208 0.9950314 7.15148E-07 
0 0 0 1 
1 -0.0001409348 1.015483E-05 4.331498E-07 
0.0001412447 0.9950088 -0.0997868 0.2666135 
3.95929E-06 0.0997868 0.9950088 7.182156E-07 
0 0 0 1 
1 -8.684843E-05 6.257699E-06 4.345361E-07 
8.70391E-05 0.9949965 -0.09990869 0.2666135 
2.450525E-06 0.09990868 0.9949966 7.205136E-07 
0 0 0 1 
1 -3.971104E-05 2.861282E-06 4.35444E-07 
3.97982E-05 0.994995 -0.09992403 0.2666135 
1.121126E-06 0.09992402 0.9949951 7.220185E-07 
0 0 0 1 
1 -5.425862E-09 3.558158E-10 4.35859E-07 
5.434278E-09 0.9950045 -0.09982904 0.2666135 
1.876202E-10 0.09982903 0.9950046 7.227064E-07 
0 0 0 1 
1 3.487296E-05 -2.512729E-06 4.358643E-07 
-3.494977E-05 0.9950231 -0.09964442 0.2666135 
-9.746719E-07 0.09964441 0.9950231 7.227154E-07 
0 0 0 1 
1 6.78802E-05 -4.891061E-06 4.355575E-07 
-6.803021E-05 0.995048 -0.0993942 0.2666135 
-1.880057E-06 0.09939419 0.9950482 7.222068E-07 
0 0 0 1 
1 9.905465E-05 -7.137378E-06 4.349448E-07 
-9.927442E-05 0.9950795 -0.09907974 0.2666135 
-2.712051E-06 0.09907974 0.9950795 7.211911E-07 
0 0 0 1 
1 0.0001284349 -9.254463E-06 4.340324E-07 
-0.0001287212 0.9951169 -0.09870239 0.2666135 
-3.467555E-06 0.09870238 0.995117 7.196789E-07 
0 0 0 1 
1 0.0001560593 -1.124509E-05 4.328269E-07 
-0.000156409 0.9951603 -0.09826344 0.2666135 
-4.14425E-06 0.09826343 0.9951605 7.176807E-07 
0 0 0 1 
1 0.0001819663 -1.311204E-05 4.313346E-07 
-0.0001823765 0.9952095 -0.09776425 0.2666135 
-4.740577E-06 0.09776424 0.9952096 7.15207E-07 
0 0 0 1 
1 0.0002061943 -1.485806E-05 4.295619E-07 
-0.0002066621 0.9952642 -0.09720613 0.2666135 
-5.255654E-06 0.09720612 0.9952643 7.122686E-07 
0 0 0 1 
1 0.0002287816 -1.648592E-05 4.275151E-07 
-0.0002293042 0.9953241 -0.09659042 0.2666135 
-5.689269E-06 0.09659041 0.9953242 7.088757E-07 
0 0 0 1 
0.9999999 0.0002497663 -1.799838E-05 4.252006E-07 
-0.0002503411 0.9953891 -0.09591846 0.2666135 
-6.04181E-06 0.09591845 0.9953892 7.050393E-07 
0 0 0 1 
0.9999999 0.0002691869 -1.939818E-05 4.226248E-07 
-0.0002698111 0.9954589 -0.09519156 0.2666135 
-6.314228E-06 0.09519155 0.995459 7.007696E-07 
0 0 0 1 
0.9999999 0.0002870814 -2.068807E-05 4.19794E-07 
-0.0002877522 0.9955332 -0.09441104 0.2666135 
-6.507988E-06 0.09441103 0.9955333 6.960774E-07 
0 0 0 1 
0.9999999 0.000303488 -2.18708E-05 4.167147E-07 
-0.0003042029 0.9956118 -0.09357826 0.2666135 
-6.625055E-06 0.09357825 0.9956119 6.909731E-07 
0 0 0 1 
0.9999999 0.0003184448 -2.294909E-05 4.133932E-07 
-0.000319201 0.9956945 -0.09269452 0.2666135 
-6.6678E-06 0.09269451 0.9956946 6.854674E-07 
0 0 0 1 
0.9999999 0.0003319899 -2.39257E-05 4.098359E-07 
-0.0003327847 0.9957809 -0.09176116 0.2666135 
-6.639023E-06 0.09176116 0.9957811 6.795708E-07 
0 0 0 1 
0.9999999 0.0003441615 -2.480335E-05 4.060491E-07 
-0.0003449921 0.9958709 -0.0907795 0.2666135 
-6.541868E-06 0.09077949 0.995871 6.732938E-07 
0 0 0 1 
0.9999999 0.0003549974 -2.558478E-05 4.020392E-07 
-0.000355861 0.9959641 -0.08975089 0.2666135 
-6.379813E-06 0.08975088 0.9959642 6.666471E-07 
0 0 0 1 
0.9999999 0.0003645358 -2.627271E-05 3.978127E-07 
-0.0003654294 0.9960604 -0.0886766 0.2666135 
-6.15659E-06 0.08867659 0.9960605 6.596412E-07 
0 0 0 1 
0.9999999 0.0003728146 -2.686987E-05 3.933758E-07 
-0.0003737354 0.9961593 -0.08755802 0.2666135 
-5.876234E-06 0.08755802 0.9961594 6.522866E-07 
0 0 0 1 
0.9999999 0.0003798718 -2.737899E-05 3.887349E-07 
-0.0003808168 0.9962607 -0.08639645 0.2666135 
-5.54296E-06 0.08639644 0.9962608 6.44594E-07 
0 0 0 1 
0.9999999 0.0003857454 -2.78028E-05 3.838965E-07 
-0.0003867117 0.9963643 -0.08519322 0.2666135 
-5.161182E-06 0.08519322 0.9963645 6.365739E-07 
0 0 0 1 
