<?xml version="1.0" encoding="utf-8"?>
<COLLADA xmlns:xsi="http://www.w3.org/2001/XMLSchema-instance" xmlns:xsd="http://www.w3.org/2001/XMLSchema" version="1.4.1" xmlns="http://www.collada.org/2005/11/COLLADASchema">
  <asset>
    <created>2017-06-01T10:06:19.4238215+03:00</created>
    <modified>2017-06-01T10:06:19.4238215+03:00</modified>
    <unit meter="1" name="meter" />
    <up_axis>Y_UP</up_axis>
    <contributor>
      <authoring_tool>Skele: Character Animation Tools</authoring_tool>
      <comments>https://www.assetstore.unity3d.com/en/#!/content/16899</comments>
    </contributor>
    <revision>1.0</revision>
  </asset>
  <library_animation_clips>
    <animation_clip name="KamaraRun" start="0" end="0.83333331346511841">
      <instance_animation url="KamaraRun_0" />
    </animation_clip>
  </library_animation_clips>
  <library_animations>
    <animation id="KamaraRun_0" name="KamaraRun">
      <animation id="LeftThigh_0_0-anim" name="LeftThigh_0_0">
        <source id="LeftThigh_0_0-Matrix-animation-input">
          <float_array id="LeftThigh_0_0-Matrix-animation-input-array" count="51">0
0.01666667
0.03333334
0.05
0.06666667
0.08333334
0.1
0.1166667
0.1333333
0.15
0.1666667
0.1833333
0.2
0.2166667
0.2333333
0.25
0.2666667
0.2833334
0.3
0.3166667
0.3333334
0.3500001
0.3666668
0.3833334
0.4000001
0.4166668
0.4333335
0.4500002
0.4666668
0.4833335
0.5000002
0.5166668
0.5333335
0.5500001
0.5666668
0.5833334
0.6000001
0.6166667
0.6333334
0.65
0.6666667
0.6833333
0.7
0.7166666
0.7333333
0.7499999
0.7666666
0.7833332
0.7999999
0.8166665
0.8333332
</float_array>
          <technique_common>
            <accessor count="51" offset="0" source="#LeftThigh_0_0-Matrix-animation-input-array" stride="1">
              <param name="TIME" type="float" />
            </accessor>
          </technique_common>
        </source>
        <source id="LeftThigh_0_0-Matrix-animation-output-transform">
          <float_array id="LeftThigh_0_0-Matrix-animation-output-transform-array" count="816">0.9993807 -0.02093195 -0.02726035 0.1213383 
-0.006254497 -0.8906736 0.4545998 0.05255294 
-0.03379479 -0.4541608 -0.890278 -0.00280688 
0 0 0 1 
0.9991766 -0.02613215 -0.03010495 0.121338 
-0.009329235 -0.8874946 0.4607232 0.05255295 
-0.03875659 -0.4600762 -0.8870325 -0.002806929 
0 0 0 1 
0.9989308 -0.03170443 -0.03278762 0.1213377 
-0.01245487 -0.8811901 0.4725978 0.05255295 
-0.04387434 -0.4716978 -0.8806676 -0.002806982 
0 0 0 1 
0.9986497 -0.03717422 -0.03549839 0.1213374 
-0.0155023 -0.8762954 0.4815243 0.05255296 
-0.04900599 -0.4803376 -0.875713 -0.002807034 
0 0 0 1 
0.9983487 -0.04196135 -0.03850132 0.1213371 
-0.01841577 -0.8776425 0.4789613 0.05255296 
-0.05388677 -0.4774752 -0.8769906 -0.002807077 
0 0 0 1 
0.9980546 -0.04535753 -0.042106 0.1213368 
-0.02118585 -0.8896514 0.4561477 0.05255297 
-0.0581478 -0.4543814 -0.8889066 -0.002807105 
0 0 0 1 
0.9977944 -0.04698107 -0.0462846 0.1213365 
-0.02382525 -0.9112037 0.4112657 0.05255296 
-0.0614947 -0.4092677 -0.910339 -0.002807114 
0 0 0 1 
0.9975743 -0.04698113 -0.05080825 0.1213363 
-0.02633687 -0.9367352 0.3490455 0.05255296 
-0.06399067 -0.3468708 -0.9357266 -0.002807108 
0 0 0 1 
0.9973946 -0.04530614 -0.05562947 0.121336 
-0.0286518 -0.9624114 0.2700792 0.05255295 
-0.06577287 -0.2677894 -0.961229 -0.002807094 
0 0 0 1 
0.9972521 -0.04188847 -0.06063741 0.1213359 
-0.030667 -0.9840225 0.1753822 0.05255294 
-0.06701321 -0.1730458 -0.9826307 -0.00280708 
0 0 0 1 
0.9971405 -0.03664662 -0.06565864 0.1213358 
-0.03226081 -0.997255 0.06664222 0.05255294 
-0.06791876 -0.06433532 -0.9956135 -0.002807074 
0 0 0 1 
0.997094 -0.02799431 -0.07044928 0.1213359 
-0.03295971 -0.9969774 -0.07034983 0.05255293 
-0.06826505 0.07246948 -0.9950309 -0.002807077 
0 0 0 1 
0.9971223 -0.01538695 -0.07384919 0.1213361 
-0.03231909 -0.9717139 -0.2339388 0.05255293 
-0.06815878 0.2356591 -0.9694421 -0.002807084 
0 0 0 1 
0.9971695 -0.0009177241 -0.07480278 0.1213364 
-0.03059646 -0.917465 -0.3966374 0.05255294 
-0.06826304 0.397815 -0.9149219 -0.002807092 
0 0 0 1 
0.9971859 0.01277254 -0.07348763 0.1213366 
-0.02850346 -0.845195 -0.5336967 0.05255294 
-0.06892614 0.5343049 -0.8424762 -0.002807101 
0 0 0 1 
0.9971456 0.02303876 -0.07150661 0.1213368 
-0.02705505 -0.7778196 -0.6279043 0.05255294 
-0.07008345 0.6280648 -0.7749978 -0.002807106 
0 0 0 1 
0.9970645 0.02872526 -0.0705721 0.1213369 
-0.02667847 -0.7359568 -0.6765023 0.05255294 
-0.07136872 0.6764187 -0.7330507 -0.002807108 
0 0 0 1 
0.9969577 0.03123053 -0.07101522 0.1213369 
-0.02714729 -0.7170646 -0.6964775 0.05255294 
-0.07267182 0.6963068 -0.7140553 -0.002807108 
0 0 0 1 
0.9968161 0.03202118 -0.07263419 0.1213368 
-0.0284299 -0.7102981 -0.7033263 0.05255293 
-0.07411119 0.7031723 -0.707146 -0.002807108 
0 0 0 1 
0.9966348 0.03263797 -0.07481512 0.1213368 
-0.03033697 -0.7027959 -0.7107438 0.05255293 
-0.07577489 0.7106422 -0.6994604 -0.002807106 
0 0 0 1 
0.9964256 0.03478961 -0.07661133 0.1213368 
-0.03247779 -0.6809127 -0.7316434 0.05255294 
-0.07761707 0.7315375 -0.677368 -0.002807106 
0 0 0 1 
0.9961705 0.03989622 -0.07743463 0.1213368 
-0.03499787 -0.6307179 -0.775222 0.05255294 
-0.07976562 0.7749857 -0.626924 -0.002807106 
0 0 0 1 
0.9959379 0.04724797 -0.0762802 0.1213368 
-0.03699654 -0.5582514 -0.828846 0.05255295 
-0.08174254 0.8283253 -0.5542513 -0.002807105 
0 0 0 1 
0.995818 0.05490016 -0.07263702 0.1213368 
-0.03725363 -0.4822435 -0.8752442 0.05255296 
-0.08307747 0.8743151 -0.478195 -0.002807105 
0 0 0 1 
0.9957762 0.06047939 -0.06867006 0.1213368 
-0.03646818 -0.4259622 -0.9040053 0.05255296 
-0.08392219 0.9027172 -0.4219693 -0.002807105 
0 0 0 1 
0.9957191 0.06177538 -0.06834269 0.1213368 
-0.03669603 -0.4144756 -0.9093196 0.05255297 
-0.08449761 0.9079611 -0.4104459 -0.002807105 
0 0 0 1 
0.9955932 0.0570905 -0.07401614 0.1213368 
-0.03906813 -0.4651896 -0.8843479 0.05255296 
-0.08491705 0.883368 -0.4609221 -0.002807105 
0 0 0 1 
0.9954899 0.04758399 -0.08172597 0.1213368 
-0.04127283 -0.5589229 -0.8281912 0.05255296 
-0.08508481 0.827853 -0.5544537 -0.002807105 
0 0 0 1 
0.9955736 0.03610111 -0.08644873 0.1213368 
-0.04066404 -0.664773 -0.7459372 0.05255295 
-0.0843956 0.7461723 -0.660381 -0.002807105 
0 0 0 1 
0.9958836 0.02587127 -0.08654532 0.1213368 
-0.0370716 -0.7566298 -0.6527914 0.05255295 
-0.08236901 0.6533314 -0.7525772 -0.002807105 
0 0 0 1 
0.9962327 0.01899072 -0.08428035 0.1213368 
-0.03299509 -0.8179474 -0.5743453 0.05255294 
-0.07984192 0.574979 -0.8142623 -0.002807105 
0 0 0 1 
0.9964593 0.0149531 -0.08239361 0.1213368 
-0.03042276 -0.8520456 -0.5225824 0.05255293 
-0.07801516 0.5232539 -0.8485977 -0.002807105 
0 0 0 1 
0.9966028 0.01209584 -0.08111769 0.1213368 
-0.02890309 -0.8738047 -0.485417 0.05255292 
-0.07675039 0.4861265 -0.8705111 -0.002807104 
0 0 0 1 
0.9966866 0.009621536 -0.08041602 0.1213368 
-0.02818198 -0.8896585 -0.4557556 0.05255292 
-0.07592575 0.4565249 -0.8864644 -0.002807104 
0 0 0 1 
0.9967508 0.00695276 -0.07989464 0.1213368 
-0.02779745 -0.9045172 -0.4255299 0.05255291 
-0.07522259 0.4263804 -0.9014101 -0.002807104 
0 0 0 1 
0.9968445 0.003673877 -0.0789345 0.1213368 
-0.02716937 -0.9220771 -0.3860511 0.05255291 
-0.07419991 0.3869888 -0.9190935 -0.002807106 
0 0 0 1 
0.9969681 -0.0002070702 -0.07744568 0.1213368 
-0.02632046 -0.9413764 -0.3363286 0.05255291 
-0.07283388 0.337357 -0.9385542 -0.00280711 
0 0 0 1 
0.9970865 -0.004372507 -0.07578114 0.1213367 
-0.02563638 -0.9590744 -0.2819905 0.05255291 
-0.07144477 0.2831198 -0.9564189 -0.002807116 
0 0 0 1 
0.9972057 -0.008621685 -0.07382166 0.1213367 
-0.02499693 -0.9742919 -0.2238968 0.05255291 
-0.06999155 0.225123 -0.9718123 -0.002807123 
0 0 0 1 
0.9973331 -0.01273958 -0.07146806 0.1213366 
-0.02427948 -0.9863236 -0.1630202 0.05255292 
-0.06841194 0.1643254 -0.9840302 -0.002807128 
0 0 0 1 
0.9974766 -0.01650038 -0.06864061 0.1213366 
-0.02336332 -0.9946702 -0.1004252 0.05255292 
-0.06661585 0.1017784 -0.9925736 -0.002807131 
0 0 0 1 
0.997633 -0.02006292 -0.06533941 0.1213366 
-0.02231885 -0.9991727 -0.03399119 0.05255292 
-0.0646016 0.03537005 -0.9972834 -0.002807132 
0 0 0 1 
0.9977963 -0.02345767 -0.06160779 0.1213366 
-0.02122511 -0.999103 0.03663639 0.05255293 
-0.06241021 -0.03524904 -0.9974272 -0.002807134 
0 0 0 1 
0.9979702 -0.02629783 -0.05750734 0.1213366 
-0.01999112 -0.9939923 0.1076065 0.05255293 
-0.05999001 -0.1062416 -0.9925284 -0.002807133 
0 0 0 1 
0.9981573 -0.02826686 -0.05316252 0.1213367 
-0.01855014 -0.9843775 0.1750903 0.05255293 
-0.05727964 -0.1737865 -0.9831155 -0.002807125 
0 0 0 1 
0.9983584 -0.02912695 -0.04873739 0.1213368 
-0.01685571 -0.9717419 0.2354429 0.05255294 
-0.05421639 -0.2342416 -0.9706648 -0.002807106 
0 0 0 1 
0.9985726 -0.02881628 -0.04433522 0.121337 
-0.01489239 -0.9577894 0.287084 0.05255294 
-0.0507351 -0.2860222 -0.9568782 -0.002807074 
0 0 0 1 
0.9987914 -0.02759118 -0.03997125 0.1213373 
-0.01274741 -0.9430469 0.3324151 0.05255294 
-0.04686519 -0.3315133 -0.9422853 -0.00280703 
0 0 0 1 
0.9990042 -0.02572155 -0.03566724 0.1213376 
-0.01052805 -0.9274068 0.3739053 0.05255294 
-0.04269429 -0.3731683 -0.9267801 -0.00280698 
0 0 0 1 
0.9992026 -0.02343778 -0.03142979 0.121338 
-0.008332284 -0.9102826 0.4139028 0.05255294 
-0.03830989 -0.4133228 -0.9097776 -0.002806928 
0 0 0 1 
0.9993807 -0.02093196 -0.02726037 0.1213383 
-0.00625451 -0.8906736 0.4545994 0.05255294 
-0.03379482 -0.4541605 -0.890278 -0.00280688 
0 0 0 1 
</float_array>
          <technique_common>
            <accessor count="51" offset="0" source="#LeftThigh_0_0-Matrix-animation-output-transform-array" stride="16">
              <param type="float4x4" />
            </accessor>
          </technique_common>
        </source>
        <source id="LeftThigh_0_0-Interpolations">
          <Name_array id="LeftThigh_0_0-Interpolations-array" count="51">LINEAR
LINEAR
LINEAR
LINEAR
LINEAR
LINEAR
LINEAR
LINEAR
LINEAR
LINEAR
LINEAR
LINEAR
LINEAR
LINEAR
LINEAR
LINEAR
LINEAR
LINEAR
LINEAR
LINEAR
LINEAR
LINEAR
LINEAR
LINEAR
LINEAR
LINEAR
LINEAR
LINEAR
LINEAR
LINEAR
LINEAR
LINEAR
LINEAR
LINEAR
LINEAR
LINEAR
LINEAR
LINEAR
LINEAR
LINEAR
LINEAR
LINEAR
LINEAR
LINEAR
LINEAR
LINEAR
LINEAR
LINEAR
LINEAR
LINEAR
LINEAR</Name_array>
          <technique_common>
            <accessor count="51" offset="0" source="#LeftThigh_0_0-Interpolations-array" stride="1">
              <param type="name" />
            </accessor>
          </technique_common>
        </source>
        <sampler id="LeftThigh_0_0-Matrix-animation-transform">
          <input semantic="INPUT" source="#LeftThigh_0_0-Matrix-animation-input" />
          <input semantic="OUTPUT" source="#LeftThigh_0_0-Matrix-animation-output-transform" />
          <input semantic="INTERPOLATION" source="#LeftThigh_0_0-Interpolations" />
        </sampler>
        <channel source="#LeftThigh_0_0-Matrix-animation-transform" target="LeftThigh/matrix" />
      </animation>
      <animation id="RightThigh_0_1-anim" name="RightThigh_0_1">
        <source id="RightThigh_0_1-Matrix-animation-input">
          <float_array id="RightThigh_0_1-Matrix-animation-input-array" count="51">0
0.01666667
0.03333334
0.05
0.06666667
0.08333334
0.1
0.1166667
0.1333333
0.15
0.1666667
0.1833333
0.2
0.2166667
0.2333333
0.25
0.2666667
0.2833334
0.3
0.3166667
0.3333334
0.3500001
0.3666668
0.3833334
0.4000001
0.4166668
0.4333335
0.4500002
0.4666668
0.4833335
0.5000002
0.5166668
0.5333335
0.5500001
0.5666668
0.5833334
0.6000001
0.6166667
0.6333334
0.65
0.6666667
0.6833333
0.7
0.7166666
0.7333333
0.7499999
0.7666666
0.7833332
0.7999999
0.8166665
0.8333332
</float_array>
          <technique_common>
            <accessor count="51" offset="0" source="#RightThigh_0_1-Matrix-animation-input-array" stride="1">
              <param name="TIME" type="float" />
            </accessor>
          </technique_common>
        </source>
        <source id="RightThigh_0_1-Matrix-animation-output-transform">
          <float_array id="RightThigh_0_1-Matrix-animation-output-transform-array" count="816">0.9951621 -0.02329096 0.0951501 -0.1208377 
0.0688372 -0.5247729 -0.8484536 0.05255294 
0.06969157 0.8509233 -0.5206454 -0.002806909 
0 0 0 1 
0.9947967 -0.01238018 0.1008454 -0.1208381 
0.07305721 -0.6025954 -0.794695 0.05255295 
0.07060549 0.7979506 -0.5985723 -0.002806957 
0 0 0 1 
0.9945945 -0.001429457 0.1035549 -0.1208384 
0.07512502 -0.6782905 -0.7309429 0.05255295 
0.07128314 0.7347925 -0.6745353 -0.002807009 
0 0 0 1 
0.9945928 0.008489059 0.1032317 -0.1208388 
0.07503868 -0.7460426 -0.6616561 0.05255296 
0.07139645 0.665844 -0.7426664 -0.00280706 
0 0 0 1 
0.9947527 0.01662217 0.1006697 -0.1208391 
0.07341172 -0.8018067 -0.5930563 0.05255296 
0.07085782 0.597352 -0.798842 -0.002807103 
0 0 0 1 
0.9949726 0.02270272 0.09725039 -0.1208393 
0.07128818 -0.8434225 -0.5324997 0.05255297 
0.06993203 0.5367709 -0.8408243 -0.002807134 
0 0 0 1 
0.9951625 0.02653687 0.09429216 -0.1208394 
0.06945945 -0.8699078 -0.4882981 0.05255297 
0.06906568 0.4924997 -0.8675671 -0.00280715 
0 0 0 1 
0.9952912 0.02887621 0.09222408 -0.1208394 
0.0681922 -0.8860492 -0.4585483 0.05255298 
0.06847201 0.4626914 -0.8838707 -0.002807154 
0 0 0 1 
0.995351 0.03095207 0.09089612 -0.1208394 
0.06761916 -0.8980325 -0.4347007 0.05255298 
0.0681709 0.4388388 -0.8959755 -0.002807151 
0 0 0 1 
0.9953572 0.03375524 0.08982318 -0.1208393 
0.0676503 -0.9107178 -0.4074507 0.05255298 
0.06804807 0.4116475 -0.9087985 -0.002807145 
0 0 0 1 
0.9953383 0.03809433 0.08828478 -0.1208393 
0.06805043 -0.9277535 -0.3669358 0.05255298 
0.06792647 0.3712438 -0.9260467 -0.002807143 
0 0 0 1 
0.9952729 0.04439796 0.08604782 -0.1208393 
0.06896762 -0.9488183 -0.3081996 0.05255297 
0.06795841 0.3126863 -0.9474217 -0.002807142 
0 0 0 1 
0.9951405 0.05193423 0.08331807 -0.1208393 
0.070417 -0.9689178 -0.2371489 0.05255296 
0.06841029 0.2418704 -0.9678934 -0.00280714 
0 0 0 1 
0.9949819 0.05964808 0.07997899 -0.1208393 
0.07189439 -0.9844539 -0.1602529 0.05255295 
0.06917493 0.1652036 -0.9838298 -0.002807138 
0 0 0 1 
0.9948413 0.06660939 0.07614204 -0.1208393 
0.07300586 -0.9937372 -0.08459351 0.05255295 
0.07002851 0.08971854 -0.9935015 -0.002807136 
0 0 0 1 
0.9947628 0.07205218 0.07210404 -0.1208393 
0.07348999 -0.9971418 -0.0175163 0.05255294 
0.07063392 0.02272415 -0.9972426 -0.002807135 
0 0 0 1 
0.9947492 0.07604728 0.06807707 -0.1208393 
0.07344973 -0.9965021 0.03985267 0.05255293 
0.07086765 -0.03464417 -0.9968832 -0.002807134 
0 0 0 1 
0.9947674 0.07922233 0.06407269 -0.1208393 
0.07316574 -0.9930783 0.0918793 0.05255293 
0.07090613 -0.08671311 -0.993706 -0.002807134 
0 0 0 1 
0.9948065 0.08176582 0.06014958 -0.1208393 
0.07272696 -0.9875409 0.1395471 0.05255293 
0.07080837 -0.1344517 -0.9883863 -0.002807135 
0 0 0 1 
0.9948562 0.08384729 0.05634032 -0.1208393 
0.07220238 -0.9802931 0.1838797 0.05255293 
0.07064587 -0.1788711 -0.9813322 -0.002807135 
0 0 0 1 
0.9949073 0.0856165 0.05265708 -0.1208393 
0.07164235 -0.9715099 0.2259095 0.05255294 
0.07049651 -0.220993 -0.9727233 -0.002807135 
0 0 0 1 
0.9949694 0.08724254 0.04866463 -0.1208393 
0.07095695 -0.9601249 0.2704161 0.05255294 
0.07031395 -0.2656104 -0.9615123 -0.002807135 
0 0 0 1 
0.9950488 0.08860204 0.04439936 -0.1208393 
0.07010687 -0.9459922 0.3165168 0.05255295 
0.07004357 -0.311846 -0.9475465 -0.002807134 
0 0 0 1 
0.9951258 0.08956588 0.04057491 -0.1208393 
0.06927974 -0.9315202 0.3570295 0.05255296 
0.06977206 -0.3524885 -0.933211 -0.002807134 
0 0 0 1 
0.9951736 0.09020966 0.03788584 -0.1208393 
0.06875058 -0.9202641 0.3852106 0.05255296 
0.06961273 -0.3807578 -0.9220502 -0.002807134 
0 0 0 1 
0.9951624 0.09070002 0.03699844 -0.1208393 
0.06883582 -0.9162738 0.3945929 0.05255297 
0.06968834 -0.3901485 -0.9181103 -0.002807134 
0 0 0 1 
0.9950677 0.09110753 0.03851325 -0.1208393 
0.06980719 -0.9227217 0.3790922 0.05255296 
0.07007322 -0.3745447 -0.9245565 -0.002807134 
0 0 0 1 
0.9949115 0.09127273 0.04199935 -0.1208393 
0.07144913 -0.9366532 0.3428926 0.05255296 
0.07063361 -0.3381568 -0.9384347 -0.002807134 
0 0 0 1 
0.9947358 0.09098298 0.04654646 -0.1208393 
0.07333086 -0.9526901 0.2949647 0.05255295 
0.0711791 -0.290007 -0.9543735 -0.002807134 
0 0 0 1 
0.9945747 0.09024046 0.05120239 -0.1208393 
0.07509864 -0.9666534 0.2448283 0.05255295 
0.07158639 -0.2396617 -0.9682129 -0.002807134 
0 0 0 1 
0.9944488 0.08938155 0.05501139 -0.1208393 
0.07653468 -0.9762638 0.2026097 0.05255294 
0.07181323 -0.1972804 -0.9777125 -0.002807134 
0 0 0 1 
0.9943581 0.08878741 0.05755496 -0.1208393 
0.07764956 -0.9818475 0.1730489 0.05255293 
0.07187274 -0.1676083 -0.9832297 -0.002807134 
0 0 0 1 
0.9942841 0.08835991 0.05946061 -0.1208393 
0.07863501 -0.9856072 0.1496482 0.05255292 
0.0718257 -0.1441213 -0.9869493 -0.002807133 
0 0 0 1 
0.9942146 0.08784509 0.06135496 -0.1208392 
0.07960013 -0.9888502 0.1258504 0.05255292 
0.07172424 -0.120242 -0.9901494 -0.002807132 
0 0 0 1 
0.9941431 0.08687738 0.06384045 -0.1208393 
0.08060332 -0.9922087 0.09499767 0.05255291 
0.07159422 -0.08929811 -0.9934277 -0.002807133 
0 0 0 1 
0.994071 0.08493847 0.0674696 -0.1208393 
0.08162858 -0.9953894 0.05035836 0.05255291 
0.07143391 -0.04455363 -0.9964491 -0.002807135 
0 0 0 1 
0.9940287 0.0814421 0.07223614 -0.1208393 
0.08241432 -0.9965414 -0.01060981 0.05255291 
0.07112024 0.01650023 -0.9973306 -0.002807139 
0 0 0 1 
0.994036 0.07631868 0.0775361 -0.1208393 
0.08273583 -0.9930866 -0.08326392 0.05255291 
0.07064352 0.08918492 -0.9935059 -0.002807145 
0 0 0 1 
0.9940836 0.06972855 0.082943 -0.1208394 
0.08258463 -0.9831021 -0.1633701 0.05255291 
0.0701479 0.1692583 -0.9830717 -0.002807152 
0 0 0 1 
0.9941578 0.06197168 0.08805455 -0.1208394 
0.08202485 -0.9656617 -0.2465122 0.05255292 
0.06975222 0.252302 -0.9651304 -0.002807157 
0 0 0 1 
0.9942409 0.05350618 0.09255181 -0.1208394 
0.08120222 -0.9410718 -0.3283129 0.05255292 
0.0695292 0.3339472 -0.9400232 -0.00280716 
0 0 0 1 
0.9943765 0.04355725 0.09623867 -0.1208394 
0.07968608 -0.9073626 -0.4127263 0.05255292 
0.06934419 0.4180863 -0.9057562 -0.002807161 
0 0 0 1 
0.9945872 0.03165413 0.09868154 -0.1208394 
0.07711224 -0.862195 -0.5006723 0.05255293 
0.06923246 0.5055865 -0.859993 -0.002807163 
0 0 0 1 
0.9948187 0.0190328 0.09958394 -0.1208394 
0.07392985 -0.8083107 -0.5840953 0.05255293 
0.06937587 0.5884482 -0.8055523 -0.002807162 
0 0 0 1 
0.9950205 0.007121878 0.09913117 -0.1208394 
0.07076973 -0.7510629 -0.6564261 0.05255293 
0.06977682 0.6601921 -0.747848 -0.002807154 
0 0 0 1 
0.9951498 -0.002590876 0.09804942 -0.1208393 
0.06842829 -0.6978272 -0.7129894 0.05255294 
0.07026687 0.7162613 -0.6942848 -0.002807135 
0 0 0 1 
0.9951826 -0.009223636 0.097315 -0.120839 
0.06758834 -0.6542672 -0.7532365 0.05255294 
0.07061563 0.7562071 -0.6505101 -0.002807103 
0 0 0 1 
0.9951538 -0.01356283 0.09710117 -0.1208387 
0.06791811 -0.618873 -0.7825488 0.05255294 
0.07070488 0.7853741 -0.6149698 -0.002807059 
0 0 0 1 
0.9951079 -0.01665161 0.09708966 -0.1208384 
0.06876091 -0.5883222 -0.8056973 0.05255294 
0.07053416 0.8084552 -0.5843155 -0.002807009 
0 0 0 1 
0.9950926 -0.01954336 0.09670848 -0.1208381 
0.0693605 -0.5585023 -0.8265975 0.05255294 
0.07016444 0.8292727 -0.5544214 -0.002806957 
0 0 0 1 
0.9951621 -0.02329093 0.09515012 -0.1208377 
0.06883721 -0.5247732 -0.8484536 0.05255294 
0.06969158 0.8509232 -0.5206457 -0.002806909 
0 0 0 1 
</float_array>
          <technique_common>
            <accessor count="51" offset="0" source="#RightThigh_0_1-Matrix-animation-output-transform-array" stride="16">
              <param type="float4x4" />
            </accessor>
          </technique_common>
        </source>
        <source id="RightThigh_0_1-Interpolations">
          <Name_array id="RightThigh_0_1-Interpolations-array" count="51">LINEAR
LINEAR
LINEAR
LINEAR
LINEAR
LINEAR
LINEAR
LINEAR
LINEAR
LINEAR
LINEAR
LINEAR
LINEAR
LINEAR
LINEAR
LINEAR
LINEAR
LINEAR
LINEAR
LINEAR
LINEAR
LINEAR
LINEAR
LINEAR
LINEAR
LINEAR
LINEAR
LINEAR
LINEAR
LINEAR
LINEAR
LINEAR
LINEAR
LINEAR
LINEAR
LINEAR
LINEAR
LINEAR
LINEAR
LINEAR
LINEAR
LINEAR
LINEAR
LINEAR
LINEAR
LINEAR
LINEAR
LINEAR
LINEAR
LINEAR
LINEAR</Name_array>
          <technique_common>
            <accessor count="51" offset="0" source="#RightThigh_0_1-Interpolations-array" stride="1">
              <param type="name" />
            </accessor>
          </technique_common>
        </source>
        <sampler id="RightThigh_0_1-Matrix-animation-transform">
          <input semantic="INPUT" source="#RightThigh_0_1-Matrix-animation-input" />
          <input semantic="OUTPUT" source="#RightThigh_0_1-Matrix-animation-output-transform" />
          <input semantic="INTERPOLATION" source="#RightThigh_0_1-Interpolations" />
        </sampler>
        <channel source="#RightThigh_0_1-Matrix-animation-transform" target="RightThigh/matrix" />
      </animation>
      <animation id="Neck_0_2-anim" name="Neck_0_2">
        <source id="Neck_0_2-Matrix-animation-input">
          <float_array id="Neck_0_2-Matrix-animation-input-array" count="51">0
0.01666667
0.03333334
0.05
0.06666667
0.08333334
0.1
0.1166667
0.1333333
0.15
0.1666667
0.1833333
0.2
0.2166667
0.2333333
0.25
0.2666667
0.2833334
0.3
0.3166667
0.3333334
0.3500001
0.3666668
0.3833334
0.4000001
0.4166668
0.4333335
0.4500002
0.4666668
0.4833335
0.5000002
0.5166668
0.5333335
0.5500001
0.5666668
0.5833334
0.6000001
0.6166667
0.6333334
0.65
0.6666667
0.6833333
0.7
0.7166666
0.7333333
0.7499999
0.7666666
0.7833332
0.7999999
0.8166665
0.8333332
</float_array>
          <technique_common>
            <accessor count="51" offset="0" source="#Neck_0_2-Matrix-animation-input-array" stride="1">
              <param name="TIME" type="float" />
            </accessor>
          </technique_common>
        </source>
        <source id="Neck_0_2-Matrix-animation-output-transform">
          <float_array id="Neck_0_2-Matrix-animation-output-transform-array" count="816">0.9974263 -0.004399996 -0.0715642 -1.546023E-06 
-0.0007734934 0.9973968 -0.07210372 0.3103189 
0.07169516 0.0719735 0.9948264 2.250075E-06 
0 0 0 1 
0.9979312 -0.004149298 -0.06415758 -1.493155E-06 
-0.0009762409 0.9968222 -0.07965285 0.3103192 
0.06428421 0.07955068 0.9947559 1.598377E-06 
0 0 0 1 
0.9983801 -0.003800549 -0.0567708 -1.437424E-06 
-0.001178187 0.9961718 -0.08740899 0.3103195 
0.05688567 0.08733428 0.9945536 9.381544E-07 
0 0 0 1 
0.9987746 -0.00333036 -0.04937842 -1.383124E-06 
-0.001380038 0.9954711 -0.09505414 0.3103198 
0.04947136 0.0950058 0.9942467 2.821939E-07 
0 0 0 1 
0.9991158 -0.00272391 -0.04195469 -1.334549E-06 
-0.001582529 0.9947553 -0.1022711 0.3103201 
0.04201323 0.1022471 0.9938715 -3.567195E-07 
0 0 0 1 
0.9994037 -0.001975083 -0.03447315 -1.295992E-06 
-0.001786439 0.9940682 -0.1087438 0.3103204 
0.03448344 0.1087405 0.9934719 -9.657997E-07 
0 0 0 1 
0.9996353 -0.001120418 -0.02698032 -1.260296E-06 
-0.001990504 0.9933634 -0.1150009 0.3103207 
0.02693012 0.1150126 0.9929989 -1.566357E-06 
0 0 0 1 
0.9998099 -0.000171421 -0.01949579 -1.224601E-06 
-0.002194191 0.9926192 -0.1212534 0.310321 
0.01937268 0.1212731 0.9924301 -2.166913E-06 
0 0 0 1 
0.9999282 0.0008922852 -0.01195028 -1.199639E-06 
-0.002399496 0.9919367 -0.1267111 0.3103212 
0.01174086 0.1267307 0.9918677 -2.735507E-06 
0 0 0 1 
0.9999887 0.0020684 -0.004271715 -1.196144E-06 
-0.002608536 0.9914336 -0.1305858 0.3103215 
0.003965018 0.1305955 0.9914278 -3.240173E-06 
0 0 0 1 
0.9999879 0.003330296 0.003615621 -1.224849E-06 
-0.002823547 0.9912336 -0.1320904 0.3103216 
-0.004023825 0.1320786 0.9912311 -3.648949E-06 
0 0 0 1 
0.9999185 0.004645451 0.0118962 -1.302884E-06 
-0.003049849 0.9914052 -0.1307917 0.3103217 
-0.01240154 0.1307447 0.9913385 -3.96618E-06 
0 0 0 1 
0.9997716 0.005945492 0.0205294 -1.423096E-06 
-0.003286258 0.9918697 -0.1272149 0.3103217 
-0.02111884 0.1271184 0.9916627 -4.213178E-06 
0 0 0 1 
0.9995465 0.007146305 0.02925364 -1.559786E-06 
-0.003525241 0.9925227 -0.1220097 0.3103217 
-0.02990682 0.1218512 0.9920977 -4.38342E-06 
0 0 0 1 
0.9992516 0.008190166 0.03780353 -1.687258E-06 
-0.003759163 0.9932624 -0.1158261 0.3103216 
-0.03849746 0.1155973 0.9925498 -4.470386E-06 
0 0 0 1 
0.9989046 0.009048977 0.04591022 -1.779816E-06 
-0.00398032 0.9939991 -0.1093158 0.3103216 
-0.04662391 0.1090134 0.9929463 -4.467554E-06 
0 0 0 1 
0.998486 0.009769397 0.05413141 -1.841829E-06 
-0.004203863 0.9947765 -0.1019901 0.3103216 
-0.05484504 0.1016081 0.9933115 -4.3691E-06 
0 0 0 1 
0.9979606 0.01035224 0.06298762 -1.894834E-06 
-0.004444186 0.9956353 -0.09322355 0.3103216 
-0.06367777 0.09275351 0.9936508 -4.185628E-06 
0 0 0 1 
0.997336 0.01073957 0.07215016 -1.938879E-06 
-0.004692384 0.9964996 -0.08346609 0.3103216 
-0.072794 0.08290518 0.9938952 -3.935264E-06 
0 0 0 1 
0.996631 0.01090003 0.08128833 -1.974017E-06 
-0.004939511 0.9973073 -0.07316934 0.3103216 
-0.08186699 0.07252131 0.9940012 -3.636133E-06 
0 0 0 1 
0.9958765 0.01083203 0.09007045 -2.000296E-06 
-0.005176631 0.9980136 -0.06278669 0.3103216 
-0.09057163 0.06206153 0.9939543 -3.306361E-06 
0 0 0 1 
0.995114 0.01056383 0.09816544 -2.017767E-06 
-0.005394838 0.998592 -0.05277291 0.3103216 
-0.0985847 0.05198548 0.9937699 -2.964072E-06 
0 0 0 1 
0.9943946 0.01015072 0.1052441 -2.026479E-06 
-0.005585296 0.9990342 -0.04358368 0.3103216 
-0.1055848 0.04275155 0.9934909 -2.627392E-06 
0 0 0 1 
0.9937756 0.009669062 0.1109797 -2.026483E-06 
-0.005739259 0.999347 -0.03567509 0.3103217 
-0.1112522 0.03481609 0.9931822 -2.314447E-06 
0 0 0 1 
0.9933173 0.009207421 0.1150483 -2.01783E-06 
-0.005848056 0.9995476 -0.02950311 0.3103217 
-0.1152679 0.02863313 0.9929217 -2.043361E-06 
0 0 0 1 
0.9930775 0.008854719 0.1171271 -2.000568E-06 
-0.005903069 0.9996568 -0.02552334 0.3103217 
-0.1173129 0.02465524 0.9927889 -1.832259E-06 
0 0 0 1 
0.9930889 0.008643054 0.1170456 -1.971393E-06 
-0.005899615 0.9997001 -0.02376526 0.3103217 
-0.117216 0.0229105 0.9928421 -1.671998E-06 
0 0 0 1 
0.9933234 0.008542796 0.1150465 -1.928418E-06 
-0.005844146 0.9997002 -0.02377394 0.3103217 
-0.1152151 0.02294286 0.9930756 -1.538702E-06 
0 0 0 1 
0.9937361 0.008528227 0.1114259 -1.873818E-06 
-0.005744734 0.9996639 -0.02527789 0.3103217 
-0.111604 0.02447944 0.9934512 -1.428396E-06 
0 0 0 1 
0.994278 0.008562824 0.1064794 -1.809768E-06 
-0.005609424 0.999592 -0.02800545 0.3103217 
-0.1066757 0.02724792 0.9939204 -1.337106E-06 
0 0 0 1 
0.9948996 0.008607332 0.1005024 -1.738443E-06 
-0.005446251 0.999483 -0.0316849 0.3103217 
-0.1007232 0.03097593 0.9944322 -1.26086E-06 
0 0 0 1 
0.9955545 0.008626244 0.09379137 -1.662019E-06 
-0.005263257 0.9993363 -0.03604447 0.3103217 
-0.09404004 0.03539058 0.9949392 -1.195684E-06 
0 0 0 1 
0.9962023 0.008592655 0.08664347 -1.582671E-06 
-0.005068506 0.999154 -0.04081241 0.3103217 
-0.08692086 0.04021826 0.9954031 -1.137604E-06 
0 0 0 1 
0.9968101 0.00849149 0.07935708 -1.502574E-06 
-0.004870071 0.9989426 -0.04571709 0.3103217 
-0.07966137 0.04518479 0.9957974 -1.082645E-06 
0 0 0 1 
0.9973532 0.008321122 0.07223134 -1.423905E-06 
-0.004676044 0.9987138 -0.05048711 0.3103217 
-0.07255854 0.05001573 0.9961092 -1.026835E-06 
0 0 0 1 
0.9978155 0.008093324 0.06556558 -1.348837E-06 
-0.00449452 0.9984844 -0.05485128 0.3103217 
-0.06591014 0.05443677 0.9963396 -9.662001E-07 
0 0 0 1 
0.9982269 0.00785182 0.05900319 -1.262477E-06 
-0.004315819 0.9981999 -0.05981914 0.3103217 
-0.05936667 0.05945842 0.9964639 -9.30506E-07 
0 0 0 1 
0.9986195 0.007561491 0.05198027 -1.160823E-06 
-0.004124634 0.997817 -0.06591047 0.3103217 
-0.05236518 0.06560508 0.9964707 -9.279361E-07 
0 0 0 1 
0.9989845 0.007143674 0.04448564 -1.062396E-06 
-0.003920676 0.9973882 -0.07212041 0.3103217 
-0.04488465 0.07187275 0.9964034 -9.221441E-07 
0 0 0 1 
0.9993119 0.006548227 0.03650767 -9.857115E-07 
-0.003703703 0.9969897 -0.07744565 0.3103217 
-0.0369049 0.07725715 0.9963279 -8.767836E-07 
0 0 0 1 
0.9995905 0.005758397 0.02803305 -9.492895E-07 
-0.003473478 0.9967175 -0.0808845 0.3103217 
-0.0284068 0.080754 0.9963292 -7.555082E-07 
0 0 0 1 
0.9998065 0.004818967 0.01907183 -9.524318E-07 
-0.00323032 0.9965884 -0.08246882 0.3103215 
-0.01940418 0.08239125 0.9964111 -5.5961E-07 
0 0 0 1 
0.9999458 0.003793636 0.00969254 -9.793031E-07 
-0.002976014 0.9965435 -0.08301964 0.3103213 
-0.009973984 0.08298629 0.9965008 -3.197806E-07 
0 0 0 1 
0.9999963 0.002719123 -3.239788E-05 -1.025716E-06 
-0.002712485 0.9965692 -0.08271947 0.310321 
-0.0001926377 0.08271924 0.9965729 -4.377245E-08 
0 0 0 1 
0.9999484 0.001627028 -0.01002997 -1.087483E-06 
-0.00244166 0.9966498 -0.08175062 0.3103207 
0.009863357 0.08177088 0.9966024 2.606619E-07 
0 0 0 1 
0.9997953 0.0005427019 -0.02022643 -1.160417E-06 
-0.002165479 0.9967688 -0.0802953 0.3103204 
0.0201175 0.08032266 0.9965659 5.857699E-07 
0 0 0 1 
0.9995332 -0.0005156285 -0.03054731 -1.24033E-06 
-0.001885902 0.9969095 -0.07853579 0.3103201 
0.0304934 0.07855674 0.9964432 9.237988E-07 
0 0 0 1 
0.9991614 -0.001537465 -0.04091743 -1.323034E-06 
-0.001604908 0.9970564 -0.07665441 0.3103198 
0.04091484 0.0766558 0.9962178 1.266996E-06 
0 0 0 1 
0.9986821 -0.00252037 -0.05126107 -1.404343E-06 
-0.001324493 0.9971952 -0.07483356 0.3103195 
0.05130589 0.07480284 0.9958776 1.60761E-06 
0 0 0 1 
0.9981009 -0.003470021 -0.06150211 -1.480068E-06 
-0.001046679 0.9973126 -0.0732558 0.3103192 
0.06159103 0.07318106 0.995415 1.937886E-06 
0 0 0 1 
0.9974263 -0.004399989 -0.07156414 -1.546023E-06 
-0.0007734961 0.9973968 -0.07210372 0.3103189 
0.0716951 0.0719735 0.9948264 2.250073E-06 
0 0 0 1 
</float_array>
          <technique_common>
            <accessor count="51" offset="0" source="#Neck_0_2-Matrix-animation-output-transform-array" stride="16">
              <param type="float4x4" />
            </accessor>
          </technique_common>
        </source>
        <source id="Neck_0_2-Interpolations">
          <Name_array id="Neck_0_2-Interpolations-array" count="51">LINEAR
LINEAR
LINEAR
LINEAR
LINEAR
LINEAR
LINEAR
LINEAR
LINEAR
LINEAR
LINEAR
LINEAR
LINEAR
LINEAR
LINEAR
LINEAR
LINEAR
LINEAR
LINEAR
LINEAR
LINEAR
LINEAR
LINEAR
LINEAR
LINEAR
LINEAR
LINEAR
LINEAR
LINEAR
LINEAR
LINEAR
LINEAR
LINEAR
LINEAR
LINEAR
LINEAR
LINEAR
LINEAR
LINEAR
LINEAR
LINEAR
LINEAR
LINEAR
LINEAR
LINEAR
LINEAR
LINEAR
LINEAR
LINEAR
LINEAR
LINEAR</Name_array>
          <technique_common>
            <accessor count="51" offset="0" source="#Neck_0_2-Interpolations-array" stride="1">
              <param type="name" />
            </accessor>
          </technique_common>
        </source>
        <sampler id="Neck_0_2-Matrix-animation-transform">
          <input semantic="INPUT" source="#Neck_0_2-Matrix-animation-input" />
          <input semantic="OUTPUT" source="#Neck_0_2-Matrix-animation-output-transform" />
          <input semantic="INTERPOLATION" source="#Neck_0_2-Interpolations" />
        </sampler>
        <channel source="#Neck_0_2-Matrix-animation-transform" target="Neck/matrix" />
      </animation>
      <animation id="LeftLowerLeg_0_3-anim" name="LeftLowerLeg_0_3">
        <source id="LeftLowerLeg_0_3-Matrix-animation-input">
          <float_array id="LeftLowerLeg_0_3-Matrix-animation-input-array" count="51">0
0.01666667
0.03333334
0.05
0.06666667
0.08333334
0.1
0.1166667
0.1333333
0.15
0.1666667
0.1833333
0.2
0.2166667
0.2333333
0.25
0.2666667
0.2833334
0.3
0.3166667
0.3333334
0.3500001
0.3666668
0.3833334
0.4000001
0.4166668
0.4333335
0.4500002
0.4666668
0.4833335
0.5000002
0.5166668
0.5333335
0.5500001
0.5666668
0.5833334
0.6000001
0.6166667
0.6333334
0.65
0.6666667
0.6833333
0.7
0.7166666
0.7333333
0.7499999
0.7666666
0.7833332
0.7999999
0.8166665
0.8333332
</float_array>
          <technique_common>
            <accessor count="51" offset="0" source="#LeftLowerLeg_0_3-Matrix-animation-input-array" stride="1">
              <param name="TIME" type="float" />
            </accessor>
          </technique_common>
        </source>
        <source id="LeftLowerLeg_0_3-Matrix-animation-output-transform">
          <float_array id="LeftLowerLeg_0_3-Matrix-animation-output-transform-array" count="816">0.990941 -0.1274433 -0.04235603 -2.488494E-06 
0.09549528 0.8904244 -0.4450004 0.2960271 
0.09442715 0.4369243 0.8945283 1.192093E-06 
0 0 0 1 
0.9925309 -0.0994603 -0.07064 -2.488494E-06 
0.03377477 0.7804482 -0.6243078 0.2960271 
0.1172247 0.6172589 0.7779782 1.192093E-06 
0 0 0 1 
0.9929415 -0.08013594 -0.08743791 -2.488494E-06 
-0.01799061 0.6269256 -0.7788716 0.2960271 
0.1172326 0.774947 0.6210588 1.192093E-06 
0 0 0 1 
0.994111 -0.07025428 -0.08250883 -2.488494E-06 
-0.04293348 0.4437451 -0.8951242 0.2960271 
0.09949917 0.8933952 0.4381157 1.192093E-06 
0 0 0 1 
0.996298 -0.0655606 -0.055606 -2.488494E-06 
-0.03740888 0.2517445 -0.9670706 0.2960271 
0.07740021 0.9655707 0.2483599 1.192093E-06 
0 0 0 1 
0.9978696 -0.06308878 -0.01661931 -2.488494E-06 
-0.01212777 0.07092065 -0.9974084 0.2960271 
0.06410392 0.9954849 0.07000447 1.192093E-06 
0 0 0 1 
0.9976726 -0.06464224 0.02169851 -2.488494E-06 
0.015071 -0.1013035 -0.9947416 0.2960271 
0.06650044 0.9927534 -0.1000935 1.192093E-06 
0 0 0 1 
0.9965051 -0.07050193 0.04480038 -2.488494E-06 
0.02437238 -0.2675902 -0.9632248 0.2960271 
0.07989731 0.9609503 -0.2649367 1.192093E-06 
0 0 0 1 
0.9956022 -0.08168242 0.04587371 -2.488494E-06 
0.008319221 -0.4106507 -0.9117549 0.2960271 
0.09331241 0.9081268 -0.4081652 1.192093E-06 
0 0 0 1 
0.9947752 -0.09668866 0.03276234 -2.488494E-06 
-0.0219994 -0.5164098 -0.8560591 0.2960271 
0.09968996 0.8508658 -0.5158388 1.192093E-06 
0 0 0 1 
0.993946 -0.1075464 0.02247974 -2.488494E-06 
-0.04415867 -0.5783803 -0.8145715 0.2960271 
0.100606 0.8086473 -0.5796278 1.192093E-06 
0 0 0 1 
0.9937665 -0.1080122 0.02759312 -2.488494E-06 
-0.04318324 -0.601158 -0.797963 0.2960271 
0.1027775 0.7917973 -0.6020749 1.192093E-06 
0 0 0 1 
0.9938102 -0.1021959 0.04355529 -2.488494E-06 
-0.02578199 -0.5935442 -0.8043884 0.2960271 
0.1080571 0.7982866 -0.5925052 1.192093E-06 
0 0 0 1 
0.9935538 -0.09552751 0.06103621 -2.488494E-06 
-0.002602661 -0.5574993 -0.8301734 0.2960271 
0.113332 0.8246631 -0.5541542 1.192093E-06 
0 0 0 1 
0.9931746 -0.09294545 0.07046539 -2.488494E-06 
0.01540197 -0.4943418 -0.8691313 0.2960271 
0.1156157 0.8642845 -0.4895362 1.192093E-06 
0 0 0 1 
0.9931769 -0.09659259 0.06534225 -2.488494E-06 
0.02059834 -0.4061988 -0.9135527 0.2960271 
0.1147843 0.9086654 -0.4014376 1.192093E-06 
0 0 0 1 
0.9935107 -0.1049656 0.04380466 -2.488494E-06 
0.01419633 -0.2676815 -0.9634031 0.2960271 
0.1128498 0.9577731 -0.2644543 1.192093E-06 
0 0 0 1 
0.9936926 -0.1115623 0.01135928 -2.488494E-06 
0.003367065 -0.07156766 -0.9974303 0.2960271 
0.1120885 0.9911773 -0.07074071 1.192093E-06 
0 0 0 1 
0.9935097 -0.1117895 -0.02101756 -2.488494E-06 
-0.004872359 0.1427794 -0.9897428 0.2960271 
0.1136437 0.9834213 0.141308 1.192093E-06 
0 0 0 1 
0.99329 -0.1073398 -0.04304958 -2.488494E-06 
-0.005172412 0.3306334 -0.9437453 0.2960271 
0.115535 0.9376353 0.3278597 1.192093E-06 
0 0 0 1 
0.9933559 -0.103882 -0.04952271 -2.488494E-06 
0.003201095 0.4550989 -0.8904354 0.2960271 
0.1150379 0.8843607 0.4524077 1.192093E-06 
0 0 0 1 
0.993678 -0.1055178 -0.03834399 -2.488494E-06 
0.01990386 0.5017011 -0.8648121 0.2960271 
0.1104903 0.8585815 0.5006295 1.192093E-06 
0 0 0 1 
0.9937288 -0.1106689 -0.01598629 -2.488494E-06 
0.04140517 0.4969951 -0.8667651 0.2960271 
0.103869 0.8606675 0.4984606 1.192093E-06 
0 0 0 1 
0.9932138 -0.1161071 0.006749832 -2.488494E-06 
0.0611935 0.4723504 -0.8792842 0.2960271 
0.09890281 0.8737302 0.4762499 1.192093E-06 
0 0 0 1 
0.9922852 -0.1215594 0.02435993 -2.488494E-06 
0.07799015 0.4593124 -0.8848446 0.2960271 
0.09637234 0.879918 0.4652494 1.192093E-06 
0 0 0 1 
0.9909398 -0.1293643 0.03609762 -2.488494E-06 
0.09549896 0.489702 -0.8666442 0.2960271 
0.09443572 0.8622395 0.4976194 1.192093E-06 
0 0 0 1 
0.9890777 -0.1417591 0.04037114 -2.488494E-06 
0.1156618 0.5766714 -0.8087476 0.2960271 
0.09136645 0.8045835 0.5867688 1.192093E-06 
0 0 0 1 
0.9873016 -0.1552643 0.03359491 -2.488494E-06 
0.1328095 0.6907111 -0.7108305 0.2960271 
0.0871622 0.7062657 0.7025607 1.192093E-06 
0 0 0 1 
0.9864566 -0.1633445 0.01490339 -2.488494E-06 
0.1412308 0.7996621 -0.5836049 0.2960271 
0.08341096 0.5778058 0.8119011 1.192093E-06 
0 0 0 1 
0.9866058 -0.1628323 -0.009734613 -2.488494E-06 
0.1409777 0.881168 -0.4512965 0.2960271 
0.08206346 0.4438793 0.8923211 1.192093E-06 
0 0 0 1 
0.987039 -0.1577699 -0.02937492 -2.488494E-06 
0.1379337 0.927587 -0.3472131 0.2960271 
0.08202755 0.338661 0.9373262 1.192093E-06 
0 0 0 1 
0.9873658 -0.1532467 -0.04030214 -2.488494E-06 
0.1356787 0.9490103 -0.2845542 0.2960271 
0.08185411 0.2754909 0.9578125 1.192093E-06 
0 0 0 1 
0.9876871 -0.1491144 -0.04731701 -2.488494E-06 
0.1329692 0.9595243 -0.2482588 0.2960271 
0.08242077 0.2389104 0.9675375 1.192093E-06 
0 0 0 1 
0.9879675 -0.1458003 -0.05159979 -2.488494E-06 
0.1302985 0.9643864 -0.2301769 0.2960271 
0.08332197 0.2206839 0.97178 1.192093E-06 
0 0 0 1 
0.9882134 -0.1430663 -0.05446495 -2.488494E-06 
0.1277555 0.9667649 -0.2214596 0.2960271 
0.08433818 0.2118911 0.9736475 1.192093E-06 
0 0 0 1 
0.9884418 -0.1403693 -0.05726414 -2.488494E-06 
0.1252642 0.9689826 -0.2130303 0.2960271 
0.08539084 0.2033949 0.9753662 1.192093E-06 
0 0 0 1 
0.9886484 -0.1378516 -0.05975959 -2.488494E-06 
0.1228734 0.970716 -0.2064287 0.2960271 
0.08646608 0.1967425 0.9766352 1.192093E-06 
0 0 0 1 
0.9888247 -0.1360162 -0.06103521 -2.488494E-06 
0.1206987 0.9707024 -0.2077716 0.2960271 
0.08750731 0.1980828 0.9762715 1.192093E-06 
0 0 0 1 
0.9889821 -0.1346835 -0.06143988 -2.488494E-06 
0.1186796 0.9694313 -0.2147519 0.2960271 
0.08848526 0.2050941 0.9747343 1.192093E-06 
0 0 0 1 
0.9891307 -0.1336404 -0.06132508 -2.488494E-06 
0.116742 0.9673288 -0.225048 0.2960271 
0.08939699 0.2154427 0.972416 1.192093E-06 
0 0 0 1 
0.9892783 -0.1326725 -0.06104545 -2.488494E-06 
0.1148137 0.9648619 -0.2363464 0.2960271 
0.09025706 0.2268035 0.9697495 1.192093E-06 
0 0 0 1 
0.9894255 -0.1318044 -0.06053808 -2.488494E-06 
0.1129041 0.9619043 -0.2489838 0.2960271 
0.091049 0.2395159 0.9666139 1.192093E-06 
0 0 0 1 
0.9895715 -0.1311511 -0.05956267 -2.488494E-06 
0.1110465 0.9579823 -0.2644595 0.2960271 
0.09174411 0.2550873 0.9625558 1.192093E-06 
0 0 0 1 
0.9897192 -0.1306422 -0.05821125 -2.488494E-06 
0.1092114 0.953114 -0.2822176 0.2960271 
0.09235145 0.2729588 0.9575829 1.192093E-06 
0 0 0 1 
0.9898708 -0.1302104 -0.05657717 -2.488494E-06 
0.1073712 0.9473369 -0.3017028 0.2960271 
0.09288245 0.292572 0.951722 1.192093E-06 
0 0 0 1 
0.9900278 -0.1297953 -0.05475493 -2.488494E-06 
0.1055018 0.9407181 -0.3223648 0.2960271 
0.09335037 0.3133734 0.9450307 1.192093E-06 
0 0 0 1 
0.9901916 -0.129416 -0.05265002 -2.488494E-06 
0.1035983 0.9329358 -0.3448165 0.2960271 
0.09374384 0.33598 0.9371925 1.192093E-06 
0 0 0 1 
0.9903647 -0.1290625 -0.05020597 -2.488494E-06 
0.1016549 0.9237224 -0.3693285 0.2960271 
0.0940428 0.3606662 0.9279419 1.192093E-06 
0 0 0 1 
0.990548 -0.128652 -0.04757524 -2.488494E-06 
0.09965687 0.9133204 -0.3948603 0.2960271 
0.09425098 0.3863868 0.9175087 1.192093E-06 
0 0 0 1 
0.9907408 -0.1281242 -0.0449093 -2.488494E-06 
0.09760084 0.902072 -0.420405 0.2960271 
0.09437545 0.4121292 0.9062246 1.192093E-06 
0 0 0 1 
0.990941 -0.1274433 -0.04235604 -2.488494E-06 
0.09549529 0.8904245 -0.4450002 0.2960271 
0.09442715 0.4369242 0.8945284 1.192093E-06 
0 0 0 1 
</float_array>
          <technique_common>
            <accessor count="51" offset="0" source="#LeftLowerLeg_0_3-Matrix-animation-output-transform-array" stride="16">
              <param type="float4x4" />
            </accessor>
          </technique_common>
        </source>
        <source id="LeftLowerLeg_0_3-Interpolations">
          <Name_array id="LeftLowerLeg_0_3-Interpolations-array" count="51">LINEAR
LINEAR
LINEAR
LINEAR
LINEAR
LINEAR
LINEAR
LINEAR
LINEAR
LINEAR
LINEAR
LINEAR
LINEAR
LINEAR
LINEAR
LINEAR
LINEAR
LINEAR
LINEAR
LINEAR
LINEAR
LINEAR
LINEAR
LINEAR
LINEAR
