<?xml version="1.0" encoding="utf-8"?>
<COLLADA xmlns:xsi="http://www.w3.org/2001/XMLSchema-instance" xmlns:xsd="http://www.w3.org/2001/XMLSchema" version="1.4.1" xmlns="http://www.collada.org/2005/11/COLLADASchema">
  <asset>
    <created>2017-07-16T19:03:58.8239287+03:00</created>
    <modified>2017-07-16T19:03:58.8239287+03:00</modified>
    <unit meter="1" name="meter" />
    <up_axis>Y_UP</up_axis>
    <contributor>
      <authoring_tool>Skele: Character Animation Tools</authoring_tool>
      <comments>https://www.assetstore.unity3d.com/en/#!/content/16899</comments>
    </contributor>
    <revision>1.0</revision>
  </asset>
  <library_animation_clips>
    <animation_clip name="KamaraLaughC" start="0" end="4.7833333015441895">
      <instance_animation url="KamaraLaughC_0" />
    </animation_clip>
  </library_animation_clips>
  <library_animations>
    <animation id="KamaraLaughC_0" name="KamaraLaughC">
      <animation id="Chest_0_0-anim" name="Chest_0_0">
        <source id="Chest_0_0-Matrix-animation-input">
          <float_array id="Chest_0_0-Matrix-animation-input-array" count="288">0
0.01666667
0.03333334
0.05
0.06666667
0.08333334
0.1
0.1166667
0.1333333
0.15
0.1666667
0.1833333
0.2
0.2166667
0.2333333
0.25
0.2666667
0.2833334
0.3
0.3166667
0.3333334
0.3500001
0.3666668
0.3833334
0.4000001
0.4166668
0.4333335
0.4500002
0.4666668
0.4833335
0.5000002
0.5166668
0.5333335
0.5500001
0.5666668
0.5833334
0.6000001
0.6166667
0.6333334
0.65
0.6666667
0.6833333
0.7
0.7166666
0.7333333
0.7499999
0.7666666
0.7833332
0.7999999
0.8166665
0.8333332
0.8499998
0.8666665
0.8833331
0.8999998
0.9166664
0.9333331
0.9499997
0.9666664
0.9833331
0.9999997
1.016666
1.033333
1.05
1.066666
1.083333
1.1
1.116666
1.133333
1.15
1.166666
1.183333
1.2
1.216666
1.233333
1.25
1.266666
1.283333
1.299999
1.316666
1.333333
1.349999
1.366666
1.383333
1.399999
1.416666
1.433333
1.449999
1.466666
1.483333
1.499999
1.516666
1.533333
1.549999
1.566666
1.583333
1.599999
1.616666
1.633332
1.649999
1.666666
1.683332
1.699999
1.716666
1.733332
1.749999
1.766666
1.783332
1.799999
1.816666
1.833332
1.849999
1.866666
1.883332
1.899999
1.916666
1.933332
1.949999
1.966666
1.983332
1.999999
2.016665
2.033332
2.049999
2.066665
2.083332
2.099999
2.116665
2.133332
2.149999
2.166665
2.183332
2.199999
2.216665
2.233332
2.249999
2.266665
2.283332
2.299999
2.316665
2.333332
2.349998
2.366665
2.383332
2.399998
2.416665
2.433332
2.449998
2.466665
2.483332
2.499998
2.516665
2.533332
2.549998
2.566665
2.583332
2.599998
2.616665
2.633332
2.649998
2.666665
2.683331
2.699998
2.716665
2.733331
2.749998
2.766665
2.783331
2.799998
2.816665
2.833331
2.849998
2.866665
2.883331
2.899998
2.916665
2.933331
2.949998
2.966665
2.983331
2.999998
3.016665
3.033331
3.049998
3.066664
3.083331
3.099998
3.116664
3.133331
3.149998
3.166664
3.183331
3.199998
3.216664
3.233331
3.249998
3.266664
3.283331
3.299998
3.316664
3.333331
3.349998
3.366664
3.383331
3.399997
3.416664
3.433331
3.449997
3.466664
3.483331
3.499997
3.516664
3.533331
3.549997
3.566664
3.583331
3.599997
3.616664
3.633331
3.649997
3.666664
3.683331
3.699997
3.716664
3.73333
3.749997
3.766664
3.78333
3.799997
3.816664
3.83333
3.849997
3.866664
3.88333
3.899997
3.916664
3.93333
3.949997
3.966664
3.98333
3.999997
4.016664
4.03333
4.049997
4.066664
4.083331
4.099998
4.116665
4.133332
4.149999
4.166666
4.183332
4.199999
4.216666
4.233333
4.25
4.266667
4.283334
4.300001
4.316668
4.333334
4.350001
4.366668
4.383335
4.400002
4.416669
4.433336
4.450003
4.46667
4.483336
4.500003
4.51667
4.533337
4.550004
4.566671
4.583338
4.600005
4.616672
4.633338
4.650005
4.666672
4.683339
4.700006
4.716673
4.73334
4.750007
4.766674
4.783333
</float_array>
          <technique_common>
            <accessor count="288" offset="0" source="#Chest_0_0-Matrix-animation-input-array" stride="1">
              <param name="TIME" type="float" />
            </accessor>
          </technique_common>
        </source>
        <source id="Chest_0_0-Matrix-animation-output-transform">
          <float_array id="Chest_0_0-Matrix-animation-output-transform-array" count="4608">1 0 0 -2.642279E-12 
0 0.9999821 0.005980359 0.2666135 
0 -0.005980358 0.9999821 2.243303E-10 
0 0 0 1 
0.9999996 0.0007629478 -0.0003281058 7.768564E-08 
-0.000768104 0.9998714 -0.01601312 0.2666135 
0.0003158465 0.01601337 0.9998717 1.290001E-07 
0 0 0 1 
0.9999987 0.00149058 -0.0006550035 1.614276E-07 
-0.001514928 0.9992421 -0.03889354 0.2666135 
0.0005965332 0.03889447 0.9992431 2.678103E-07 
0 0 0 1 
0.9999971 0.002203251 -0.0009809749 2.451695E-07 
-0.002259625 0.9980888 -0.06175359 0.2666135 
0.0008430415 0.06175562 0.9980909 4.066205E-07 
0 0 0 1 
0.9999949 0.002922427 -0.001306399 3.228578E-07 
-0.003021509 0.9964873 -0.08368909 0.2666135 
0.001057235 0.0836926 0.9964911 5.353962E-07 
0 0 0 1 
0.999992 0.003670686 -0.001631876 3.884388E-07 
-0.003820254 0.9945905 -0.1038033 0.2666135 
0.001242019 0.1038087 0.9945965 6.441029E-07 
0 0 0 1 
0.9999881 0.004471712 -0.001958323 4.358589E-07 
-0.004676116 0.9926159 -0.1212093 0.2666135 
0.001401849 0.121217 0.9926251 7.227064E-07 
0 0 0 1 
0.9999831 0.005334689 -0.002292708 4.645576E-07 
-0.00559681 0.9907046 -0.1359154 0.2666135 
0.00154633 0.135926 0.9907178 7.702772E-07 
0 0 0 1 
0.9999771 0.00624453 -0.002637677 4.798038E-07 
-0.006567419 0.9888538 -0.1487444 0.2666135 
0.001679439 0.1487583 0.9888722 7.955492E-07 
0 0 0 1 
0.9999697 0.007189302 -0.002987957 4.84288E-07 
-0.007574844 0.9870819 -0.1600371 0.2666135 
0.001798803 0.1600549 0.9871065 8.029822E-07 
0 0 0 1 
0.9999611 0.008156921 -0.003338268 4.807006E-07 
-0.008605978 0.9853835 -0.1701327 0.2666135 
0.001901716 0.1701548 0.9854155 7.970358E-07 
0 0 0 1 
0.9999515 0.009135067 -0.003683287 4.717322E-07 
-0.009647614 0.9837347 -0.1793679 0.2666135 
0.00198484 0.1793947 0.9837751 7.821699E-07 
0 0 0 1 
0.9999408 0.01011113 -0.004017629 4.600734E-07 
-0.01068636 0.982096 -0.1880775 0.2666135 
0.002044022 0.1881093 0.982146 7.628443E-07 
0 0 0 1 
0.9999293 0.01107221 -0.004335831 4.484145E-07 
-0.01170859 0.980415 -0.1965939 0.2666135 
0.002074185 0.1966307 0.9804754 7.435186E-07 
0 0 0 1 
0.9999172 0.01200514 -0.00463234 4.394462E-07 
-0.01270039 0.9786276 -0.2052476 0.2666135 
0.002069309 0.2052895 0.9786991 7.286528E-07 
0 0 0 1 
0.9999048 0.01289655 -0.004901518 4.358589E-07 
-0.01364754 0.9766579 -0.2143667 0.2666135 
0.002022516 0.2144131 0.976741 7.227064E-07 
0 0 0 1 
0.9998921 0.01375017 -0.005174236 4.358589E-07 
-0.01456101 0.9743502 -0.2245653 0.2666135 
0.001953708 0.2246164 0.9744453 7.227064E-07 
0 0 0 1 
0.9998787 0.01457927 -0.005477644 4.358589E-07 
-0.01546026 0.971629 -0.236004 0.2666135 
0.001881473 0.23606 0.9717367 7.227064E-07 
0 0 0 1 
0.9998648 0.01538519 -0.005800554 4.358589E-07 
-0.0163438 0.9685377 -0.2483291 0.2666135 
0.001797464 0.2483903 0.9686583 7.227064E-07 
0 0 0 1 
0.9998505 0.01617016 -0.006132001 4.358589E-07 
-0.01721056 0.965134 -0.2611895 0.2666135 
0.001694728 0.2612559 0.9652681 7.227064E-07 
0 0 0 1 
0.9998357 0.01693736 -0.006461336 4.358589E-07 
-0.01806005 0.9614922 -0.2742378 0.2666135 
0.00156766 0.2743095 0.9616402 7.227064E-07 
0 0 0 1 
0.9998205 0.01769103 -0.006778292 4.358589E-07 
-0.01889244 0.9577048 -0.2871313 0.2666135 
0.001411954 0.2872078 0.9578673 7.227064E-07 
0 0 0 1 
0.999805 0.01843643 -0.007073049 4.358589E-07 
-0.01970864 0.9538824 -0.2995326 0.2666135 
0.001224545 0.2996136 0.9540598 7.227064E-07 
0 0 0 1 
0.9997891 0.01917972 -0.007336229 4.358589E-07 
-0.02051036 0.9501526 -0.3111095 0.2666135 
0.001003543 0.3111944 0.9503458 7.227064E-07 
0 0 0 1 
0.9997728 0.01992784 -0.007558897 4.358589E-07 
-0.02130014 0.9466577 -0.3215359 0.2666135 
0.0007481725 0.3216239 0.9468672 7.227064E-07 
0 0 0 1 
0.9997561 0.02068823 -0.007732457 4.358589E-07 
-0.0220813 0.9435512 -0.3304898 0.2666135 
0.0004587192 0.3305798 0.9437779 7.227064E-07 
0 0 0 1 
0.9997387 0.02146858 -0.007848538 4.358589E-07 
-0.02285784 0.9409932 -0.3376524 0.2666135 
0.0001365049 0.3377436 0.9412382 7.227064E-07 
0 0 0 1 
0.9997206 0.02227643 -0.0078988 4.358589E-07 
-0.02363437 0.9391451 -0.3427066 0.2666135 
-0.000216158 0.3427975 0.9394093 7.227064E-07 
0 0 0 1 
0.9997017 0.02311878 -0.007874695 4.358589E-07 
-0.02441585 0.9381624 -0.3453333 0.2666135 
-0.0005959422 0.3454226 0.9384471 7.227064E-07 
0 0 0 1 
0.9996818 0.02400161 -0.007767184 4.358589E-07 
-0.02520733 0.9381871 -0.3452093 0.2666135 
-0.0009985067 0.3452952 0.9384936 7.227064E-07 
0 0 0 1 
0.9996606 0.02492932 -0.007566436 4.358589E-07 
-0.02601365 0.9393388 -0.3420025 0.2666135 
-0.001418445 0.3420833 0.9396685 7.227064E-07 
0 0 0 1 
0.999638 0.02590962 -0.00725043 4.358589E-07 
-0.02684092 0.9417815 -0.3351524 0.2666135 
-0.00185535 0.3352256 0.942136 7.227064E-07 
0 0 0 1 
0.9996139 0.02693744 -0.006812691 4.358589E-07 
-0.02768992 0.9454374 -0.324625 0.2666135 
-0.002303592 0.3246883 0.9458183 7.227064E-07 
0 0 0 1 
0.9995884 0.02799542 -0.006265664 4.358589E-07 
-0.02855588 0.9500242 -0.3108672 0.2666135 
-0.002750328 0.3109182 0.9504327 7.227064E-07 
0 0 0 1 
0.9995617 0.02906583 -0.005622016 4.358589E-07 
-0.02943279 0.9552515 -0.2943266 0.2666135 
-0.003184407 0.2943631 0.9556884 7.227064E-07 
0 0 0 1 
0.999534 0.03013148 -0.004895179 4.358589E-07 
-0.03031393 0.9608352 -0.2754571 0.2666135 
-0.00359647 0.2754771 0.9613009 7.227064E-07 
0 0 0 1 
0.9995055 0.03117671 -0.00409974 4.358589E-07 
-0.03119235 0.9665107 -0.2547235 0.2666135 
-0.003978999 0.2547254 0.9670053 7.227064E-07 
0 0 0 1 
0.9994766 0.03218806 -0.003251633 4.358589E-07 
-0.0320613 0.9720429 -0.2326038 0.2666135 
-0.004326339 0.2325863 0.9725661 7.227064E-07 
0 0 0 1 
0.9994474 0.03315495 -0.002368155 4.358589E-07 
-0.03291472 0.9772351 -0.2095901 0.2666135 
-0.004634706 0.2095522 0.9777865 7.227064E-07 
0 0 0 1 
0.9994184 0.03407007 -0.001467824 4.358589E-07 
-0.03374751 0.9819345 -0.1861872 0.2666135 
-0.004902104 0.1861284 0.9825132 7.227064E-07 
0 0 0 1 
0.9993896 0.03492966 -0.0005701338 4.358589E-07 
-0.03455586 0.9860353 -0.1629111 0.2666135 
-0.005128258 0.1628314 0.9866406 7.227064E-07 
0 0 0 1 
0.9993613 0.03573359 0.0003047646 4.358589E-07 
-0.0353375 0.9894801 -0.1402862 0.2666135 
-0.00531449 0.1401858 0.9901109 7.227064E-07 
0 0 0 1 
0.9993336 0.03648513 0.001136405 4.358589E-07 
-0.03609163 0.9922569 -0.1188421 0.2666135 
-0.005463575 0.1187219 0.9929125 7.227064E-07 
0 0 0 1 
0.9993064 0.0371907 0.001904324 4.358589E-07 
-0.03681905 0.994395 -0.09911034 0.2666135 
-0.005579634 0.09897147 0.9950746 7.227064E-07 
0 0 0 1 
0.9992797 0.03785825 0.002621084 4.358589E-07 
-0.03752427 0.9960424 -0.08056956 0.2666135 
-0.005660933 0.08041316 0.9967455 7.227064E-07 
0 0 0 1 
0.9992535 0.03848961 0.003316845 4.358589E-07 
-0.03820866 0.9973267 -0.06228558 0.2666135 
-0.005705326 0.06211235 0.9980528 7.227064E-07 
0 0 0 1 
0.9992279 0.03908354 0.003997805 4.358589E-07 
-0.03886927 0.9982675 -0.04417006 0.2666135 
-0.005717202 0.04398057 0.999016 7.227064E-07 
0 0 0 1 
0.9992032 0.03963799 0.004670241 4.358589E-07 
-0.03950293 0.9988776 -0.02613387 0.2666135 
-0.005700894 0.02592856 0.9996476 7.227064E-07 
0 0 0 1 
0.9991794 0.04015016 0.005340468 4.358589E-07 
-0.04010627 0.9991626 -0.008087341 0.2666135 
-0.005660704 0.007866518 0.999953 7.227064E-07 
0 0 0 1 
0.9991567 0.0406165 0.006014789 4.358589E-07 
-0.04067564 0.9991217 0.01005933 0.2666135 
-0.005600932 -0.0102955 0.9999313 7.227064E-07 
0 0 0 1 
0.9991353 0.04103274 0.006699455 4.358589E-07 
-0.0412072 0.998747 0.02839584 0.2666135 
-0.005525901 -0.02864735 0.9995743 7.227064E-07 
0 0 0 1 
0.9991155 0.0413938 0.007400608 4.358589E-07 
-0.04169679 0.9980236 0.04701142 0.2666135 
-0.00544 -0.04727841 0.9988669 7.227064E-07 
0 0 0 1 
0.9990974 0.04169385 0.008124233 4.358589E-07 
-0.04214003 0.9969297 0.06599446 0.2666135 
-0.005347727 -0.06627724 0.9977869 7.227064E-07 
0 0 0 1 
0.9990808 0.04192963 0.00891808 4.358589E-07 
-0.04254504 0.9953405 0.0865276 0.2666135 
-0.005248456 -0.08682748 0.9962096 7.227064E-07 
0 0 0 1 
0.9990656 0.0420954 0.009793645 4.358589E-07 
-0.04291324 0.9931138 0.109011 0.2666135 
-0.005137341 -0.1093294 0.9939923 7.227064E-07 
0 0 0 1 
0.9990525 0.0421861 0.01070298 4.358589E-07 
-0.04323275 0.9902583 0.1323606 0.2666135 
-0.005014942 -0.1326979 0.9911438 7.227064E-07 
0 0 0 1 
0.9990417 0.04220445 0.0115996 4.358589E-07 
-0.04349606 0.9868778 0.1554997 0.2666135 
-0.004884602 -0.1558552 0.9877678 7.227064E-07 
0 0 0 1 
0.9990334 0.04216129 0.01243917 4.358589E-07 
-0.04370042 0.9831743 0.1773655 0.2666135 
-0.004751918 -0.1777376 0.9840664 7.227064E-07 
0 0 0 1 
0.9990276 0.04207481 0.01318011 4.358589E-07 
-0.04384773 0.97944 0.1969128 0.2666135 
-0.004624056 -0.1972992 0.9803324 7.227064E-07 
0 0 0 1 
0.9990239 0.04196891 0.01378345 4.358589E-07 
-0.04394363 0.9760383 0.213115 0.2666135 
-0.004508969 -0.2135126 0.9769299 7.227064E-07 
0 0 0 1 
0.9990219 0.04187068 0.01421227 4.358589E-07 
-0.04399607 0.9733741 0.2249602 0.2666135 
-0.004414616 -0.2253655 0.9742643 7.227064E-07 
0 0 0 1 
0.9990211 0.04179356 0.01449542 4.358589E-07 
-0.0440225 0.9714597 0.2330834 0.2666135 
-0.004340337 -0.2334934 0.9723487 7.227064E-07 
0 0 0 1 
0.9990208 0.04173291 0.01469257 4.358589E-07 
-0.04403619 0.9700336 0.2389464 0.2666135 
-0.004280356 -0.2393594 0.9709216 7.227064E-07 
0 0 0 1 
0.9990209 0.04168813 0.01481325 4.358589E-07 
-0.04403866 0.9690812 0.2427802 0.2666135 
-0.004234191 -0.2431948 0.9699682 7.227064E-07 
0 0 0 1 
0.9990214 0.0416572 0.01486648 4.358589E-07 
-0.04403051 0.9685702 0.2448121 0.2666135 
-0.004201037 -0.2452271 0.9694566 7.227064E-07 
0 0 0 1 
0.9990222 0.04163718 0.01486079 4.358589E-07 
-0.04401166 0.9684561 0.2452663 0.2666135 
-0.004179822 -0.2456806 0.9693418 7.227064E-07 
0 0 0 1 
0.9990236 0.04162444 0.01480443 4.358589E-07 
-0.04398161 0.9686854 0.2443647 0.2666135 
-0.004169296 -0.2447772 0.9695704 7.227064E-07 
0 0 0 1 
0.9990255 0.0416149 0.01470546 4.358589E-07 
-0.04393948 0.9691988 0.2423279 0.2666135 
-0.004168068 -0.2427378 0.9700829 7.227064E-07 
0 0 0 1 
0.9990279 0.04160434 0.01457183 4.358589E-07 
-0.04388431 0.9699347 0.2393757 0.2666135 
-0.004174659 -0.2397825 0.9708177 7.227064E-07 
0 0 0 1 
0.9990309 0.04158849 0.0144115 4.358589E-07 
-0.04381505 0.9708308 0.235728 0.2666135 
-0.004187556 -0.2361309 0.9717122 7.227064E-07 
0 0 0 1 
0.9990345 0.04156322 0.01423247 4.358589E-07 
-0.04373078 0.9718264 0.231605 0.2666135 
-0.004205245 -0.2320037 0.9727058 7.227064E-07 
0 0 0 1 
0.9990388 0.04152466 0.01404289 4.358589E-07 
-0.04363071 0.9728637 0.2272277 0.2666135 
-0.004226262 -0.227622 0.9737404 7.227064E-07 
0 0 0 1 
0.9990438 0.04146922 0.013851 4.358589E-07 
-0.04351426 0.9738883 0.222818 0.2666135 
-0.004249237 -0.2232076 0.9747617 7.227064E-07 
0 0 0 1 
0.9990495 0.04139366 0.0136652 4.358589E-07 
-0.04338105 0.9748501 0.2185986 0.2666135 
-0.00427293 -0.2189836 0.9757192 7.227064E-07 
0 0 0 1 
0.9990559 0.04129506 0.01349403 4.358589E-07 
-0.04323093 0.9757022 0.2147932 0.2666135 
-0.004296256 -0.2151738 0.9765663 7.227064E-07 
0 0 0 1 
0.999063 0.04117075 0.0133461 4.358589E-07 
-0.04306392 0.9764014 0.2116261 0.2666135 
-0.004318344 -0.2120026 0.9772596 7.227064E-07 
0 0 0 1 
0.9990708 0.04101827 0.0132301 4.358589E-07 
-0.0428802 0.9769061 0.2093219 0.2666135 
-0.004338543 -0.2096947 0.9777573 7.227064E-07 
0 0 0 1 
0.9990793 0.04083517 0.01315472 4.358589E-07 
-0.04267997 0.9771748 0.2081053 0.2666135 
-0.004356447 -0.2084751 0.978018 7.227064E-07 
0 0 0 1 
0.9990885 0.04061889 0.01312859 4.358589E-07 
-0.04246341 0.977164 0.2082003 0.2666135 
-0.004371916 -0.208568 0.9779981 7.227064E-07 
0 0 0 1 
0.9990994 0.04033762 0.0131633 4.358589E-07 
-0.04220372 0.9767882 0.2100085 0.2666135 
-0.004386512 -0.2103749 0.9776109 7.227064E-07 
0 0 0 1 
0.9991128 0.03997557 0.01325131 4.358589E-07 
-0.04188376 0.9760695 0.2133869 0.2666135 
-0.004403935 -0.2137526 0.9768779 7.227064E-07 
0 0 0 1 
0.9991279 0.03955409 0.01337242 4.358589E-07 
-0.04151804 0.9751227 0.2177423 0.2666135 
-0.004427148 -0.2181076 0.9759147 7.227064E-07 
0 0 0 1 
0.9991442 0.03909484 0.01350659 4.358589E-07 
-0.04112125 0.9740689 0.2224829 0.2666135 
-0.004458413 -0.2228479 0.974843 7.227064E-07 
0 0 0 1 
0.9991609 0.03862014 0.01363407 4.358589E-07 
-0.04070826 0.9730391 0.2270191 0.2666135 
-0.004498968 -0.2273837 0.9737949 7.227064E-07 
0 0 0 1 
0.9991775 0.038153 0.01373542 4.358589E-07 
-0.04029418 0.9721751 0.2307637 0.2666135 
-0.004548907 -0.2311273 0.9729128 7.227064E-07 
0 0 0 1 
0.9991933 0.03771693 0.01379145 4.358589E-07 
-0.03989418 0.9716265 0.2331313 0.2666135 
-0.004607139 -0.2334934 0.9723475 7.227064E-07 
0 0 0 1 
0.9992077 0.03733548 0.01378298 4.358589E-07 
-0.03952323 0.9715443 0.233537 0.2666135 
-0.004671557 -0.2338967 0.9722502 7.227064E-07 
0 0 0 1 
0.9992203 0.03703149 0.01369056 4.358589E-07 
-0.03919569 0.9720702 0.2313938 0.2666135 
-0.004739328 -0.23175 0.9727638 7.227064E-07 
0 0 0 1 
0.9992315 0.03679343 0.01351637 4.358589E-07 
-0.03890121 0.9731752 0.2267521 0.2666135 
-0.004810806 -0.2271036 0.9738587 7.227064E-07 
0 0 0 1 
0.9992421 0.03659056 0.01328061 4.358589E-07 
-0.03861822 0.9746851 0.2202216 0.2666135 
-0.004886381 -0.2205675 0.9753594 7.227064E-07 
0 0 0 1 
0.9992523 0.0364158 0.01299037 4.358589E-07 
-0.03834354 0.9765062 0.2120504 0.2666135 
-0.004963194 -0.2123899 0.9771724 7.227064E-07 
0 0 0 1 
0.9992622 0.036262 0.01265276 4.358589E-07 
-0.03807409 0.9785445 0.2024869 0.2666135 
-0.00503871 -0.2028192 0.9792032 7.227064E-07 
0 0 0 1 
0.999272 0.03612224 0.01227509 4.358589E-07 
-0.03780707 0.9807092 0.191781 0.2666135 
-0.005110732 -0.1921054 0.981361 7.227064E-07 
0 0 0 1 
0.9992817 0.03599006 0.01186491 4.358589E-07 
-0.03754006 0.9829161 0.1801846 0.2666135 
-0.005177359 -0.1805006 0.9835613 7.227064E-07 
0 0 0 1 
0.9992915 0.03585963 0.01143012 4.358589E-07 
-0.0372711 0.9850903 0.1679522 0.2666135 
-0.005236996 -0.1682592 0.9857289 7.227064E-07 
0 0 0 1 
0.9993013 0.03572594 0.01097894 4.358589E-07 
-0.03699883 0.9871678 0.1553408 0.2666135 
-0.005288365 -0.1556385 0.9877999 7.227064E-07 
0 0 0 1 
0.9993113 0.03558479 0.01051995 4.358589E-07 
-0.03672237 0.9890975 0.1426099 0.2666135 
-0.005330514 -0.142898 0.9897231 7.227064E-07 
0 0 0 1 
0.9993214 0.03543296 0.01006202 4.358589E-07 
-0.03644145 0.9908413 0.1300211 0.2666135 
-0.00536283 -0.1302996 0.9914601 7.227064E-07 
0 0 0 1 
0.9993317 0.03526819 0.009614291 4.358589E-07 
-0.03615635 0.9923744 0.117838 0.2666135 
-0.005385044 -0.1181068 0.9929863 7.227064E-07 
0 0 0 1 
0.999342 0.03508908 0.009186107 4.358589E-07 
-0.03586778 0.9936842 0.106325 0.2666135 
-0.005397243 -0.1065845 0.994289 7.227064E-07 
0 0 0 1 
0.9993523 0.03489507 0.008786955 4.358589E-07 
-0.03557692 0.9947696 0.09574765 0.2666135 
-0.005399875 -0.09599825 0.9953669 7.227064E-07 
0 0 0 1 
0.9993627 0.03468625 0.008426396 4.358589E-07 
-0.03528523 0.9956379 0.08637154 0.2666135 
-0.005393735 -0.08661381 0.9962274 7.227064E-07 
0 0 0 1 
0.999373 0.03446319 0.00811401 4.358589E-07 
-0.03499435 0.9963027 0.0784622 0.2666135 
-0.005379953 -0.07869694 0.996884 7.227064E-07 
0 0 0 1 
0.9993832 0.0342267 0.007859346 4.358589E-07 
-0.03470602 0.99678 0.07228463 0.2666135 
-0.005359974 -0.07251281 0.9973531 7.227064E-07 
0 0 0 1 
0.999393 0.03398348 0.007665184 4.358589E-07 
-0.03442664 0.9970926 0.06797809 0.2666135 
-0.005332767 -0.06820071 0.9976574 7.227064E-07 
0 0 0 1 
0.9994023 0.03374044 0.007523638 4.358589E-07 
-0.03416072 0.9972769 0.06535872 0.2666135 
-0.005297918 -0.06557666 0.9978335 7.227064E-07 
0 0 0 1 
0.9994112 0.03349829 0.007428096 4.358589E-07 
-0.03390677 0.9973604 0.06420611 0.2666135 
-0.005257694 -0.06442016 0.997909 7.227064E-07 
0 0 0 1 
0.9994196 0.03325717 0.007371841 4.358589E-07 
-0.033663 0.9973627 0.06429926 0.2666135 
-0.005213988 -0.06451008 0.9979034 7.227064E-07 
0 0 0 1 
0.9994278 0.03301682 0.007348092 4.358589E-07 
-0.03342742 0.9972979 0.06541679 0.2666135 
-0.005168383 -0.06562498 0.997831 7.227064E-07 
0 0 0 1 
0.9994357 0.03277675 0.007350032 4.358589E-07 
-0.03319791 0.9971778 0.06733725 0.2666135 
-0.005122193 -0.06754325 0.9977032 7.227064E-07 
0 0 0 1 
0.9994434 0.03253639 0.007370835 4.358589E-07 
-0.03297233 0.9970132 0.06983897 0.2666135 
-0.005076511 -0.07004312 0.9975311 7.227064E-07 
0 0 0 1 
0.999451 0.03229517 0.007403676 4.358589E-07 
-0.03274858 0.996816 0.07270048 0.2666135 
-0.005032229 -0.07290301 0.9973263 7.227064E-07 
0 0 0 1 
0.9994585 0.0320526 0.007441755 4.358589E-07 
-0.03252458 0.9966 0.07570033 0.2666135 
-0.004990061 -0.07590137 0.9971029 7.227064E-07 
0 0 0 1 
0.999466 0.03180826 0.007478295 4.358589E-07 
-0.03229833 0.9963815 0.07861732 0.2666135 
-0.004950555 -0.07881687 0.9968768 7.227064E-07 
0 0 0 1 
0.9994736 0.03156187 0.007506547 4.358589E-07 
-0.03206792 0.9961793 0.08123039 0.2666135 
-0.004914084 -0.08142834 0.9966671 7.227064E-07 
0 0 0 1 
0.9994813 0.03131323 0.007519784 4.358589E-07 
-0.03183148 0.9960144 0.0833187 0.2666135 
-0.004880835 -0.08351483 0.9964946 7.227064E-07 
0 0 0 1 
0.9994892 0.03106217 0.007511292 4.358589E-07 
-0.03158715 0.9959089 0.08466148 0.2666135 
-0.004850793 -0.08485548 0.9963815 7.227064E-07 
0 0 0 1 
0.9994974 0.03080848 0.007474353 4.358589E-07 
-0.03133306 0.9958848 0.085038 0.2666135 
-0.004823704 -0.08522944 0.9963497 7.227064E-07 
0 0 0 1 
0.9995058 0.03055175 0.00740222 4.358589E-07 
-0.03106721 0.9959621 0.08422731 0.2666135 
-0.004799038 -0.08441564 0.9964191 7.227064E-07 
0 0 0 1 
0.9995145 0.0302913 0.007288083 4.358589E-07 
-0.03078749 0.996156 0.08200815 0.2666135 
-0.004775933 -0.08219271 0.996605 7.227064E-07 
0 0 0 1 
0.9995237 0.03002595 0.007125042 4.358589E-07 
-0.0304915 0.9964744 0.07815864 0.2666135 
-0.004753135 -0.07833865 0.9969155 7.227064E-07 
0 0 0 1 
0.9995334 0.02975379 0.006906073 4.358589E-07 
-0.03017646 0.9969149 0.07245608 0.2666135 
-0.004728925 -0.07263067 0.9973477 7.227064E-07 
0 0 0 1 
0.9995437 0.02947202 0.006624005 4.358589E-07 
-0.0298392 0.9974599 0.06467696 0.2666135 
-0.004701019 -0.0648451 0.9978843 7.227064E-07 
0 0 0 1 
0.999555 0.02917228 0.00623211 4.358589E-07 
-0.0294626 0.9981531 0.05312462 0.2666135 
-0.004670834 -0.05328459 0.9985684 7.227064E-07 
0 0 0 1 
0.9995676 0.02884316 0.005713752 4.358589E-07 
-0.02903618 0.9988855 0.03720885 0.2666135 
-0.004634163 -0.03735866 0.9992912 7.227064E-07 
0 0 0 1 
0.9995814 0.02847799 0.005107394 4.358589E-07 
-0.02856735 0.999423 0.01837072 0.2666135 
-0.004581287 -0.01850894 0.9998182 7.227064E-07 
0 0 0 1 
0.9995959 0.02807449 0.004452541 4.358589E-07 
-0.02806608 0.9996041 -0.001941181 0.2666135 
-0.004505276 0.001815431 0.9999882 7.227064E-07 
0 0 0 1 
0.9996108 0.02763662 0.003789638 4.358589E-07 
-0.02754559 0.9993723 -0.02227329 0.2666135 
-0.004402818 0.02216023 0.9997447 7.227064E-07 
0 0 0 1 
0.9996257 0.02717532 0.003159653 4.358589E-07 
-0.02702237 0.9987865 -0.0411722 0.2666135 
-0.004274687 0.0410714 0.9991471 7.227064E-07 
0 0 0 1 
0.9996399 0.02670801 0.00260354 4.358589E-07 
-0.02651555 0.9980111 -0.05718985 0.2666135 
-0.004125789 0.05710022 0.9983599 7.227064E-07 
0 0 0 1 
0.9996535 0.02624185 0.00208018 4.358589E-07 
-0.02602549 0.9970908 -0.07164241 0.2666135 
-0.003954158 0.07156345 0.9974282 7.227064E-07 
0 0 0 1 
0.9996668 0.02576542 0.001605186 4.358589E-07 
-0.02554003 0.9961478 -0.08388734 0.2666135 
-0.003760395 0.08381838 0.996474 7.227064E-07 
0 0 0 1 
0.9996795 0.0252822 0.001303752 4.358589E-07 
-0.02506392 0.9956664 -0.08955482 0.2666135 
-0.003562245 0.08949343 0.995981 7.227064E-07 
0 0 0 1 
0.9996918 0.02479369 0.001227044 4.358589E-07 
-0.02459485 0.9959528 -0.08644668 0.2666135 
-0.00336541 0.08638985 0.9962557 7.227064E-07 
0 0 0 1 
0.9997039 0.02429788 0.001306559 4.358589E-07 
-0.0241256 0.9967492 -0.0768691 0.2666135 
-0.003170068 0.07681481 0.9970403 7.227064E-07 
0 0 0 1 
0.9997157 0.02379567 0.001487582 4.358589E-07 
-0.0236541 0.9977196 -0.06321362 0.2666135 
-0.0029884 0.06316046 0.9979989 7.227064E-07 
0 0 0 1 
0.9997273 0.023289 0.001715274 4.358589E-07 
-0.02318022 0.9985841 -0.04787877 0.2666135 
-0.002827894 0.04782595 0.9988517 7.227064E-07 
0 0 0 1 
0.9997385 0.02278422 0.001934613 4.358589E-07 
-0.02270729 0.9991882 -0.03327272 0.2666135 
-0.002691136 0.03322008 0.9994444 7.227064E-07 
0 0 0 1 
0.9997493 0.02229282 0.002090599 4.358589E-07 
-0.02224199 0.9995146 -0.02180936 0.2666135 
-0.002575777 0.02175739 0.99976 7.227064E-07 
0 0 0 1 
0.9997594 0.02182952 0.002128417 4.358589E-07 
-0.02179297 0.9996359 -0.01590313 0.2666135 
-0.0024748 0.01585292 0.9998713 7.227064E-07 
0 0 0 1 
0.9997689 0.02140764 0.00199334 4.358589E-07 
-0.02136843 0.9996102 -0.01796598 0.2666135 
-0.002377173 0.01791923 0.9998366 7.227064E-07 
0 0 0 1 
0.9997776 0.0210305 0.001613733 4.358589E-07 
-0.02096882 0.9992773 -0.03170208 0.2666135 
-0.002279277 0.03166118 0.999496 7.227064E-07 
0 0 0 1 
0.9997858 0.02067116 0.001023032 4.358589E-07 
-0.0205819 0.99823 -0.0557948 0.2666135 
-0.002174564 0.05576179 0.9984418 7.227064E-07 
0 0 0 1 
0.9997939 0.02029856 0.0003251195 4.358589E-07 
-0.02019724 0.9961668 -0.08510956 0.2666135 
-0.002051475 0.08508544 0.9963716 7.227064E-07 
0 0 0 1 
0.9998019 0.01990137 -0.0003755502 4.358589E-07 
-0.01981344 0.9932234 -0.1145187 0.2666135 
-0.001906074 0.1145034 0.993421 7.227064E-07 
0 0 0 1 
0.9998095 0.01949361 -0.0009764391 4.358589E-07 
-0.01944018 0.9901095 -0.1389428 0.2666135 
-0.001741714 0.1389353 0.9902999 7.227064E-07 
0 0 0 1 
0.9998164 0.01910956 -0.001378694 4.358589E-07 
-0.0190949 0.9879841 -0.1533712 0.2666135 
-0.001568728 0.1533694 0.9881677 7.227064E-07 
0 0 0 1 
0.9998227 0.01876344 -0.001606185 4.358589E-07 
-0.01878047 0.9871419 -0.1587388 0.2666135 
-0.001392952 0.1587408 0.9873193 7.227064E-07 
0 0 0 1 
0.9998284 0.0184424 -0.001754762 4.358589E-07 
-0.01848588 0.9869875 -0.1597307 0.2666135 
-0.00121389 0.1597358 0.9871591 7.227064E-07 
0 0 0 1 
0.9998336 0.01814549 -0.001835383 4.358589E-07 
-0.01820861 0.9874328 -0.1569867 0.2666135 
-0.001036284 0.156994 0.987599 7.227064E-07 
0 0 0 1 
0.9998386 0.01786992 -0.00185864 4.358589E-07 
-0.01794553 0.9883494 -0.1511399 0.2666135 
-0.0008638707 0.1511488 0.9885107 7.227064E-07 
0 0 0 1 
0.9998432 0.01761183 -0.001834926 4.358589E-07 
-0.01769334 0.9895903 -0.1428208 0.2666135 
-0.0006995095 0.1428308 0.9897469 7.227064E-07 
0 0 0 1 
0.9998476 0.01736697 -0.001774583 4.358589E-07 
-0.01744888 0.9910079 -0.1326607 0.2666135 
-0.0005452879 0.1326714 0.9911599 7.227064E-07 
0 0 0 1 
0.9998518 0.01713118 -0.001688016 4.358589E-07 
-0.01720943 0.9924674 -0.1212936 0.2666135 
-0.0004026016 0.1213047 0.9926152 7.227064E-07 
0 0 0 1 
0.9998559 0.01690073 -0.001585764 4.358589E-07 
-0.01697278 0.9938575 -0.1093574 0.2666135 
-0.0002721976 0.1093686 0.9940012 7.227064E-07 
0 0 0 1 
0.9998599 0.01667259 -0.001478513 4.358589E-07 
-0.01673731 0.9950953 -0.09749403 0.2666135 
-0.0001542167 0.09750511 0.995235 7.227064E-07 
0 0 0 1 
0.9998638 0.01644451 -0.001377091 4.358589E-07 
-0.01650199 0.9961283 -0.08634846 0.2666135 
-4.819858E-05 0.08635942 0.996264 7.227064E-07 
0 0 0 1 
0.9998677 0.01621496 -0.001292422 4.358589E-07 
-0.01626632 0.9969316 -0.07656801 0.2666135 
4.690935E-05 0.07657889 0.9970635 7.227064E-07 
0 0 0 1 
0.9998715 0.01598297 -0.001235482 4.358589E-07 
-0.0160301 0.9975016 -0.06880088 0.2666135 
0.0001327533 0.06881184 0.9976296 7.227064E-07 
0 0 0 1 
0.9998752 0.01574777 -0.00121725 4.358589E-07 
-0.01579333 0.9978443 -0.06369526 0.2666135 
0.0002115675 0.06370653 0.9979687 7.227064E-07 
0 0 0 1 
0.9998789 0.01550991 -0.001230751 4.358589E-07 
-0.01555612 0.9980127 -0.06106136 0.2666135 
0.0002812489 0.06107312 0.9981332 7.227064E-07 
0 0 0 1 
0.9998826 0.01527124 -0.001259412 4.358589E-07 
-0.01531932 0.9980767 -0.06006739 0.2666135 
0.0003396864 0.06007963 0.9981935 7.227064E-07 
0 0 0 1 
0.9998862 0.01503283 -0.001299792 4.358589E-07 
-0.0150839 0.9980603 -0.06039758 0.2666135 
0.0003893247 0.06041031 0.9981735 7.227064E-07 
0 0 0 1 
0.9998896 0.01479565 -0.001348436 4.358589E-07 
-0.01485068 0.997982 -0.06173582 0.2666135 
0.000432293 0.06174903 0.9980916 7.227064E-07 
0 0 0 1 
0.999893 0.01456071 -0.001401887 4.358589E-07 
-0.01462047 0.9978577 -0.06376594 0.2666135 
0.0004704071 0.06377961 0.9979639 7.227064E-07 
0 0 0 1 
0.9998963 0.01432906 -0.001456695 4.358589E-07 
-0.01439406 0.9977044 -0.06617173 0.2666135 
0.0005051725 0.06618582 0.9978072 7.227064E-07 
0 0 0 1 
0.9998994 0.01410189 -0.001509416 4.358589E-07 
-0.01417224 0.997541 -0.06863711 0.2666135 
0.0005377916 0.06865159 0.9976406 7.227064E-07 
0 0 0 1 
0.9999024 0.01388044 -0.001556617 4.358589E-07 
-0.01395585 0.9973896 -0.07084624 0.2666135 
0.0005691767 0.07086105 0.9974861 7.227064E-07 
0 0 0 1 
0.9999053 0.01366607 -0.001594878 4.358589E-07 
-0.01374573 0.9972748 -0.07248346 0.2666135 
0.0005999676 0.07249852 0.9973683 7.227064E-07 
0 0 0 1 
0.9999081 0.01346017 -0.001620782 4.358589E-07 
-0.01354273 0.9972228 -0.0732332 0.2666135 
0.0006305494 0.07324841 0.9973135 7.227064E-07 
0 0 0 1 
0.9999107 0.01326412 -0.001630911 4.358589E-07 
-0.01334765 0.9972587 -0.07277984 0.2666135 
0.0006610798 0.07279511 0.9973467 7.227064E-07 
0 0 0 1 
0.9999132 0.01307922 -0.001621836 4.358589E-07 
-0.01316124 0.9974031 -0.07080746 0.2666135 
0.0006915178 0.07082265 0.9974887 7.227064E-07 
0 0 0 1 
0.9999154 0.01290656 -0.001590097 4.358589E-07 
-0.0129841 0.9976684 -0.06699948 0.2666135 
0.0007216562 0.06701445 0.9977518 7.227064E-07 
0 0 0 1 
0.9999176 0.01274693 -0.001532193 4.358589E-07 
-0.01281669 0.9980531 -0.06103854 0.2666135 
0.0007511557 0.06105314 0.9981343 7.227064E-07 
0 0 0 1 
0.9999195 0.01260261 -0.001438556 4.358589E-07 
-0.01266049 0.9985584 -0.05216001 0.2666135 
0.0007791304 0.05217402 0.9986377 7.227064E-07 
0 0 0 1 
0.9999214 0.01247264 -0.001306528 4.358589E-07 
-0.01251509 0.9991129 -0.04020771 0.2666135 
0.0008038728 0.04022089 0.9991905 7.227064E-07 
0 0 0 1 
0.9999231 0.01235251 -0.001142989 4.358589E-07 
-0.01237787 0.999591 -0.02577837 0.2666135 
0.0008240943 0.02579053 0.999667 7.227064E-07 
0 0 0 1 
0.9999247 0.01223798 -0.000954937 4.358589E-07 
-0.01224648 0.9998801 -0.009471691 0.2666135 
0.0008389081 0.009482671 0.9999547 7.227064E-07 
0 0 0 1 
0.9999262 0.01212539 -0.0007495026 4.358589E-07 
-0.01211892 0.9998936 0.008109432 0.2666135 
0.0008477529 -0.008099749 0.9999669 7.227064E-07 
0 0 0 1 
0.9999277 0.01201188 -0.000533936 4.358589E-07 
-0.01199364 0.9995805 0.02635965 0.2666135 
0.0008503411 -0.02635134 0.9996524 7.227064E-07 
0 0 0 1 
0.9999292 0.01189557 -0.0003155583 4.358589E-07 
-0.0118696 0.9989311 0.04467274 0.2666135 
0.0008466289 -0.04466583 0.9990016 7.227064E-07 
0 0 0 1 
0.9999307 0.01177562 -0.0001016943 4.358589E-07 
-0.01174629 0.9979793 0.06244349 0.2666135 
0.0008367997 -0.06243797 0.9980485 7.227064E-07 
0 0 0 1 
0.9999321 0.01165219 0.0001003936 4.358589E-07 
-0.01162365 0.9968013 0.07906953 0.2666135 
0.0008212608 -0.07906532 0.9968691 7.227064E-07 
0 0 0 1 
0.9999335 0.01152636 0.0002835626 4.358589E-07 
-0.01150201 0.9955102 0.09395277 0.2666135 
0.0008006437 -0.09394978 0.9955766 7.227064E-07 
0 0 0 1 
0.9999349 0.01139989 0.0004408159 4.358589E-07 
-0.01138201 0.9942475 0.1064998 0.2666135 
0.0007758068 -0.1064979 0.9943126 7.227064E-07 
0 0 0 1 
0.9999363 0.01127501 0.0005652927 4.358589E-07 
-0.01126438 0.9931711 0.1161214 0.2666135 
0.0007478381 -0.1161204 0.9932349 7.227064E-07 
0 0 0 1 
0.9999376 0.01115398 0.0006502165 4.358589E-07 
-0.01114982 0.9924391 0.1222304 0.2666135 
0.0007180551 -0.12223 0.9925016 7.227064E-07 
0 0 0 1 
0.9999388 0.01104034 0.0006994758 4.358589E-07 
-0.01104112 0.9920846 0.1250845 0.2666135 
0.0006870363 -0.1250846 0.9921458 7.227064E-07 
0 0 0 1 
0.9999399 0.01093586 0.0007234034 4.358589E-07 
-0.01094017 0.9920313 0.1255153 0.2666135 
0.0006549784 -0.1255156 0.9920914 7.227064E-07 
0 0 0 1 
0.999941 0.01083965 0.0007248531 4.358589E-07 
-0.010846 0.9922487 0.1237938 0.2666135 
0.0006226472 -0.1237943 0.9923077 7.227064E-07 
0 0 0 1 
0.9999419 0.01075053 0.0007066301 4.358589E-07 
-0.01075753 0.9926926 0.1201895 0.2666135 
0.0005906337 -0.1201901 0.9927507 7.227064E-07 
0 0 0 1 
0.9999429 0.01066711 0.0006715128 4.358589E-07 
-0.01067358 0.9933115 0.1149708 0.2666135 
0.0005593847 -0.1149714 0.9933686 7.227064E-07 
0 0 0 1 
0.9999437 0.01058793 0.000622271 4.358589E-07 
-0.01059299 0.9940502 0.1084062 0.2666135 
0.0005292281 -0.1084066 0.9941065 7.227064E-07 
0 0 0 1 
0.9999446 0.01051152 0.0005616813 4.358589E-07 
-0.01051462 0.9948547 0.1007642 0.2666135 
0.0005003942 -0.1007646 0.9949102 7.227064E-07 
0 0 0 1 
0.9999454 0.01043648 0.0004925386 4.358589E-07 
-0.01043738 0.9956751 0.09231456 0.2666135 
0.0004730308 -0.09231466 0.9957297 7.227064E-07 
0 0 0 1 
0.9999462 0.01036153 0.0004176623 4.358589E-07 
-0.0103603 0.9964683 0.08332755 0.2666135 
0.0004472137 -0.0833274 0.9965221 7.227064E-07 
0 0 0 1 
0.9999471 0.01028554 0.0003398969 4.358589E-07 
-0.01028246 0.9971996 0.07407477 0.2666135 
0.0004229542 -0.07407433 0.9972526 7.227064E-07 
0 0 0 1 
0.9999478 0.01020758 0.0002621097 4.358589E-07 
-0.0102031 0.9978442 0.06482859 0.2666135 
0.0004001982 -0.06482788 0.9978964 7.227064E-07 
0 0 0 1 
0.9999487 0.01012689 0.0001871853 4.358589E-07 
-0.01012153 0.9983871 0.05586226 0.2666135 
0.0003788273 -0.05586128 0.9984385 7.227064E-07 
0 0 0 1 
0.9999496 0.0100429 0.0001180191 4.358589E-07 
-0.01003719 0.9988232 0.04744941 0.2666135 
0.0003586493 -0.0474482 0.9988737 7.227064E-07 
0 0 0 1 
0.9999505 0.009955196 5.751004E-05 4.358589E-07 
-0.009949576 0.9991555 0.03986392 0.2666135 
0.0003393917 -0.03986251 0.9992051 7.227064E-07 
0 0 0 1 
0.9999514 0.009863494 8.555711E-06 4.358589E-07 
-0.009858284 0.9993941 0.03337974 0.2666135 
0.0003206904 -0.0333782 0.9994428 7.227064E-07 
0 0 0 1 
0.9999523 0.009767557 -2.595212E-05 4.358589E-07 
-0.00976292 0.9995525 0.02827062 0.2666135 
0.0003020754 -0.02826901 0.9996003 7.227064E-07 
0 0 0 1 
0.9999533 0.009667144 -4.312877E-05 4.358589E-07 
-0.009663099 0.9996454 0.02481 0.2666135 
0.0002829554 -0.02480842 0.9996922 7.227064E-07 
0 0 0 1 
0.9999543 0.00956045 -3.771526E-05 4.358589E-07 
-0.00955688 0.9996741 0.02366966 0.2666135 
0.0002639956 -0.02366822 0.9997199 7.227064E-07 
0 0 0 1 
0.9999554 0.009447183 -1.099135E-05 4.358589E-07 
-0.009444002 0.9996474 0.02481493 0.2666135 
0.0002454187 -0.02481372 0.9996921 7.227064E-07 
0 0 0 1 
0.9999565 0.0093292 3.010831E-05 4.358589E-07 
-0.00932651 0.9995794 0.02745871 0.2666135 
0.0002260722 -0.0274578 0.9996229 7.227064E-07 
0 0 0 1 
0.9999576 0.009208363 7.864848E-05 4.358589E-07 
-0.009206415 0.9994827 0.03081382 0.2666135 
0.0002051371 -0.03081324 0.9995251 7.227064E-07 
0 0 0 1 
0.9999587 0.009086723 0.0001276979 4.358589E-07 
-0.009085795 0.9993773 0.03409328 0.2666135 
0.0001821779 -0.03409303 0.9994187 7.227064E-07 
0 0 0 1 
0.9999598 0.008966572 0.0001703334 4.358589E-07 
-0.008966812 0.999293 0.03651041 0.2666135 
0.0001571602 -0.03651047 0.9993333 7.227064E-07 
0 0 0 1 
0.9999608 0.008850368 0.0001996402 4.358589E-07 
-0.008851659 0.9992657 0.03727876 0.2666135 
0.0001304372 -0.03727907 0.9993049 7.227064E-07 
0 0 0 1 
0.9999618 0.008740593 0.0002087039 4.358589E-07 
-0.008742481 0.9993274 0.03561177 0.2666135 
0.0001027044 -0.03561223 0.9993657 7.227064E-07 
0 0 0 1 
0.9999627 0.00863947 0.0001905977 4.358589E-07 
-0.008641248 0.9994906 0.0307222 0.2666135 
7.492295E-05 -0.0307227 0.9995279 7.227064E-07 
0 0 0 1 
0.9999635 0.008546942 0.0001396139 4.358589E-07 
-0.008547955 0.9997259 0.0217944 0.2666135 
4.669978E-05 -0.02179479 0.9997625 7.227064E-07 
0 0 0 1 
0.9999642 0.008459725 5.952379E-05 4.358589E-07 
-0.008459916 0.9999221 0.009168509 0.2666135 
1.804392E-05 -0.009168684 0.999958 7.227064E-07 
0 0 0 1 
0.999965 0.008374784 -4.235852E-05 4.358589E-07 
-0.008374887 0.9999456 -0.006207602 0.2666135 
-9.631114E-06 0.006207738 0.9999807 7.227064E-07 
0 0 0 1 
0.9999656 0.008289468 -0.0001586509 4.358589E-07 
-0.008290911 0.9996921 -0.02338277 0.2666135 
-3.52287E-05 0.02338328 0.9997266 7.227064E-07 
0 0 0 1 
0.9999663 0.008201849 -0.0002819211 4.358589E-07 
-0.008206489 0.9991087 -0.04140351 0.2666135 
-5.791544E-05 0.04140442 0.9991425 7.227064E-07 
0 0 0 1 
0.999967 0.00811092 -0.0004047363 4.358589E-07 
-0.008120647 0.9982061 -0.05931633 0.2666135 
-7.70997E-05 0.05931766 0.9982392 7.227064E-07 
0 0 0 1 
0.9999678 0.008016651 -0.000519726 4.358589E-07 
-0.00803295 0.9970624 -0.07617071 0.2666135 
-9.243486E-05 0.07617242 0.9970946 7.227064E-07 
0 0 0 1 
0.9999685 0.00791992 -0.0006196349 4.358589E-07 
-0.007943444 0.9958172 -0.09102156 0.2666135 
-0.0001038404 0.09102361 0.9958487 7.227064E-07 
0 0 0 1 
0.9999692 0.007822274 -0.0006973436 4.358589E-07 
-0.007852505 0.9946575 -0.1029302 0.2666135 
-0.0001115304 0.1029325 0.9946883 7.227064E-07 
0 0 0 1 
0.9999699 0.007725582 -0.0007458386 4.358589E-07 
-0.007760634 0.9937941 -0.1109632 0.2666135 
-0.0001160452 0.1109656 0.9938242 7.227064E-07 
0 0 0 1 
0.9999706 0.007633398 -0.0007523486 4.358589E-07 
-0.007669499 0.993543 -0.1131957 0.2666135 
-0.0001165768 0.1131981 0.9935724 7.227064E-07 
0 0 0 1 
0.9999713 0.00754666 -0.0007196686 4.358589E-07 
-0.007580039 0.9939137 -0.1098998 0.2666135 
-0.0001140878 0.1099021 0.9939424 7.227064E-07 
0 0 0 1 
0.9999719 0.007462648 -0.000664075 4.358589E-07 
-0.007491309 0.9946079 -0.1034351 0.2666135 
-0.0001114058 0.1034372 0.994636 7.227064E-07 
0 0 0 1 
0.9999726 0.007378867 -0.0006018844 4.358589E-07 
-0.007402549 0.995338 -0.09616278 0.2666135 
-0.0001104939 0.09616459 0.9953654 7.227064E-07 
0 0 0 1 
0.9999732 0.007293731 -0.0005495501 4.358589E-07 
-0.00731354 0.9958741 -0.09044991 0.2666135 
-0.0001124346 0.0904515 0.9959009 7.227064E-07 
0 0 0 1 
0.9999739 0.007206459 -0.0005236276 4.358589E-07 
-0.007224503 0.996035 -0.08866818 0.2666135 
-0.0001174322 0.08866964 0.9960611 7.227064E-07 
0 0 0 1 
0.9999745 0.007116184 -0.0005406482 4.358589E-07 
-0.0071356 0.9956229 -0.0931875 0.2666135 
-0.0001248577 0.09318898 0.9956484 7.227064E-07 
0 0 0 1 
0.9999751 0.00702425 -0.0006058547 4.358589E-07 
-0.007049039 0.9944494 -0.1049792 0.2666135 
-0.0001349083 0.1049809 0.9944742 7.227064E-07 
0 0 0 1 
0.9999757 0.00693073 -0.0007073658 4.358589E-07 
-0.006965186 0.9924458 -0.1224854 0.2666135 
-0.0001468908 0.1224873 0.9924701 7.227064E-07 
0 0 0 1 
0.9999763 0.006831804 -0.000835783 4.358589E-07 
-0.006880911 0.9895145 -0.1442692 0.2666135 
-0.0001585999 0.1442716 0.9895381 7.227064E-07 
0 0 0 1 
0.9999769 0.006724278 -0.0009816468 4.358589E-07 
-0.006793473 0.9856112 -0.1688912 0.2666135 
-0.0001681495 0.168894 0.9856342 7.227064E-07 
0 0 0 1 
0.9999775 0.00660624 -0.001135604 4.358589E-07 
-0.006700878 0.9807966 -0.1949178 0.2666135 
-0.0001738775 0.194921 0.9808189 7.227064E-07 
0 0 0 1 
0.9999782 0.00647744 -0.001288615 4.358589E-07 
-0.006602073 0.9752666 -0.220933 0.2666135 
-0.0001743376 0.2209367 0.9752882 7.227064E-07 
0 0 0 1 
0.9999789 0.006339414 -0.001432156 4.358589E-07 
-0.006496991 0.9693623 -0.2455491 0.2666135 
-0.0001683596 0.2455532 0.9693831 7.227064E-07 
0 0 0 1 
0.9999796 0.006195344 -0.001558356 4.358589E-07 
-0.006386447 0.9635605 -0.267414 0.2666135 
-0.0001551522 0.2674185 0.9635805 7.227064E-07 
0 0 0 1 
0.9999803 0.006049688 -0.001659999 4.358589E-07 
-0.006271863 0.958444 -0.2852115 0.2666135 
-0.0001344247 0.2852163 0.9584631 7.227064E-07 
0 0 0 1 
0.999981 0.005907595 -0.001730356 4.358589E-07 
-0.006154873 0.9546546 -0.2976517 0.2666135 
-0.0001065134 0.2976567 0.9546729 7.227064E-07 
0 0 0 1 
0.9999818 0.005774128 -0.001762811 4.358589E-07 
-0.006036787 0.952828 -0.3034507 0.2666135 
-7.250766E-05 0.3034558 0.9528455 7.227064E-07 
0 0 0 1 
0.9999825 0.005652067 -0.001753639 4.358589E-07 
-0.005917771 0.9533893 -0.3016846 0.2666135 
-3.324055E-05 0.3016896 0.9534062 7.227064E-07 
0 0 0 1 
0.9999832 0.005539012 -0.001708426 4.358589E-07 
-0.00579649 0.9560226 -0.2932355 0.2666135 
