<?xml version="1.0" encoding="utf-8"?>
<COLLADA xmlns:xsi="http://www.w3.org/2001/XMLSchema-instance" xmlns:xsd="http://www.w3.org/2001/XMLSchema" version="1.4.1" xmlns="http://www.collada.org/2005/11/COLLADASchema">
  <asset>
    <created>2017-06-01T10:06:18.5191892+03:00</created>
    <modified>2017-06-01T10:06:18.5191892+03:00</modified>
    <unit meter="1" name="meter" />
    <up_axis>Y_UP</up_axis>
    <contributor>
      <authoring_tool>Skele: Character Animation Tools</authoring_tool>
      <comments>https://www.assetstore.unity3d.com/en/#!/content/16899</comments>
    </contributor>
    <revision>1.0</revision>
  </asset>
  <library_animation_clips>
    <animation_clip name="KamaraPickUpItem" start="0" end="1.25">
      <instance_animation url="KamaraPickUpItem_0" />
    </animation_clip>
  </library_animation_clips>
  <library_animations>
    <animation id="KamaraPickUpItem_0" name="KamaraPickUpItem">
      <animation id="Chest_0_0-anim" name="Chest_0_0">
        <source id="Chest_0_0-Matrix-animation-input">
          <float_array id="Chest_0_0-Matrix-animation-input-array" count="76">0
0.01666667
0.03333334
0.05
0.06666667
0.08333334
0.1
0.1166667
0.1333333
0.15
0.1666667
0.1833333
0.2
0.2166667
0.2333333
0.25
0.2666667
0.2833334
0.3
0.3166667
0.3333334
0.3500001
0.3666668
0.3833334
0.4000001
0.4166668
0.4333335
0.4500002
0.4666668
0.4833335
0.5000002
0.5166668
0.5333335
0.5500001
0.5666668
0.5833334
0.6000001
0.6166667
0.6333334
0.65
0.6666667
0.6833333
0.7
0.7166666
0.7333333
0.7499999
0.7666666
0.7833332
0.7999999
0.8166665
0.8333332
0.8499998
0.8666665
0.8833331
0.8999998
0.9166664
0.9333331
0.9499997
0.9666664
0.9833331
0.9999997
1.016666
1.033333
1.05
1.066666
1.083333
1.1
1.116666
1.133333
1.15
1.166666
1.183333
1.2
1.216666
1.233333
1.25
</float_array>
          <technique_common>
            <accessor count="76" offset="0" source="#Chest_0_0-Matrix-animation-input-array" stride="1">
              <param name="TIME" type="float" />
            </accessor>
          </technique_common>
        </source>
        <source id="Chest_0_0-Matrix-animation-output-transform">
          <float_array id="Chest_0_0-Matrix-animation-output-transform-array" count="1216">1 0 0 3.874301E-07 
0 0.9793311 -0.2022633 0.2666115 
0 0.2022633 0.9793312 7.686892E-07 
0 0 0 1 
1 0 0 3.874301E-07 
0 0.9784256 -0.206599 0.2666115 
0 0.206599 0.9784257 7.686892E-07 
0 0 0 1 
1 0 0 3.874301E-07 
0 0.9774562 -0.211138 0.2666116 
0 0.211138 0.9774563 7.686892E-07 
0 0 0 1 
1 0 0 3.874301E-07 
0 0.9764239 -0.2158619 0.2666116 
0 0.2158618 0.9764239 7.686892E-07 
0 0 0 1 
1 0 0 3.874301E-07 
0 0.9753299 -0.2207521 0.2666116 
0 0.2207521 0.9753299 7.686892E-07 
0 0 0 1 
1 0 0 3.874301E-07 
0 0.9741759 -0.2257902 0.2666116 
0 0.2257902 0.9741759 7.686892E-07 
0 0 0 1 
1 0 0 3.874301E-07 
0 0.9729637 -0.2309579 0.2666116 
0 0.2309579 0.9729638 7.686892E-07 
0 0 0 1 
1 0 0 3.874301E-07 
0 0.9716954 -0.2362369 0.2666117 
0 0.2362369 0.9716955 7.686892E-07 
0 0 0 1 
1 0 0 3.874301E-07 
0 0.9703736 -0.2416089 0.2666117 
0 0.2416089 0.9703737 7.686892E-07 
0 0 0 1 
1 0 0 3.874301E-07 
0 0.9690012 -0.2470558 0.2666117 
0 0.2470557 0.9690013 7.686892E-07 
0 0 0 1 
1 0 0 3.874301E-07 
0 0.9675814 -0.2525593 0.2666117 
0 0.2525592 0.9675815 7.686892E-07 
0 0 0 1 
1 0 0 3.874301E-07 
0 0.9661177 -0.2581015 0.2666117 
0 0.2581015 0.9661178 7.686892E-07 
0 0 0 1 
1 0 0 3.874301E-07 
0 0.9646144 -0.2636645 0.2666118 
0 0.2636645 0.9646145 7.686892E-07 
0 0 0 1 
1 0 0 3.874301E-07 
0 0.9630758 -0.2692303 0.2666118 
0 0.2692303 0.9630758 7.686892E-07 
0 0 0 1 
1 0 0 3.874301E-07 
0 0.9615067 -0.2747814 0.2666118 
0 0.2747814 0.9615067 7.686892E-07 
0 0 0 1 
1 0 0 3.874301E-07 
0 0.9599124 -0.2803001 0.2666118 
0 0.2803001 0.9599124 7.686892E-07 
0 0 0 1 
1 0 0 3.874301E-07 
0 0.9582985 -0.2857689 0.2666118 
0 0.2857688 0.9582986 7.686891E-07 
0 0 0 1 
1 0 0 3.874301E-07 
0 0.9566712 -0.2911704 0.2666118 
0 0.2911704 0.9566712 7.686891E-07 
0 0 0 1 
1 0 0 3.874301E-07 
0 0.9550367 -0.2964874 0.2666119 
0 0.2964874 0.9550368 7.686891E-07 
0 0 0 1 
1 0 0 3.874301E-07 
0 0.953402 -0.3017027 0.2666119 
0 0.3017027 0.953402 7.686891E-07 
0 0 0 1 
1 0 0 3.874301E-07 
0 0.9517741 -0.3067995 0.2666119 
0 0.3067994 0.9517742 7.686891E-07 
0 0 0 1 
1 0 0 3.874301E-07 
0 0.9501606 -0.3117608 0.2666119 
0 0.3117608 0.9501606 7.686891E-07 
0 0 0 1 
1 0 0 3.874301E-07 
0 0.9485691 -0.31657 0.2666119 
0 0.3165699 0.9485692 7.686891E-07 
0 0 0 1 
1 0 0 3.874301E-07 
0 0.9470078 -0.3212102 0.266612 
0 0.3212102 0.9470079 7.686891E-07 
0 0 0 1 
1 0 0 3.874301E-07 
0 0.9454851 -0.3256653 0.266612 
0 0.3256652 0.9454851 7.686891E-07 
0 0 0 1 
1 0 0 3.874301E-07 
0 0.9440094 -0.3299185 0.266612 
0 0.3299185 0.9440094 7.686891E-07 
0 0 0 1 
1 0 0 3.874301E-07 
0 0.9425894 -0.3339537 0.266612 
0 0.3339537 0.9425895 7.686891E-07 
0 0 0 1 
1 0 0 3.874301E-07 
0 0.9412341 -0.3377547 0.266612 
0 0.3377546 0.9412342 7.686891E-07 
0 0 0 1 
1 0 0 3.874301E-07 
0 0.9399524 -0.3413052 0.266612 
0 0.3413052 0.9399525 7.686891E-07 
0 0 0 1 
1 0 0 3.874301E-07 
0 0.9387535 -0.3445892 0.266612 
0 0.3445891 0.9387536 7.686891E-07 
0 0 0 1 
1 0 0 3.874301E-07 
0 0.9376464 -0.3475905 0.2666121 
0 0.3475905 0.9376464 7.686891E-07 
0 0 0 1 
1 0 0 3.874301E-07 
0 0.9366401 -0.3502931 0.2666121 
0 0.3502931 0.9366401 7.686891E-07 
0 0 0 1 
1 0 0 3.874301E-07 
0 0.9357436 -0.352681 0.2666121 
0 0.352681 0.9357436 7.686891E-07 
0 0 0 1 
1 0 0 3.874301E-07 
0 0.9349657 -0.354738 0.2666121 
0 0.3547379 0.9349658 7.686891E-07 
0 0 0 1 
1 0 0 3.874301E-07 
0 0.9343152 -0.3564478 0.2666121 
0 0.3564478 0.9343153 7.686891E-07 
0 0 0 1 
1 0 0 3.874301E-07 
0 0.9338003 -0.3577943 0.2666121 
0 0.3577943 0.9338004 7.686891E-07 
0 0 0 1 
1 0 0 3.874301E-07 
0 0.9334294 -0.3587611 0.2666121 
0 0.358761 0.9334294 7.686891E-07 
0 0 0 1 
1 0 0 3.874301E-07 
0 0.9332098 -0.3593317 0.2666121 
0 0.3593317 0.9332099 7.686891E-07 
0 0 0 1 
1 0 0 3.874301E-07 
0 0.9331492 -0.3594893 0.2666121 
0 0.3594892 0.9331492 7.686891E-07 
0 0 0 1 
1 0 0 3.874301E-07 
0 0.9332539 -0.3592171 0.2666121 
0 0.359217 0.933254 7.686891E-07 
0 0 0 1 
1 0 0 3.874301E-07 
0 0.9335215 -0.3585212 0.2666121 
0 0.3585212 0.9335216 7.686891E-07 
0 0 0 1 
1 0 0 3.874301E-07 
0 0.933944 -0.3574193 0.2666121 
0 0.3574192 0.933944 7.686891E-07 
0 0 0 1 
1 0 0 3.874301E-07 
0 0.9345131 -0.3559286 0.2666121 
0 0.3559285 0.9345132 7.686891E-07 
0 0 0 1 
1 0 0 3.874301E-07 
0 0.9352203 -0.3540663 0.2666121 
0 0.3540663 0.9352204 7.686891E-07 
0 0 0 1 
1 0 0 3.874301E-07 
0 0.9360565 -0.3518496 0.2666121 
0 0.3518496 0.9360566 7.686891E-07 
0 0 0 1 
1 0 0 3.874301E-07 
0 0.9370125 -0.3492956 0.2666121 
0 0.3492956 0.9370126 7.686891E-07 
0 0 0 1 
1 0 0 3.874301E-07 
0 0.938079 -0.3464212 0.266612 
0 0.3464212 0.9380791 7.686891E-07 
0 0 0 1 
1 0 0 3.874301E-07 
0 0.9392465 -0.3432434 0.266612 
0 0.3432433 0.9392465 7.686891E-07 
0 0 0 1 
1 0 0 3.874301E-07 
0 0.9405052 -0.339779 0.266612 
0 0.339779 0.9405053 7.686891E-07 
0 0 0 1 
1 0 0 3.874301E-07 
0 0.9418458 -0.3360452 0.266612 
0 0.3360451 0.9418459 7.686891E-07 
0 0 0 1 
1 0 0 3.874301E-07 
0 0.9432586 -0.3320589 0.266612 
0 0.3320588 0.9432586 7.686891E-07 
0 0 0 1 
1 0 0 3.874301E-07 
0 0.9447342 -0.3278371 0.266612 
0 0.3278371 0.9447343 7.686891E-07 
0 0 0 1 
1 0 0 3.874301E-07 
0 0.9462633 -0.3233971 0.266612 
0 0.3233971 0.9462634 7.686891E-07 
0 0 0 1 
1 0 0 3.874301E-07 
0 0.9478367 -0.3187561 0.2666119 
0 0.318756 0.9478368 7.686891E-07 
0 0 0 1 
1 0 0 3.874301E-07 
0 0.9494456 -0.3139315 0.2666119 
0 0.3139314 0.9494457 7.686891E-07 
0 0 0 1 
1 0 0 3.874301E-07 
0 0.9510813 -0.3089406 0.2666119 
0 0.3089406 0.9510813 7.686891E-07 
0 0 0 1 
1 0 0 3.874301E-07 
0 0.9527354 -0.3038012 0.2666119 
0 0.3038012 0.9527354 7.686891E-07 
0 0 0 1 
1 0 0 3.874301E-07 
0 0.9543999 -0.2985309 0.2666119 
0 0.2985308 0.9544 7.686891E-07 
0 0 0 1 
1 0 0 3.874301E-07 
0 0.9560671 -0.2931476 0.2666118 
0 0.2931476 0.9560672 7.686891E-07 
0 0 0 1 
1 0 0 3.874301E-07 
0 0.9577298 -0.2876693 0.2666118 
0 0.2876692 0.9577298 7.686891E-07 
0 0 0 1 
1 0 0 3.874301E-07 
0 0.9593808 -0.2821141 0.2666118 
0 0.2821141 0.9593809 7.686891E-07 
0 0 0 1 
1 0 0 3.874301E-07 
0 0.9610138 -0.2765003 0.2666118 
0 0.2765002 0.9610139 7.686892E-07 
0 0 0 1 
1 0 0 3.874301E-07 
0 0.9626226 -0.2708462 0.2666118 
0 0.2708461 0.9626226 7.686892E-07 
0 0 0 1 
1 0 0 3.874301E-07 
0 0.9642015 -0.2651705 0.2666118 
0 0.2651705 0.9642016 7.686892E-07 
0 0 0 1 
1 0 0 3.874301E-07 
0 0.9657453 -0.2594917 0.2666117 
0 0.2594916 0.9657453 7.686892E-07 
0 0 0 1 
1 0 0 3.874301E-07 
0 0.9672492 -0.2538286 0.2666117 
0 0.2538286 0.9672492 7.686892E-07 
0 0 0 1 
1 0 0 3.874301E-07 
0 0.9687087 -0.2482003 0.2666117 
0 0.2482002 0.9687088 7.686892E-07 
0 0 0 1 
1 0 0 3.874301E-07 
0 0.97012 -0.2426255 0.2666117 
0 0.2426255 0.97012 7.686892E-07 
0 0 0 1 
1 0 0 3.874301E-07 
0 0.9714795 -0.2371234 0.2666117 
0 0.2371234 0.9714795 7.686892E-07 
0 0 0 1 
1 0 0 3.874301E-07 
0 0.9727841 -0.2317132 0.2666116 
0 0.2317132 0.9727842 7.686892E-07 
0 0 0 1 
1 0 0 3.874301E-07 
0 0.974031 -0.2264142 0.2666116 
0 0.2264142 0.9740311 7.686892E-07 
0 0 0 1 
1 0 0 3.874301E-07 
0 0.9752181 -0.2212455 0.2666116 
0 0.2212455 0.9752181 7.686892E-07 
0 0 0 1 
1 0 0 3.874301E-07 
0 0.9763431 -0.2162267 0.2666116 
0 0.2162267 0.9763432 7.686892E-07 
0 0 0 1 
1 0 0 3.874301E-07 
0 0.9774045 -0.2113771 0.2666116 
0 0.2113771 0.9774046 7.686892E-07 
0 0 0 1 
1 0 0 3.874301E-07 
0 0.9784009 -0.2067162 0.2666115 
0 0.2067162 0.9784009 7.686892E-07 
0 0 0 1 
1 0 0 3.874301E-07 
0 0.9793311 -0.2022634 0.2666115 
0 0.2022634 0.9793311 7.686892E-07 
0 0 0 1 
</float_array>
          <technique_common>
            <accessor count="76" offset="0" source="#Chest_0_0-Matrix-animation-output-transform-array" stride="16">
              <param type="float4x4" />
            </accessor>
          </technique_common>
        </source>
        <source id="Chest_0_0-Interpolations">
          <Name_array id="Chest_0_0-Interpolations-array" count="76">LINEAR
LINEAR
LINEAR
LINEAR
LINEAR
LINEAR
LINEAR
LINEAR
LINEAR
LINEAR
LINEAR
LINEAR
LINEAR
LINEAR
LINEAR
LINEAR
LINEAR
LINEAR
LINEAR
LINEAR
LINEAR
LINEAR
LINEAR
LINEAR
LINEAR
LINEAR
LINEAR
LINEAR
LINEAR
LINEAR
LINEAR
LINEAR
LINEAR
LINEAR
LINEAR
LINEAR
LINEAR
LINEAR
LINEAR
LINEAR
LINEAR
LINEAR
LINEAR
LINEAR
LINEAR
LINEAR
LINEAR
LINEAR
LINEAR
LINEAR
LINEAR
LINEAR
LINEAR
LINEAR
LINEAR
LINEAR
LINEAR
LINEAR
LINEAR
LINEAR
LINEAR
LINEAR
LINEAR
LINEAR
LINEAR
LINEAR
LINEAR
LINEAR
LINEAR
LINEAR
LINEAR
LINEAR
LINEAR
LINEAR
LINEAR
LINEAR</Name_array>
          <technique_common>
            <accessor count="76" offset="0" source="#Chest_0_0-Interpolations-array" stride="1">
              <param type="name" />
            </accessor>
          </technique_common>
        </source>
        <sampler id="Chest_0_0-Matrix-animation-transform">
          <input semantic="INPUT" source="#Chest_0_0-Matrix-animation-input" />
          <input semantic="OUTPUT" source="#Chest_0_0-Matrix-animation-output-transform" />
          <input semantic="INTERPOLATION" source="#Chest_0_0-Interpolations" />
        </sampler>
        <channel source="#Chest_0_0-Matrix-animation-transform" target="Chest/matrix" />
      </animation>
      <animation id="LeftUpperArm_0_1-anim" name="LeftUpperArm_0_1">
        <source id="LeftUpperArm_0_1-Matrix-animation-input">
          <float_array id="LeftUpperArm_0_1-Matrix-animation-input-array" count="76">0
0.01666667
0.03333334
0.05
0.06666667
0.08333334
0.1
0.1166667
0.1333333
0.15
0.1666667
0.1833333
0.2
0.2166667
0.2333333
0.25
0.2666667
0.2833334
0.3
0.3166667
0.3333334
0.3500001
0.3666668
0.3833334
0.4000001
0.4166668
0.4333335
0.4500002
0.4666668
0.4833335
0.5000002
0.5166668
0.5333335
0.5500001
0.5666668
0.5833334
0.6000001
0.6166667
0.6333334
0.65
0.6666667
0.6833333
0.7
0.7166666
0.7333333
0.7499999
0.7666666
0.7833332
0.7999999
0.8166665
0.8333332
0.8499998
0.8666665
0.8833331
0.8999998
0.9166664
0.9333331
0.9499997
0.9666664
0.9833331
0.9999997
1.016666
1.033333
1.05
1.066666
1.083333
1.1
1.116666
1.133333
1.15
1.166666
1.183333
1.2
1.216666
1.233333
1.25
</float_array>
          <technique_common>
            <accessor count="76" offset="0" source="#LeftUpperArm_0_1-Matrix-animation-input-array" stride="1">
              <param name="TIME" type="float" />
            </accessor>
          </technique_common>
        </source>
        <source id="LeftUpperArm_0_1-Matrix-animation-output-transform">
          <float_array id="LeftUpperArm_0_1-Matrix-animation-output-transform-array" count="1216">0.3297113 0.1370517 0.934081 0.1937947 
-0.05955696 -0.984417 0.1654595 0.2713284 
0.9422014 -0.1101849 -0.3164109 7.221822E-07 
0 0 0 1 
0.3287956 0.1402682 0.9339262 0.1937947 
-0.05320552 -0.9845868 0.1666083 0.2713283 
0.9429011 -0.1044701 -0.3162647 6.960456E-07 
0 0 0 1 
0.3278067 0.143632 0.9337628 0.1937947 
-0.04655005 -0.9847198 0.167812 0.2713282 
0.9435973 -0.0984766 -0.3161116 6.686573E-07 
0 0 0 1 
0.3267437 0.1471286 0.9335908 0.1937946 
-0.03961729 -0.9848084 0.1690656 0.2713281 
0.9442824 -0.09222747 -0.315951 6.401247E-07 
0 0 0 1 
0.3256074 0.1507437 0.9334111 0.1937946 
-0.03243379 -0.9848473 0.1703645 0.271328 
0.9449486 -0.08574603 -0.3157843 6.10555E-07 
0 0 0 1 
0.3243983 0.1544632 0.933224 0.1937946 
-0.02502573 -0.9848311 0.1717041 0.2713279 
0.9455895 -0.07905513 -0.3156118 5.800557E-07 
0 0 0 1 
0.3231175 0.1582726 0.9330301 0.1937946 
-0.01742002 -0.9847543 0.1730793 0.2713277 
0.9461986 -0.07217838 -0.3154341 5.487337E-07 
0 0 0 1 
0.3217668 0.1621577 0.9328297 0.1937946 
-0.00964345 -0.9846129 0.1744857 0.2713276 
0.9467699 -0.06513939 -0.3152518 5.166966E-07 
0 0 0 1 
0.3203478 0.1661044 0.9326237 0.1937946 
-0.001722537 -0.9844038 0.1759183 0.2713275 
0.9472985 -0.05796153 -0.3150654 4.840515E-07 
0 0 0 1 
0.3188637 0.1700986 0.9324121 0.1937946 
0.006315401 -0.9841237 0.1773725 0.2713273 
0.9477796 -0.05066909 -0.3148755 4.509058E-07 
0 0 0 1 
0.3173173 0.1741266 0.9321963 0.1937945 
0.01444429 -0.9837718 0.1788436 0.2713272 
0.9482095 -0.04328525 -0.3146828 4.173667E-07 
0 0 0 1 
0.3157119 0.1781743 0.9319763 0.1937945 
0.02263682 -0.9833465 0.1803268 0.271327 
0.948585 -0.03583435 -0.3144875 3.835415E-07 
0 0 0 1 
0.3140526 0.1822283 0.9317531 0.1937945 
0.03086627 -0.982848 0.1818175 0.2713269 
0.9489037 -0.02834053 -0.3142906 3.495375E-07 
0 0 0 1 
0.3123439 0.1862751 0.9315273 0.1937945 
0.03910642 -0.9822772 0.1833109 0.2713268 
0.9491639 -0.02082733 -0.3140928 3.15462E-07 
0 0 0 1 
0.3105913 0.1903015 0.9312994 0.1937945 
0.04733042 -0.9816356 0.1848023 0.2713266 
0.9493645 -0.01331917 -0.3138944 2.814222E-07 
0 0 0 1 
0.3088009 0.1942943 0.9310703 0.1937945 
0.05551152 -0.9809263 0.186287 0.2713265 
0.9495054 -0.005840452 -0.3136964 2.475255E-07 
0 0 0 1 
0.306979 0.1982409 0.9308408 0.1937944 
0.06362396 -0.9801525 0.1877603 0.2713263 
0.9495873 0.001585327 -0.313499 2.138791E-07 
0 0 0 1 
0.3051329 0.2021285 0.9306116 0.1937944 
0.07164106 -0.9793186 0.1892175 0.2713262 
0.9496111 0.008933516 -0.313303 1.805903E-07 
0 0 0 1 
0.3032708 0.2059448 0.9303837 0.1937944 
0.07953653 -0.9784303 0.190654 0.2713261 
0.9495793 0.0161797 -0.3131094 1.477665E-07 
0 0 0 1 
0.3014002 0.2096778 0.9301576 0.1937944 
0.08728524 -0.977493 0.192065 0.2713259 
0.9494942 0.02330059 -0.3129183 1.155147E-07 
0 0 0 1 
0.2995302 0.2133156 0.9299346 0.1937944 
0.09486053 -0.9765147 0.193446 0.2713258 
0.9493594 0.03027119 -0.3127308 8.394244E-08 
0 0 0 1 
0.2976699 0.2168466 0.9297152 0.1937944 
0.1022376 -0.975502 0.1947921 0.2713257 
0.9491786 0.0370681 -0.3125473 5.31569E-08 
0 0 0 1 
0.2958288 0.2202596 0.9295006 0.1937944 
0.1093905 -0.9744639 0.1960989 0.2713256 
0.948957 0.04366687 -0.3123686 2.326539E-08 
0 0 0 1 
0.2940171 0.2235433 0.9292915 0.1937943 
0.1162945 -0.9734089 0.1973615 0.2713254 
0.9486989 0.05004388 -0.3121957 -5.624827E-09 
0 0 0 1 
0.292245 0.2266869 0.9290889 0.1937943 
0.1229244 -0.9723468 0.1985753 0.2713253 
0.9484105 0.05617511 -0.3120288 -3.340642E-08 
0 0 0 1 
0.290523 0.2296798 0.9288938 0.1937943 
0.1292554 -0.9712875 0.1997358 0.2713252 
0.9480978 0.06203675 -0.3118685 -5.997219E-08 
0 0 0 1 
0.2888624 0.2325115 0.9287074 0.1937943 
0.135263 -0.9702418 0.2008381 0.2713251 
0.9477672 0.06760523 -0.3117164 -8.521482E-08 
0 0 0 1 
0.2872733 0.2351718 0.9285302 0.1937943 
0.1409228 -0.9692196 0.2018778 0.271325 
0.9474252 0.07285697 -0.311572 -1.09027E-07 
0 0 0 1 
0.2857682 0.2376505 0.9283635 0.1937943 
0.1462103 -0.9682329 0.2028501 0.2713249 
0.9470792 0.07776822 -0.311437 -1.313014E-07 
0 0 0 1 
0.2843574 0.2399375 0.9282084 0.1937943 
0.1511012 -0.9672924 0.2037505 0.2713248 
0.9467362 0.08231545 -0.3113115 -1.519309E-07 
0 0 0 1 
0.2830527 0.242023 0.9280658 0.1937943 
0.1555714 -0.9664094 0.2045742 0.2713247 
0.9464031 0.08647522 -0.3111966 -1.708081E-07 
0 0 0 1 
0.2818654 0.2438969 0.9279366 0.1937943 
0.1595969 -0.9655955 0.2053166 0.2713247 
0.9460871 0.0902242 -0.311093 -1.878255E-07 
0 0 0 1 
0.2808058 0.2455496 0.9278219 0.1937943 
0.1631541 -0.9648607 0.2059732 0.2713246 
0.9457954 0.09353942 -0.3110008 -2.028763E-07 
0 0 0 1 
0.2798862 0.2469707 0.9277228 0.1937943 
0.1662177 -0.9642169 0.2065392 0.2713245 
0.9455345 0.09639657 -0.3109218 -2.158529E-07 
0 0 0 1 
0.2791163 0.2481504 0.9276399 0.1937943 
0.1687649 -0.9636734 0.20701 0.2713245 
0.945311 0.0987732 -0.3108559 -2.266482E-07 
0 0 0 1 
0.278506 0.2490782 0.9275744 0.1937942 
0.1707708 -0.9632397 0.2073809 0.2713245 
0.9451305 0.1006458 -0.3108033 -2.351547E-07 
0 0 0 1 
0.2780665 0.2497438 0.9275275 0.1937942 
0.1722107 -0.9629261 0.2076474 0.2713245 
0.9449987 0.1019904 -0.310766 -2.412652E-07 
0 0 0 1 
0.2778061 0.2501364 0.9274997 0.1937942 
0.1730608 -0.9627397 0.2078047 0.2713244 
0.9449199 0.1027845 -0.3107437 -2.448725E-07 
0 0 0 1 
0.2777343 0.2502448 0.9274919 0.1937942 
0.1732956 -0.962688 0.2078481 0.2713244 
0.9448981 0.1030037 -0.3107377 -2.458692E-07 
0 0 0 1 
0.2778586 0.2500577 0.9275054 0.1937942 
0.1728903 -0.9627774 0.2077731 0.2713244 
0.9449359 0.1026252 -0.3107483 -2.441481E-07 
0 0 0 1 
0.2781757 0.2495787 0.9275392 0.1937942 
0.1718534 -0.9630044 0.2075813 0.2713245 
0.9450316 0.1016567 -0.3107752 -2.39749E-07 
0 0 0 1 
0.2786763 0.2488198 0.9275927 0.1937942 
0.1702119 -0.963361 0.2072776 0.2713245 
0.9451812 0.100124 -0.3108178 -2.327849E-07 
0 0 0 1 
0.2793504 0.2477923 0.9276652 0.1937943 
0.1679914 -0.9638391 0.206867 0.2713245 
0.9453795 0.09805138 -0.3108757 -2.23369E-07 
0 0 0 1 
0.2801871 0.246507 0.9277552 0.1937943 
0.1652176 -0.9644282 0.2063544 0.2713246 
0.9456207 0.09546367 -0.3109475 -2.116145E-07 
0 0 0 1 
0.2811757 0.2449745 0.9278619 0.1937943 
0.1619155 -0.9651181 0.2057446 0.2713246 
0.9458982 0.09238484 -0.3110329 -1.976344E-07 
0 0 0 1 
0.2823052 0.2432058 0.9279844 0.1937943 
0.1581112 -0.9658982 0.2050425 0.2713247 
0.9462054 0.08884018 -0.3111316 -1.815422E-07 
0 0 0 1 
0.2835631 0.241211 0.9281216 0.1937943 
0.1538296 -0.9667565 0.2042532 0.2713248 
0.9465351 0.08485397 -0.3112417 -1.634507E-07 
0 0 0 1 
0.2849378 0.2390009 0.9282722 0.1937943 
0.1490964 -0.9676813 0.2033814 0.2713248 
0.9468794 0.08045106 -0.3113631 -1.434732E-07 
0 0 0 1 
0.2864178 0.2365858 0.9284354 0.1937943 
0.1439373 -0.9686611 0.2024321 0.2713249 
0.9472314 0.07565633 -0.3114952 -1.217229E-07 
0 0 0 1 
0.287991 0.2339762 0.9286101 0.1937943 
0.1383771 -0.9696839 0.2014101 0.2713251 
0.9475827 0.07049417 -0.311637 -9.8313E-08 
0 0 0 1 
0.2896454 0.2311827 0.9287951 0.1937943 
0.1324417 -0.9707377 0.2003203 0.2713251 
0.9479265 0.06498937 -0.3117878 -7.335652E-08 
0 0 0 1 
0.2913693 0.2282162 0.9289894 0.1937943 
0.1261571 -0.9718113 0.1991677 0.2713253 
0.9482555 0.05916723 -0.311947 -4.696669E-08 
0 0 0 1 
0.2931512 0.2250876 0.9291922 0.1937943 
0.119549 -0.9728935 0.1979571 0.2713254 
0.9485623 0.05305262 -0.3121138 -1.925666E-08 
0 0 0 1 
0.2949794 0.2218078 0.9294023 0.1937944 
0.112643 -0.9739733 0.1966935 0.2713255 
0.9488407 0.0466701 -0.3122871 9.660425E-09 
0 0 0 1 
0.2968435 0.2183883 0.9296185 0.1937944 
0.1054659 -0.9750402 0.1953817 0.2713256 
0.9490842 0.04004524 -0.3124667 3.967133E-08 
0 0 0 1 
0.298732 0.2148408 0.92984 0.1937944 
0.09804399 -0.9760847 0.1940267 0.2713257 
0.9492875 0.03320324 -0.3126515 7.066302E-08 
0 0 0 1 
0.3006352 0.2111769 0.9300661 0.1937944 
0.09040393 -0.977098 0.1926334 0.2713259 
0.9494449 0.02616928 -0.3128412 1.025222E-07 
0 0 0 1 
0.3025431 0.2074088 0.9302954 0.1937944 
0.08257248 -0.978071 0.1912067 0.271326 
0.9495522 0.01896856 -0.3130348 1.351358E-07 
0 0 0 1 
0.304446 0.2035489 0.9305273 0.1937944 
0.07457677 -0.9789963 0.1897515 0.2713262 
0.9496059 0.01162666 -0.3132313 1.683906E-07 
0 0 0 1 
0.306335 0.1996098 0.9307604 0.1937944 
0.06644398 -0.979867 0.1882727 0.2713263 
0.9496022 0.004168891 -0.3134303 2.021737E-07 
0 0 0 1 
0.3082017 0.1956045 0.9309945 0.1937945 
0.05820186 -0.9806774 0.1867754 0.2713264 
0.9495389 -0.003378891 -0.3136309 2.363715E-07 
0 0 0 1 
0.3100391 0.1915461 0.9312283 0.1937945 
0.04987784 -0.9814227 0.1852645 0.2713266 
0.9494146 -0.01099155 -0.3138331 2.708713E-07 
0 0 0 1 
0.3118386 0.1874481 0.9314611 0.1937945 
0.0414996 -0.9820977 0.1837448 0.2713267 
0.9492283 -0.01864345 -0.3140349 3.055595E-07 
0 0 0 1 
0.3135951 0.1833242 0.9316922 0.1937945 
0.0330952 -0.9827008 0.1822214 0.2713269 
0.9489799 -0.02630919 -0.3142372 3.403231E-07 
0 0 0 1 
0.315302 0.1791882 0.9319207 0.1937945 
0.02469255 -0.9832286 0.1806991 0.271327 
0.9486701 -0.03396331 -0.3144385 3.75049E-07 
0 0 0 1 
0.3169538 0.1750544 0.9321461 0.1937945 
0.01631987 -0.9836807 0.1791832 0.2713271 
0.9483006 -0.04158029 -0.3146381 4.096241E-07 
0 0 0 1 
0.318546 0.170937 0.9323675 0.1937945 
0.00800548 -0.9840565 0.1776782 0.2713273 
0.9478736 -0.04913465 -0.3148355 4.439351E-07 
0 0 0 1 
0.3200745 0.1668504 0.9325842 0.1937946 
-0.0002230345 -0.9843564 0.1761895 0.2713274 
0.9473923 -0.05660179 -0.3150301 4.77869E-07 
0 0 0 1 
0.3215356 0.1628094 0.9327956 0.1937946 
-0.008336965 -0.9845825 0.1747219 0.2713276 
0.9468607 -0.06395601 -0.315221 5.113125E-07 
0 0 0 1 
0.3229269 0.1588288 0.9330015 0.1937946 
-0.01630773 -0.9847379 0.1732804 0.2713277 
0.9462834 -0.07117206 -0.3154081 5.441523E-07 
0 0 0 1 
0.3242458 0.1549235 0.9332007 0.1937946 
-0.02410763 -0.984825 0.17187 0.2713279 
0.9456657 -0.0782254 -0.3155904 5.762757E-07 
0 0 0 1 
0.3254909 0.1511083 0.9333929 0.1937946 
-0.03170841 -0.9848486 0.1704957 0.271328 
0.9450135 -0.08509123 -0.3157678 6.075692E-07 
0 0 0 1 
0.3266602 0.1473985 0.9335775 0.1937946 
-0.03908153 -0.9848133 0.1691625 0.2713281 
0.9443335 -0.09174433 -0.3159387 6.379197E-07 
0 0 0 1 
0.3277538 0.143809 0.9337541 0.1937947 
-0.04619949 -0.9847255 0.1678754 0.2713282 
0.9436331 -0.09816077 -0.3161035 6.67214E-07 
0 0 0 1 
0.3287706 0.140355 0.9339221 0.1937947 
-0.05303386 -0.984591 0.1666394 0.2713283 
0.9429196 -0.1043156 -0.3162609 6.95339E-07 
0 0 0 1 
0.3297113 0.1370518 0.934081 0.1937947 
-0.05955674 -0.984417 0.1654595 0.2713284 
0.9422014 -0.1101847 -0.316411 7.221815E-07 
0 0 0 1 
</float_array>
          <technique_common>
            <accessor count="76" offset="0" source="#LeftUpperArm_0_1-Matrix-animation-output-transform-array" stride="16">
              <param type="float4x4" />
            </accessor>
          </technique_common>
        </source>
        <source id="LeftUpperArm_0_1-Interpolations">
          <Name_array id="LeftUpperArm_0_1-Interpolations-array" count="76">LINEAR
LINEAR
LINEAR
LINEAR
LINEAR
LINEAR
LINEAR
LINEAR
LINEAR
LINEAR
LINEAR
LINEAR
LINEAR
LINEAR
LINEAR
LINEAR
LINEAR
LINEAR
LINEAR
LINEAR
LINEAR
LINEAR
LINEAR
LINEAR
LINEAR
LINEAR
LINEAR
LINEAR
LINEAR
LINEAR
LINEAR
LINEAR
LINEAR
LINEAR
LINEAR
LINEAR
LINEAR
LINEAR
LINEAR
LINEAR
LINEAR
LINEAR
LINEAR
LINEAR
LINEAR
LINEAR
LINEAR
LINEAR
LINEAR
LINEAR
LINEAR
LINEAR
LINEAR
LINEAR
LINEAR
LINEAR
LINEAR
LINEAR
LINEAR
LINEAR
LINEAR
LINEAR
LINEAR
LINEAR
LINEAR
LINEAR
LINEAR
LINEAR
LINEAR
LINEAR
LINEAR
LINEAR
LINEAR
LINEAR
LINEAR
LINEAR</Name_array>
          <technique_common>
            <accessor count="76" offset="0" source="#LeftUpperArm_0_1-Interpolations-array" stride="1">
              <param type="name" />
            </accessor>
          </technique_common>
        </source>
        <sampler id="LeftUpperArm_0_1-Matrix-animation-transform">
          <input semantic="INPUT" source="#LeftUpperArm_0_1-Matrix-animation-input" />
          <input semantic="OUTPUT" source="#LeftUpperArm_0_1-Matrix-animation-output-transform" />
          <input semantic="INTERPOLATION" source="#LeftUpperArm_0_1-Interpolations" />
        </sampler>
        <channel source="#LeftUpperArm_0_1-Matrix-animation-transform" target="LeftUpperArm/matrix" />
      </animation>
      <animation id="Neck_0_2-anim" name="Neck_0_2">
        <source id="Neck_0_2-Matrix-animation-input">
          <float_array id="Neck_0_2-Matrix-animation-input-array" count="76">0
0.01666667
0.03333334
0.05
0.06666667
0.08333334
0.1
0.1166667
0.1333333
0.15
0.1666667
0.1833333
0.2
0.2166667
0.2333333
0.25
0.2666667
0.2833334
0.3
0.3166667
0.3333334
0.3500001
0.3666668
0.3833334
0.4000001
0.4166668
0.4333335
0.4500002
0.4666668
0.4833335
0.5000002
0.5166668
0.5333335
0.5500001
0.5666668
0.5833334
0.6000001
0.6166667
0.6333334
0.65
0.6666667
0.6833333
0.7
0.7166666
0.7333333
0.7499999
0.7666666
0.7833332
0.7999999
0.8166665
0.8333332
0.8499998
0.8666665
0.8833331
0.8999998
0.9166664
0.9333331
0.9499997
0.9666664
0.9833331
0.9999997
1.016666
1.033333
1.05
1.066666
1.083333
1.1
1.116666
1.133333
1.15
1.166666
1.183333
1.2
1.216666
1.233333
1.25
</float_array>
          <technique_common>
            <accessor count="76" offset="0" source="#Neck_0_2-Matrix-animation-input-array" stride="1">
              <param name="TIME" type="float" />
            </accessor>
          </technique_common>
        </source>
        <source id="Neck_0_2-Matrix-animation-output-transform">
          <float_array id="Neck_0_2-Matrix-animation-output-transform-array" count="1216">0.9999847 0 -0.005538282 4.36083E-07 
0 1 0 0.3103217 
0.005538282 0 0.9999847 -1.200009E-06 
0 0 0 1 
0.9999977 0.0005476985 -0.002055118 4.2395E-07 
-0.0005653184 0.999963 -0.008582881 0.3103215 
0.002050341 0.008584023 0.9999611 -1.094388E-06 
0 0 0 1 
0.999998 0.001185778 0.001594471 4.112361E-07 
-0.001157572 0.9998448 -0.01757609 0.3103212 
-0.001615065 0.01757421 0.9998443 -9.837083E-07 
0 0 0 1 
0.9999836 0.001920306 0.005395147 3.979909E-07 
-0.00177427 0.9996354 -0.02694353 0.310321 
-0.00544492 0.02693352 0.9996224 -8.684044E-07 
0 0 0 1 
0.9999527 0.002756617 0.009331346 3.842643E-07 
-0.002412887 0.9993253 -0.03664895 0.3103207 
-0.009426079 0.0366247 0.9992846 -7.489097E-07 
0 0 0 1 
0.9999036 0.003699212 0.01338729 3.701061E-07 
-0.003070867 0.9989063 -0.0466559 0.3103205 
-0.01354523 0.04661029 0.9988213 -6.256575E-07 
0 0 0 1 
0.9998348 0.004751659 0.01754702 3.55566E-07 
-0.003745625 0.9983712 -0.05692783 0.3103202 
-0.01778894 0.0568527 0.9982241 -4.990816E-07 
0 0 0 1 
0.999745 0.005916504 0.02179442 3.40694E-07 
-0.004434555 0.9977143 -0.0674281 0.31032 
-0.02214354 0.06731425 0.9974861 -3.696154E-07 
0 0 0 1 
0.9996331 0.00719521 0.0261133 3.255397E-07 
-0.005135042 0.9969307 -0.07811991 0.3103197 
-0.02659524 0.07795716 0.9966019 -2.376923E-07 
0 0 0 1 
0.9994982 0.008588076 0.03048737 3.101531E-07 
-0.005844451 0.9960175 -0.08896651 0.3103194 
-0.03113001 0.08874369 0.9955679 -1.037462E-07 
0 0 0 1 
0.9993398 0.0100942 0.03490037 2.945838E-07 
-0.006560158 0.9949727 -0.09993109 0.3103192 
-0.03573364 0.09963617 0.9943821 3.178957E-08 
0 0 0 1 
0.9991574 0.01171146 0.03933605 2.788817E-07 
-0.00727954 0.9937963 -0.1109769 0.3103189 
-0.04039172 0.1105971 0.9930442 1.684815E-07 
0 0 0 1 
0.9989509 0.01343642 0.04377828 2.630966E-07 
-0.007999999 0.9924896 -0.1220674 0.3103186 
-0.04508963 0.1215891 0.9915559 3.05896E-07 
0 0 0 1 
0.9987206 0.01526441 0.04821109 2.472784E-07 
-0.008718958 0.9910554 -0.1331659 0.3103183 
-0.04981256 0.1325751 0.9899205 4.435996E-07 
0 0 0 1 
0.9984667 0.01718944 0.05261875 2.314767E-07 
-0.009433873 0.9894983 -0.144236 0.310318 
-0.05454551 0.1435185 0.9881433 5.811585E-07 
0 0 0 1 
0.9981903 0.01920429 0.05698575 2.157414E-07 
-0.01014225 0.9878244 -0.1552418 0.3103178 
-0.05927323 0.1543829 0.9862315 7.181395E-07 
0 0 0 1 
0.9978923 0.02130044 0.06129698 2.001223E-07 
-0.01084164 0.9860414 -0.1661472 0.3103175 
-0.06398036 0.1651325 0.984194 8.54109E-07 
0 0 0 1 
0.9975741 0.02346818 0.06553762 1.846693E-07 
-0.01152966 0.9841583 -0.1769169 0.3103172 
-0.06865131 0.175732 0.9820414 9.886332E-07 
0 0 0 1 
0.9972374 0.02569662 0.06969338 1.69432E-07 
-0.012204 0.9821858 -0.1875153 0.3103169 
-0.07327037 0.1861468 0.9797861 1.121279E-06 
0 0 0 1 
0.9968843 0.02797375 0.07375032 1.544603E-07 
-0.01286239 0.9801362 -0.1979079 0.3103167 
-0.07782158 0.1963427 0.9774423 1.251612E-06 
0 0 0 1 
0.9965171 0.0302865 0.07769505 1.398041E-07 
-0.01350269 0.9780229 -0.20806 0.3103164 
-0.08228894 0.2062863 0.9750254 1.3792E-06 
0 0 0 1 
0.9961382 0.03262082 0.08151475 1.25513E-07 
-0.01412278 0.9758605 -0.2179376 0.3103161 
-0.08665632 0.2159448 0.9725526 1.503608E-06 
0 0 0 1 
0.9957506 0.03496176 0.08519699 1.11637E-07 
-0.01472068 0.9736652 -0.2275071 0.3103159 
-0.09090739 0.2252862 0.9700423 1.624403E-06 
0 0 0 1 
0.9953573 0.03729353 0.08872996 9.82258E-08 
-0.01529445 0.9714538 -0.2367352 0.3103157 
-0.09502576 0.234279 0.967514 1.741153E-06 
0 0 0 1 
0.9949618 0.03959968 0.09210236 8.532925E-08 
-0.01584226 0.9692446 -0.245589 0.3103154 
-0.09899496 0.2428926 0.9649887 1.853422E-06 
0 0 0 1 
0.9945676 0.0418631 0.09530338 7.299707E-08 
-0.01636234 0.9670563 -0.2540363 0.3103152 
-0.1027985 0.2510969 0.9624878 1.960778E-06 
0 0 0 1 
0.9941785 0.0440662 0.0983227 6.127914E-08 
-0.016853 0.9649085 -0.262045 0.310315 
-0.1064197 0.2588624 0.9600339 2.062786E-06 
0 0 0 1 
0.9937983 0.04619102 0.1011504 5.022522E-08 
-0.01731261 0.9628214 -0.2695833 0.3103148 
-0.1098421 0.2661603 0.9576499 2.159014E-06 
0 0 0 1 
0.993431 0.04821929 0.1037769 3.988515E-08 
-0.01773962 0.9608157 -0.2766199 0.3103146 
-0.1130489 0.2729619 0.9553595 2.249028E-06 
0 0 0 1 
0.9930809 0.05013266 0.1061931 3.030868E-08 
-0.0181325 0.958912 -0.2831236 0.3103144 
-0.1160235 0.2792391 0.9531863 2.332395E-06 
0 0 0 1 
0.9927521 0.05191275 0.1083898 2.15457E-08 
-0.01848978 0.9571313 -0.2890636 0.3103143 
-0.1187494 0.2849644 0.951154 2.408679E-06 
0 0 0 1 
0.9924487 0.05354133 0.1103583 1.364592E-08 
-0.01881001 0.9554944 -0.2944089 0.3103141 
-0.1212098 0.2901098 0.9492863 2.477449E-06 
0 0 0 1 
0.9921749 0.05500044 0.1120899 6.659178E-09 
-0.01909172 0.9540218 -0.2991287 0.310314 
-0.1233884 0.2946479 0.9476064 2.538271E-06 
0 0 0 1 
0.9919345 0.05627255 0.1135755 6.352536E-10 
-0.01933347 0.9527333 -0.3031922 0.3103139 
-0.1252685 0.298551 0.946137 2.590712E-06 
0 0 0 1 
0.9917316 0.05734071 0.1148061 -4.376005E-09 
-0.01953374 0.9516482 -0.3065685 0.3103138 
-0.1268339 0.3017911 0.9448996 2.634336E-06 
0 0 0 1 
0.9915699 0.05818871 0.1157725 -8.324861E-09 
-0.01969104 0.9507846 -0.3092262 0.3103138 
-0.1280682 0.3043397 0.9439152 2.668712E-06 
0 0 0 1 
0.9914526 0.0588013 0.1164649 -1.116146E-08 
-0.01980373 0.9501597 -0.3111339 0.3103137 
-0.1289553 0.3061681 0.9432029 2.693406E-06 
0 0 0 1 
0.991383 0.05916428 0.1168729 -1.283601E-08 
-0.01987015 0.949789 -0.3122595 0.3103137 
-0.1294792 0.3072465 0.9427803 2.707983E-06 
0 0 0 1 
0.9913638 0.05926476 0.1169855 -1.329863E-08 
-0.01988848 0.9496863 -0.3125704 0.3103137 
-0.1296239 0.3075443 0.9426633 2.712011E-06 
0 0 0 1 
0.9913971 0.05909132 0.116791 -1.24997E-08 
-0.01985683 0.9498636 -0.3120335 0.3103137 
-0.129374 0.30703 0.9428653 2.705056E-06 
0 0 0 1 
0.9914818 0.05864905 0.1162932 -1.045756E-08 
-0.0197758 0.9503151 -0.3106607 0.3103137 
-0.1287352 0.3057146 0.94338 2.687279E-06 
0 0 0 1 
0.9916151 0.05795193 0.1155036 -7.224737E-09 
-0.01964727 0.9510259 -0.3084861 0.3103138 
-0.1277243 0.3036301 0.9441903 2.659136E-06 
0 0 0 1 
0.9917935 0.05701531 0.1144328 -2.853762E-09 
-0.01947299 0.951979 -0.3055434 0.3103139 
-0.1263583 0.3008076 0.9452769 2.621085E-06 
0 0 0 1 
0.9920134 0.05585562 0.113091 2.602835E-09 
-0.01925463 0.9531561 -0.3018656 0.3103139 
-0.1246542 0.2972772 0.946619 2.573584E-06 
0 0 0 1 
0.9922708 0.05449028 0.1114878 9.092524E-09 
-0.01899377 0.9545373 -0.2974857 0.3103141 
-0.1226294 0.2930688 0.9481944 2.517089E-06 
0 0 0 1 
0.9925615 0.0529374 0.1096328 1.656278E-08 
-0.01869198 0.9561023 -0.2924363 0.3103142 
-0.120301 0.2882118 0.9499798 2.452058E-06 
0 0 0 1 
0.9928812 0.05121566 0.1075353 2.496106E-08 
-0.0183508 0.9578297 -0.2867498 0.3103144 
-0.1176866 0.2827352 0.951951 2.378948E-06 
0 0 0 1 
0.9932256 0.04934417 0.1052044 3.423484E-08 
-0.01797173 0.9596978 -0.2804588 0.3103145 
-0.1148035 0.2766682 0.9540833 2.298216E-06 
0 0 0 1 
0.9935904 0.04734228 0.1026497 4.43316E-08 
-0.01755635 0.9616845 -0.2735958 0.3103147 
-0.1116693 0.27004 0.9563516 2.21032E-06 
0 0 0 1 
0.9939709 0.0452294 0.0998806 5.51988E-08 
-0.01710621 0.9637678 -0.2661935 0.3103149 
-0.1083015 0.2628801 0.9587309 2.115718E-06 
0 0 0 1 
0.9943631 0.04302491 0.09690706 6.678391E-08 
-0.01662293 0.9659258 -0.258285 0.3103151 
-0.1047177 0.2552181 0.9611961 2.014865E-06 
0 0 0 1 
0.9947625 0.04074793 0.09373926 7.90344E-08 
-0.01610819 0.9681368 -0.2499032 0.3103153 
-0.1009355 0.2470844 0.9637226 1.908221E-06 
0 0 0 1 
0.9951654 0.03841731 0.09038784 9.189775E-08 
-0.01556374 0.9703799 -0.2410821 0.3103155 
-0.09697228 0.2385098 0.9662864 1.796241E-06 
0 0 0 1 
0.9955677 0.03605138 0.08686397 1.053214E-07 
-0.0149914 0.9726347 -0.2318554 0.3103158 
-0.09284563 0.2295255 0.9688641 1.679383E-06 
0 0 0 1 
0.9959657 0.03366789 0.0831793 1.192529E-07 
-0.01439305 0.9748818 -0.2222576 0.310316 
-0.08857292 0.2201637 0.9714333 1.558105E-06 
0 0 0 1 
0.9963561 0.03128386 0.07934602 1.336396E-07 
-0.01377069 0.9771024 -0.2123235 0.3103163 
-0.08417148 0.2104571 0.9739728 1.432864E-06 
0 0 0 1 
0.9967358 0.0289155 0.07537693 1.48429E-07 
-0.0131264 0.9792793 -0.2020883 0.3103165 
-0.07965855 0.2004392 0.9764623 1.304117E-06 
0 0 0 1 
0.9971018 0.02657809 0.07128536 1.635687E-07 
-0.01246235 0.9813963 -0.191588 0.3103168 
-0.07505123 0.1901443 0.9788833 1.172321E-06 
0 0 0 1 
0.9974517 0.0242859 0.06708524 1.79006E-07 
-0.01178078 0.9834386 -0.1808585 0.3103171 
-0.07036653 0.1796073 0.9812185 1.037934E-06 
0 0 0 1 
0.9977831 0.02205207 0.06279102 1.946885E-07 
-0.01108403 0.9853927 -0.1699366 0.3103174 
-0.06562126 0.1688638 0.9834525 9.014125E-07 
0 0 0 1 
0.9980941 0.01988858 0.05841763 2.105635E-07 
-0.01037453 0.9872468 -0.1588592 0.3103177 
-0.0608321 0.1579504 0.9855714 7.632148E-07 
0 0 0 1 
0.9983832 0.01780615 0.05398051 2.265787E-07 
-0.009654758 0.9889905 -0.1476638 0.3103179 
-0.05601554 0.1469039 0.9875634 6.237967E-07 
0 0 0 1 
0.9986491 0.01581424 0.04949553 2.426815E-07 
-0.008927284 0.9906152 -0.1363881 0.3103182 
-0.0511879 0.135762 0.9894183 4.836172E-07 
0 0 0 1 
0.9988909 0.01392093 0.04497889 2.588192E-07 
-0.008194721 0.9921141 -0.1250701 0.3103185 
-0.04636528 0.1245628 0.9911278 3.431328E-07 
0 0 0 1 
0.9991081 0.01213296 0.04044713 2.749394E-07 
-0.007459742 0.9934816 -0.1137481 0.3103188 
-0.04156358 0.113345 0.992686 2.028007E-07 
0 0 0 1 
0.9993001 0.01045569 0.03591708 2.909896E-07 
-0.006725048 0.9947143 -0.1024607 0.3103191 
-0.03679853 0.1021474 0.9940884 6.307846E-08 
0 0 0 1 
0.9994671 0.008893101 0.03140568 3.069172E-07 
-0.005993382 0.9958103 -0.09124631 0.3103194 
-0.03208556 0.09100948 0.995333 -7.557696E-08 
0 0 0 1 
0.9996096 0.007447793 0.02693006 3.226697E-07 
-0.00526751 0.9967694 -0.08014387 0.3103196 
-0.02743996 0.07997072 0.9964194 -2.127078E-07 
0 0 0 1 
0.999728 0.006121026 0.0225074 3.381946E-07 
-0.004550197 0.997593 -0.0691921 0.3103199 
-0.02287675 0.06907086 0.9973494 -3.478572E-07 
0 0 0 1 
0.9998231 0.004912758 0.01815486 3.534393E-07 
-0.003844223 0.9982841 -0.05842981 0.3103202 
-0.01841076 0.05834969 0.9981264 -4.805677E-07 
0 0 0 1 
0.9998962 0.003821684 0.0138896 3.683514E-07 
-0.003152352 0.9988474 -0.04789586 0.3103205 
-0.01405663 0.04784711 0.9987558 -6.103821E-07 
0 0 0 1 
0.9999487 0.002845312 0.009728621 3.828782E-07 
-0.002477339 0.9992887 -0.03762887 0.3103207 
-0.009828767 0.03760284 0.9992445 -7.36843E-07 
0 0 0 1 
0.9999819 0.001980033 0.005688783 3.969672E-07 
-0.001821911 0.9996156 -0.02766745 0.310321 
-0.005741379 0.02765658 0.999601 -8.594932E-07 
0 0 0 1 
0.9999977 0.001221227 0.001786772 4.10566E-07 
-0.001188778 0.9998364 -0.01805009 0.3103212 
-0.001808523 0.01804793 0.9998355 -9.778751E-07 
0 0 0 1 
0.9999979 0.0005633356 -0.001960966 4.23622E-07 
-0.0005806007 0.999961 -0.008814983 0.3103215 
0.001955924 0.008816103 0.9999592 -1.091532E-06 
0 0 0 1 
0.9999847 1.560177E-08 -0.00553818 4.360826E-07 
-1.699439E-08 1 -2.51411E-07 0.3103217 
0.00553818 2.515013E-07 0.9999847 -1.200006E-06 
0 0 0 1 
</float_array>
          <technique_common>
            <accessor count="76" offset="0" source="#Neck_0_2-Matrix-animation-output-transform-array" stride="16">
              <param type="float4x4" />
            </accessor>
          </technique_common>
        </source>
        <source id="Neck_0_2-Interpolations">
          <Name_array id="Neck_0_2-Interpolations-array" count="76">LINEAR
LINEAR
LINEAR
LINEAR
LINEAR
LINEAR
LINEAR
LINEAR
LINEAR
LINEAR
LINEAR
LINEAR
LINEAR
LINEAR
LINEAR
LINEAR
LINEAR
LINEAR
LINEAR
LINEAR
LINEAR
LINEAR
LINEAR
LINEAR
LINEAR
LINEAR
LINEAR
LINEAR
LINEAR
LINEAR
LINEAR
LINEAR
LINEAR
LINEAR
LINEAR
LINEAR
LINEAR
LINEAR
LINEAR
LINEAR
LINEAR
LINEAR
LINEAR
LINEAR
LINEAR
LINEAR
LINEAR
LINEAR
LINEAR
LINEAR
LINEAR
LINEAR
LINEAR
LINEAR
LINEAR
LINEAR
LINEAR
LINEAR
LINEAR
LINEAR
LINEAR
LINEAR
LINEAR
LINEAR
LINEAR
LINEAR
LINEAR
LINEAR
LINEAR
LINEAR
LINEAR
LINEAR
LINEAR
LINEAR
LINEAR
LINEAR</Name_array>
          <technique_common>
            <accessor count="76" offset="0" source="#Neck_0_2-Interpolations-array" stride="1">
              <param type="name" />
            </accessor>
          </technique_common>
        </source>
        <sampler id="Neck_0_2-Matrix-animation-transform">
          <input semantic="INPUT" source="#Neck_0_2-Matrix-animation-input" />
          <input semantic="OUTPUT" source="#Neck_0_2-Matrix-animation-output-transform" />
          <input semantic="INTERPOLATION" source="#Neck_0_2-Interpolations" />
        </sampler>
        <channel source="#Neck_0_2-Matrix-animation-transform" target="Neck/matrix" />
      </animation>
      <animation id="RightUpperArm_0_3-anim" name="RightUpperArm_0_3">
        <source id="RightUpperArm_0_3-Matrix-animation-input">
          <float_array id="RightUpperArm_0_3-Matrix-animation-input-array" count="76">0
0.01666667
0.03333334
0.05
0.06666667
0.08333334
0.1
0.1166667
0.1333333
0.15
0.1666667
0.1833333
0.2
0.2166667
0.2333333
0.25
0.2666667
0.2833334
0.3
0.3166667
0.3333334
0.3500001
0.3666668
0.3833334
0.4000001
0.4166668
0.4333335
0.4500002
0.4666668
0.4833335
0.5000002
0.5166668
0.5333335
0.5500001
0.5666668
0.5833334
0.6000001
0.6166667
0.6333334
0.65
0.6666667
0.6833333
0.7
0.7166666
0.7333333
0.7499999
0.7666666
0.7833332
0.7999999
0.8166665
0.8333332
0.8499998
0.8666665
0.8833331
0.8999998
0.9166664
0.9333331
0.9499997
0.9666664
0.9833331
0.9999997
1.016666
1.033333
1.05
1.066666
1.083333
1.1
1.116666
1.133333
1.15
1.166666
1.183333
1.2
1.216666
1.233333
1.25
</float_array>
          <technique_common>
            <accessor count="76" offset="0" source="#RightUpperArm_0_3-Matrix-animation-input-array" stride="1">
              <param name="TIME" type="float" />
            </accessor>
          </technique_common>
        </source>
        <source id="RightUpperArm_0_3-Matrix-animation-output-transform">
