<?xml version="1.0" encoding="utf-8"?>
<COLLADA xmlns:xsi="http://www.w3.org/2001/XMLSchema-instance" xmlns:xsd="http://www.w3.org/2001/XMLSchema" version="1.4.1" xmlns="http://www.collada.org/2005/11/COLLADASchema">
  <asset>
    <created>2017-06-01T10:06:19.6329675+03:00</created>
    <modified>2017-06-01T10:06:19.6329675+03:00</modified>
    <unit meter="1" name="meter" />
    <up_axis>Y_UP</up_axis>
    <contributor>
      <authoring_tool>Skele: Character Animation Tools</authoring_tool>
      <comments>https://www.assetstore.unity3d.com/en/#!/content/16899</comments>
    </contributor>
    <revision>1.0</revision>
  </asset>
  <library_animation_clips>
    <animation_clip name="KamaraRunningJump" start="0" end="1.8333333730697632">
      <instance_animation url="KamaraRunningJump_0" />
    </animation_clip>
  </library_animation_clips>
  <library_animations>
    <animation id="KamaraRunningJump_0" name="KamaraRunningJump">
      <animation id="Chest_0_0-anim" name="Chest_0_0">
        <source id="Chest_0_0-Matrix-animation-input">
          <float_array id="Chest_0_0-Matrix-animation-input-array" count="111">0
0.01666667
0.03333334
0.05
0.06666667
0.08333334
0.1
0.1166667
0.1333333
0.15
0.1666667
0.1833333
0.2
0.2166667
0.2333333
0.25
0.2666667
0.2833334
0.3
0.3166667
0.3333334
0.3500001
0.3666668
0.3833334
0.4000001
0.4166668
0.4333335
0.4500002
0.4666668
0.4833335
0.5000002
0.5166668
0.5333335
0.5500001
0.5666668
0.5833334
0.6000001
0.6166667
0.6333334
0.65
0.6666667
0.6833333
0.7
0.7166666
0.7333333
0.7499999
0.7666666
0.7833332
0.7999999
0.8166665
0.8333332
0.8499998
0.8666665
0.8833331
0.8999998
0.9166664
0.9333331
0.9499997
0.9666664
0.9833331
0.9999997
1.016666
1.033333
1.05
1.066666
1.083333
1.1
1.116666
1.133333
1.15
1.166666
1.183333
1.2
1.216666
1.233333
1.25
1.266666
1.283333
1.299999
1.316666
1.333333
1.349999
1.366666
1.383333
1.399999
1.416666
1.433333
1.449999
1.466666
1.483333
1.499999
1.516666
1.533333
1.549999
1.566666
1.583333
1.599999
1.616666
1.633332
1.649999
1.666666
1.683332
1.699999
1.716666
1.733332
1.749999
1.766666
1.783332
1.799999
1.816666
1.833332
</float_array>
          <technique_common>
            <accessor count="111" offset="0" source="#Chest_0_0-Matrix-animation-input-array" stride="1">
              <param name="TIME" type="float" />
            </accessor>
          </technique_common>
        </source>
        <source id="Chest_0_0-Matrix-animation-output-transform">
          <float_array id="Chest_0_0-Matrix-animation-output-transform-array" count="1776">0.9953874 -0.02362275 -0.0929828 4.358589E-07 
-0.01190234 0.9313148 -0.3640206 0.2666135 
0.09519543 0.3634483 0.9267379 7.227064E-07 
0 0 0 1 
0.9953874 -0.02354869 -0.09300169 4.07966E-07 
-0.01190259 0.9316036 -0.363281 0.2666135 
0.0951955 0.3627122 0.9270262 7.185591E-07 
0 0 0 1 
0.9953874 -0.02347213 -0.09302115 3.791298E-07 
-0.01190285 0.9319015 -0.3625161 0.2666135 
0.09519558 0.3619511 0.9273236 7.142714E-07 
0 0 0 1 
0.9953874 -0.02339319 -0.09304115 3.494035E-07 
-0.0119031 0.9322079 -0.3617272 0.2666135 
0.09519566 0.3611662 0.9276296 7.098515E-07 
0 0 0 1 
0.9953874 -0.02331202 -0.09306162 3.188406E-07 
-0.01190336 0.9325222 -0.3609161 0.2666135 
0.09519572 0.3603591 0.9279435 7.053072E-07 
0 0 0 1 
0.9953874 -0.02322877 -0.09308253 2.874945E-07 
-0.0119036 0.932844 -0.3600838 0.2666135 
0.09519579 0.3595308 0.9282647 7.006464E-07 
0 0 0 1 
0.9953874 -0.02314357 -0.09310387 2.554186E-07 
-0.01190383 0.9331724 -0.3592318 0.2666135 
0.09519587 0.358683 0.9285926 6.958771E-07 
0 0 0 1 
0.9953874 -0.02305655 -0.09312553 2.226663E-07 
-0.01190406 0.9335069 -0.3583615 0.2666135 
0.09519592 0.3578171 0.9289266 6.910072E-07 
0 0 0 1 
0.9953874 -0.02296788 -0.09314755 1.89291E-07 
-0.01190428 0.933847 -0.3574744 0.2666135 
0.09519599 0.3569343 0.9292662 6.860448E-07 
0 0 0 1 
0.9953874 -0.02287768 -0.09316983 1.553461E-07 
-0.0119045 0.934192 -0.3565718 0.2666135 
0.09519606 0.3560362 0.9296106 6.809976E-07 
0 0 0 1 
0.9953874 -0.0227861 -0.09319235 1.208849E-07 
-0.01190469 0.9345414 -0.3556551 0.2666135 
0.09519611 0.355124 0.9299595 6.758736E-07 
0 0 0 1 
0.9953873 -0.02269328 -0.09321507 8.596098E-08 
-0.01190488 0.9348945 -0.3547258 0.2666135 
0.09519616 0.3541993 0.9303121 6.706808E-07 
0 0 0 1 
0.9953873 -0.02259937 -0.09323797 5.062762E-08 
-0.01190505 0.9352509 -0.3537852 0.2666135 
0.09519621 0.3532633 0.9306679 6.654273E-07 
0 0 0 1 
0.9953874 -0.02250449 -0.09326097 1.493828E-08 
-0.01190521 0.9356099 -0.3528348 0.2666135 
0.09519626 0.3523175 0.9310263 6.601206E-07 
0 0 0 1 
0.9953873 -0.0224088 -0.09328409 -2.105367E-08 
-0.01190536 0.9359708 -0.351876 0.2666135 
0.09519631 0.3513635 0.9313868 6.547691E-07 
0 0 0 1 
0.9953873 -0.02231244 -0.09330723 -5.729484E-08 
-0.01190548 0.9363334 -0.3509101 0.2666135 
0.09519635 0.3504023 0.9317488 6.493805E-07 
0 0 0 1 
0.9953873 -0.02221555 -0.09333041 -9.373187E-08 
-0.0119056 0.9366969 -0.3499387 0.2666135 
0.09519639 0.3494357 0.9321118 6.439627E-07 
0 0 0 1 
0.9953873 -0.02211826 -0.09335355 -1.303112E-07 
-0.01190569 0.9370608 -0.348963 0.2666135 
0.09519642 0.3484648 0.9324751 6.385238E-07 
0 0 0 1 
0.9953873 -0.02202073 -0.09337663 -1.669796E-07 
-0.01190577 0.9374246 -0.3479846 0.2666135 
0.09519643 0.3474912 0.9328384 6.330717E-07 
0 0 0 1 
0.9953873 -0.0219231 -0.09339965 -2.036836E-07 
-0.01190584 0.9377877 -0.347005 0.2666135 
0.09519648 0.3465163 0.933201 6.276143E-07 
0 0 0 1 
0.9953873 -0.0218255 -0.09342252 -2.403698E-07 
-0.0119059 0.9381496 -0.3460253 0.2666135 
0.09519649 0.3455415 0.9335624 6.221595E-07 
0 0 0 1 
0.9953873 -0.02172808 -0.09344525 -2.769848E-07 
-0.01190592 0.9385098 -0.3450472 0.2666135 
0.0951965 0.3445682 0.9339221 6.167153E-07 
0 0 0 1 
0.9953873 -0.02163099 -0.09346777 -3.134753E-07 
-0.01190594 0.9388677 -0.3440721 0.2666135 
0.0951965 0.3435978 0.9342795 6.112896E-07 
0 0 0 1 
0.9953873 -0.02153435 -0.09349009 -3.497876E-07 
-0.01190593 0.9392229 -0.3431013 0.2666135 
0.09519651 0.3426317 0.9346342 6.058904E-07 
0 0 0 1 
0.9953873 -0.02143832 -0.09351215 -3.858687E-07 
-0.01190592 0.9395748 -0.3421364 0.2666135 
0.09519649 0.3416716 0.9349856 6.005256E-07 
0 0 0 1 
0.9953873 -0.02134304 -0.09353394 -4.216649E-07 
-0.01190589 0.939923 -0.3411787 0.2666135 
0.0951965 0.3407185 0.9353334 5.952031E-07 
0 0 0 1 
0.9953873 -0.02124866 -0.09355541 -4.571228E-07 
-0.01190584 0.9402669 -0.3402298 0.2666135 
0.09519649 0.3397743 0.9356768 5.89931E-07 
0 0 0 1 
0.9953873 -0.02115531 -0.09357653 -4.921891E-07 
-0.01190577 0.9406061 -0.339291 0.2666135 
0.09519646 0.33884 0.9360155 5.84717E-07 
0 0 0 1 
0.9953873 -0.02106313 -0.0935973 -5.268106E-07 
-0.0119057 0.94094 -0.3383637 0.2666135 
0.09519646 0.3379173 0.936349 5.795692E-07 
0 0 0 1 
0.9953873 -0.02097228 -0.09361767 -5.609335E-07 
-0.01190561 0.9412683 -0.3374496 0.2666135 
0.09519643 0.3370076 0.9366769 5.744956E-07 
0 0 0 1 
0.9953873 -0.02088288 -0.09363762 -5.945045E-07 
-0.01190551 0.9415904 -0.3365498 0.2666135 
0.09519642 0.3361121 0.9369985 5.69504E-07 
0 0 0 1 
0.9953873 -0.02079509 -0.09365711 -6.274704E-07 
-0.0119054 0.9419058 -0.335666 0.2666135 
0.09519638 0.3352327 0.9373136 5.646024E-07 
0 0 0 1 
0.9953873 -0.02070905 -0.09367613 -6.597777E-07 
-0.01190528 0.9422141 -0.3347996 0.2666135 
0.09519636 0.3343704 0.9376215 5.597987E-07 
0 0 0 1 
0.9953873 -0.02062489 -0.09369464 -6.91373E-07 
-0.01190514 0.9425149 -0.3339519 0.2666135 
0.09519632 0.3335269 0.9379219 5.551009E-07 
0 0 0 1 
0.9953873 -0.02054277 -0.09371261 -7.222028E-07 
-0.011905 0.9428076 -0.3331245 0.2666135 
0.09519626 0.3327036 0.9382142 5.505168E-07 
0 0 0 1 
0.9953873 -0.02046282 -0.09373003 -7.52214E-07 
-0.01190485 0.9430919 -0.3323189 0.2666135 
0.09519622 0.3319018 0.9384982 5.460546E-07 
0 0 0 1 
0.9953873 -0.0203852 -0.09374689 -7.813527E-07 
-0.0119047 0.9433672 -0.3315365 0.2666135 
0.09519619 0.3311232 0.9387732 5.41722E-07 
0 0 0 1 
0.9953874 -0.02031003 -0.09376314 -8.095659E-07 
-0.01190454 0.9436332 -0.3307787 0.2666135 
0.09519614 0.3303691 0.9390389 5.37527E-07 
0 0 0 1 
0.9953874 -0.02023746 -0.09377877 -8.368002E-07 
-0.01190438 0.9438894 -0.330047 0.2666135 
0.09519611 0.3296409 0.9392947 5.334776E-07 
0 0 0 1 
0.9953874 -0.02016765 -0.09379374 -8.630019E-07 
-0.01190421 0.9441353 -0.3293428 0.2666135 
0.09519607 0.3289402 0.9395403 5.295817E-07 
0 0 0 1 
0.9953874 -0.02010072 -0.09380803 -8.881178E-07 
-0.01190404 0.9443706 -0.3286677 0.2666135 
0.09519601 0.3282683 0.9397753 5.258473E-07 
0 0 0 1 
0.9953874 -0.02003683 -0.09382163 -9.120946E-07 
-0.01190387 0.9445947 -0.328023 0.2666135 
0.09519596 0.3276268 0.9399992 5.222823E-07 
0 0 0 1 
0.9953874 -0.0199761 -0.09383451 -9.348788E-07 
-0.01190371 0.9448073 -0.3274102 0.2666135 
0.09519592 0.3270169 0.9402115 5.188945E-07 
0 0 0 1 
0.9953874 -0.0199187 -0.09384664 -9.564169E-07 
-0.01190355 0.9450079 -0.3268308 0.2666135 
0.09519586 0.3264403 0.9404119 5.156921E-07 
0 0 0 1 
0.9953874 -0.01986476 -0.09385801 -9.766557E-07 
-0.01190339 0.945196 -0.3262862 0.2666135 
0.09519582 0.3258984 0.9405998 5.126828E-07 
0 0 0 1 
0.9953874 -0.01981442 -0.09386859 -9.955414E-07 
-0.01190324 0.9453713 -0.325778 0.2666135 
0.09519578 0.3253927 0.9407749 5.098747E-07 
0 0 0 1 
0.9953874 -0.01976783 -0.09387835 -1.013021E-06 
-0.01190309 0.9455333 -0.3253075 0.2666135 
0.09519575 0.3249244 0.9409367 5.072757E-07 
0 0 0 1 
0.9953874 -0.01972513 -0.09388726 -1.029041E-06 
-0.01190296 0.9456816 -0.3248763 0.2666135 
0.09519569 0.3244953 0.9410848 5.048937E-07 
0 0 0 1 
0.9953874 -0.01968646 -0.09389535 -1.043548E-06 
-0.01190284 0.9458156 -0.3244857 0.2666135 
0.09519567 0.3241066 0.9412187 5.027367E-07 
0 0 0 1 
0.9953874 -0.01965196 -0.09390253 -1.056489E-06 
-0.01190272 0.9459351 -0.3241372 0.2666135 
0.09519564 0.3237598 0.9413381 5.008126E-07 
0 0 0 1 
0.9953874 -0.01962178 -0.09390879 -1.06781E-06 
-0.01190263 0.9460396 -0.3238324 0.2666135 
0.09519561 0.3234564 0.9414424 4.991293E-07 
0 0 0 1 
0.9953874 -0.01959606 -0.09391412 -1.077457E-06 
-0.01190253 0.9461285 -0.3235725 0.2666135 
0.09519558 0.3231978 0.9415312 4.976949E-07 
0 0 0 1 
0.9953874 -0.01957495 -0.09391849 -1.085378E-06 
-0.01190246 0.9462014 -0.3233592 0.2666135 
0.09519556 0.3229855 0.941604 4.965171E-07 
0 0 0 1 
0.9953874 -0.01955858 -0.09392188 -1.091519E-06 
-0.01190241 0.9462579 -0.3231938 0.2666135 
0.09519555 0.3228209 0.9416605 4.95604E-07 
0 0 0 1 
0.9953874 -0.01954709 -0.09392425 -1.095827E-06 
-0.01190237 0.9462975 -0.3230777 0.2666135 
0.09519552 0.3227054 0.9417 4.949636E-07 
0 0 0 1 
0.9953874 -0.01954064 -0.09392559 -1.098247E-06 
-0.01190234 0.9463198 -0.3230125 0.2666135 
0.09519552 0.3226404 0.9417223 4.946036E-07 
0 0 0 1 
0.9953874 -0.01953936 -0.09392586 -1.098728E-06 
-0.01190234 0.9463242 -0.3229996 0.2666135 
0.09519552 0.3226276 0.9417267 4.945322E-07 
0 0 0 1 
0.9953874 -0.01954344 -0.09392501 -1.097196E-06 
-0.01190235 0.9463101 -0.3230408 0.2666135 
0.09519552 0.3226687 0.9417127 4.947599E-07 
0 0 0 1 
0.9953874 -0.01955287 -0.09392305 -1.093655E-06 
-0.01190239 0.9462776 -0.3231362 0.2666135 
0.09519552 0.3227636 0.9416801 4.952865E-07 
0 0 0 1 
0.9953874 -0.01956753 -0.09392004 -1.088161E-06 
-0.01190244 0.946227 -0.3232842 0.2666135 
0.09519555 0.3229109 0.9416296 4.961034E-07 
0 0 0 1 
0.9953874 -0.01958723 -0.09391596 -1.080771E-06 
-0.01190251 0.9461589 -0.3234833 0.2666135 
0.09519558 0.323109 0.9415616 4.972022E-07 
0 0 0 1 
0.9953874 -0.01961183 -0.09391086 -1.071544E-06 
-0.01190259 0.9460739 -0.3237318 0.2666135 
0.0951956 0.3233563 0.9414768 4.985741E-07 
0 0 0 1 
0.9953874 -0.01964117 -0.09390476 -1.060536E-06 
-0.01190269 0.9459724 -0.3240283 0.2666135 
0.09519563 0.3236513 0.9413754 5.002108E-07 
0 0 0 1 
0.9953874 -0.01967511 -0.09389771 -1.047806E-06 
-0.0119028 0.945855 -0.3243711 0.2666135 
0.09519566 0.3239925 0.941258 5.021037E-07 
0 0 0 1 
0.9953874 -0.01971348 -0.09388971 -1.03341E-06 
-0.01190292 0.945722 -0.3247586 0.2666135 
0.09519569 0.3243782 0.9411252 5.042441E-07 
0 0 0 1 
0.9953874 -0.01975614 -0.09388081 -1.017406E-06 
-0.01190307 0.9455739 -0.3251895 0.2666135 
0.09519574 0.324807 0.9409773 5.066237E-07 
0 0 0 1 
0.9953874 -0.01980294 -0.09387101 -9.998519E-07 
-0.01190321 0.9454113 -0.3256621 0.2666135 
0.09519578 0.3252772 0.9408148 5.092338E-07 
0 0 0 1 
0.9953874 -0.0198537 -0.09386034 -9.808043E-07 
-0.01190336 0.9452345 -0.3261746 0.2666135 
0.09519581 0.3257873 0.9406382 5.12066E-07 
0 0 0 1 
0.9953874 -0.0199083 -0.09384884 -9.603209E-07 
-0.01190352 0.9450442 -0.3267258 0.2666135 
0.09519586 0.3263358 0.9404481 5.151116E-07 
0 0 0 1 
0.9953874 -0.01996656 -0.09383653 -9.384593E-07 
-0.01190368 0.9448406 -0.3273139 0.2666135 
0.09519591 0.3269211 0.9402448 5.183622E-07 
0 0 0 1 
0.9953874 -0.02002834 -0.09382343 -9.152767E-07 
-0.01190385 0.9446244 -0.3279373 0.2666135 
0.09519596 0.3275415 0.9400288 5.218091E-07 
0 0 0 1 
0.9953874 -0.02009349 -0.09380957 -8.908307E-07 
-0.01190402 0.944396 -0.3285947 0.2666135 
0.095196 0.3281957 0.9398007 5.25444E-07 
0 0 0 1 
0.9953874 -0.02016185 -0.09379496 -8.651787E-07 
-0.01190419 0.9441558 -0.3292843 0.2666135 
0.09519605 0.3288819 0.9395607 5.292581E-07 
0 0 0 1 
0.9953874 -0.02023326 -0.09377966 -8.383781E-07 
-0.01190436 0.9439042 -0.3300045 0.2666135 
0.09519609 0.3295987 0.9393095 5.33243E-07 
0 0 0 1 
0.9953874 -0.02030757 -0.09376366 -8.104863E-07 
-0.01190453 0.9436419 -0.3307539 0.2666135 
0.09519614 0.3303444 0.9390475 5.373902E-07 
0 0 0 1 
0.9953873 -0.02038465 -0.093747 -7.815607E-07 
-0.01190469 0.9433692 -0.3315309 0.2666135 
0.09519618 0.3311177 0.9387751 5.416911E-07 
0 0 0 1 
0.9953873 -0.0204643 -0.09372973 -7.516589E-07 
-0.01190485 0.9430866 -0.3323338 0.2666135 
0.09519624 0.3319167 0.938493 5.461371E-07 
0 0 0 1 
0.9953873 -0.0205464 -0.09371182 -7.208383E-07 
-0.011905 0.9427947 -0.3331611 0.2666135 
0.09519627 0.33274 0.9382014 5.507197E-07 
0 0 0 1 
0.9953873 -0.0206308 -0.09369335 -6.891562E-07 
-0.01190515 0.9424938 -0.3340114 0.2666135 
0.09519633 0.3335861 0.9379008 5.554305E-07 
0 0 0 1 
0.9953873 -0.02071733 -0.09367431 -6.566701E-07 
-0.01190529 0.9421845 -0.3348829 0.2666135 
0.09519637 0.3344534 0.9375919 5.602608E-07 
0 0 0 1 
0.9953873 -0.02080583 -0.09365471 -6.234373E-07 
-0.01190541 0.9418672 -0.3357741 0.2666135 
0.09519637 0.3353403 0.9372751 5.652021E-07 
0 0 0 1 
0.9953873 -0.02089617 -0.09363465 -5.895154E-07 
-0.01190553 0.9415425 -0.3366836 0.2666135 
0.09519642 0.3362453 0.9369507 5.702458E-07 
0 0 0 1 
0.9953873 -0.02098818 -0.0936141 -5.549619E-07 
-0.01190563 0.9412109 -0.3376095 0.2666135 
0.09519643 0.3371668 0.9366196 5.753835E-07 
0 0 0 1 
0.9953873 -0.02108171 -0.09359313 -5.198339E-07 
-0.01190572 0.9408728 -0.3385506 0.2666135 
0.09519646 0.3381033 0.9362819 5.806066E-07 
0 0 0 1 
0.9953873 -0.02117661 -0.09357174 -4.841892E-07 
-0.0119058 0.9405288 -0.3395052 0.2666135 
0.09519649 0.3390532 0.9359383 5.859065E-07 
0 0 0 1 
0.9953873 -0.02127272 -0.09354994 -4.480849E-07 
-0.01190585 0.9401793 -0.3404717 0.2666135 
0.09519649 0.340015 0.9355893 5.912748E-07 
0 0 0 1 
0.9953873 -0.02136989 -0.0935278 -4.115788E-07 
-0.0119059 0.9398249 -0.3414487 0.2666135 
0.0951965 0.3409872 0.9352354 5.967028E-07 
0 0 0 1 
0.9953873 -0.02146798 -0.09350536 -3.747279E-07 
-0.01190593 0.9394662 -0.3424344 0.2666135 
0.09519652 0.3419681 0.9348772 6.021821E-07 
0 0 0 1 
0.9953873 -0.02156682 -0.09348261 -3.3759E-07 
-0.01190594 0.9391037 -0.3434275 0.2666135 
0.09519651 0.3429564 0.9345151 6.077041E-07 
0 0 0 1 
0.9953873 -0.02166625 -0.09345961 -3.002223E-07 
-0.01190593 0.9387378 -0.3444263 0.2666135 
0.0951965 0.3439503 0.9341498 6.132602E-07 
0 0 0 1 
0.9953873 -0.02176614 -0.09343638 -2.626824E-07 
-0.01190591 0.9383692 -0.3454293 0.2666135 
0.09519648 0.3449484 0.9337817 6.188419E-07 
0 0 0 1 
0.9953873 -0.02186632 -0.09341297 -2.250275E-07 
-0.01190587 0.9379984 -0.346435 0.2666135 
0.09519648 0.3459491 0.9334114 6.244407E-07 
0 0 0 1 
0.9953873 -0.02196665 -0.09338941 -1.873152E-07 
-0.01190581 0.9376259 -0.3474419 0.2666135 
0.09519647 0.3469511 0.9330394 6.300481E-07 
0 0 0 1 
0.9953873 -0.02206695 -0.09336573 -1.496031E-07 
-0.01190575 0.9372523 -0.3484483 0.2666135 
0.09519644 0.3479526 0.9326664 6.356554E-07 
0 0 0 1 
0.9953873 -0.0221671 -0.09334194 -1.119481E-07 
-0.01190565 0.9368783 -0.3494529 0.2666135 
0.09519639 0.3489522 0.9322929 6.412542E-07 
0 0 0 1 
0.9953873 -0.02226693 -0.09331813 -7.440826E-08 
-0.01190554 0.9365042 -0.3504539 0.2666135 
0.09519636 0.3499484 0.9319194 6.46836E-07 
0 0 0 1 
0.9953873 -0.0223663 -0.09329432 -3.704042E-08 
-0.01190541 0.9361309 -0.35145 0.2666135 
0.09519633 0.3509395 0.9315466 6.523921E-07 
0 0 0 1 
0.9953873 -0.02246504 -0.09327053 9.754331E-11 
-0.01190527 0.9357588 -0.3524395 0.2666135 
0.09519629 0.3519242 0.9311751 6.57914E-07 
0 0 0 1 
0.9953873 -0.022563 -0.0932468 3.694822E-08 
-0.01190511 0.9353886 -0.353421 0.2666135 
0.09519623 0.3529009 0.9308054 6.633933E-07 
0 0 0 1 
0.9953873 -0.02266004 -0.09322321 7.345454E-08 
-0.01190494 0.9350207 -0.3543929 0.2666135 
0.0951962 0.353868 0.9304381 6.688214E-07 
0 0 0 1 
0.9953874 -0.022756 -0.09319974 1.095588E-07 
-0.01190476 0.934656 -0.3553538 0.2666135 
0.09519614 0.3548242 0.9300739 6.741896E-07 
0 0 0 1 
0.9953874 -0.02285073 -0.09317646 1.452036E-07 
-0.01190455 0.9342949 -0.3563021 0.2666135 
0.09519607 0.3557678 0.9297134 6.794896E-07 
0 0 0 1 
0.9953874 -0.02294408 -0.09315343 1.803315E-07 
-0.01190434 0.9339381 -0.3572363 0.2666135 
0.09519601 0.3566974 0.9293572 6.847126E-07 
0 0 0 1 
0.9953874 -0.02303588 -0.09313068 2.148851E-07 
-0.01190411 0.9335863 -0.3581548 0.2666135 
0.09519593 0.3576113 0.9290059 6.898504E-07 
0 0 0 1 
0.9953874 -0.023126 -0.09310824 2.488072E-07 
-0.01190388 0.93324 -0.3590561 0.2666135 
0.09519587 0.3585083 0.9286601 6.948941E-07 
0 0 0 1 
0.9953874 -0.02321428 -0.09308618 2.8204E-07 
-0.01190364 0.9328999 -0.3599389 0.2666135 
0.09519581 0.3593867 0.9283205 6.998355E-07 
0 0 0 1 
0.9953874 -0.02330056 -0.09306449 3.145261E-07 
-0.01190339 0.9325666 -0.3608015 0.2666135 
0.09519573 0.360245 0.9279878 7.046658E-07 
0 0 0 1 
0.9953874 -0.0233847 -0.09304327 3.462084E-07 
-0.01190313 0.9322408 -0.3616425 0.2666135 
0.09519564 0.3610819 0.9276624 7.093765E-07 
0 0 0 1 
0.9953874 -0.02346656 -0.09302256 3.770291E-07 
-0.01190287 0.9319231 -0.3624604 0.2666135 
0.09519558 0.3618957 0.9273453 7.139591E-07 
0 0 0 1 
0.9953874 -0.02354594 -0.09300239 4.069308E-07 
-0.01190261 0.9316142 -0.3632535 0.2666135 
0.0951955 0.3626849 0.9270369 7.184052E-07 
0 0 0 1 
0.9953874 -0.02362275 -0.0929828 4.358566E-07 
-0.01190234 0.9313148 -0.3640206 0.2666135 
0.09519543 0.3634482 0.926738 7.227061E-07 
0 0 0 1 
</float_array>
          <technique_common>
            <accessor count="111" offset="0" source="#Chest_0_0-Matrix-animation-output-transform-array" stride="16">
              <param type="float4x4" />
            </accessor>
          </technique_common>
        </source>
        <source id="Chest_0_0-Interpolations">
          <Name_array id="Chest_0_0-Interpolations-array" count="111">LINEAR
LINEAR
LINEAR
LINEAR
LINEAR
LINEAR
LINEAR
LINEAR
LINEAR
LINEAR
LINEAR
LINEAR
LINEAR
LINEAR
LINEAR
LINEAR
LINEAR
LINEAR
LINEAR
LINEAR
LINEAR
LINEAR
LINEAR
LINEAR
LINEAR
LINEAR
LINEAR
LINEAR
LINEAR
LINEAR
LINEAR
LINEAR
LINEAR
LINEAR
LINEAR
LINEAR
LINEAR
LINEAR
LINEAR
LINEAR
LINEAR
LINEAR
LINEAR
LINEAR
LINEAR
LINEAR
LINEAR
LINEAR
LINEAR
LINEAR
LINEAR
LINEAR
LINEAR
LINEAR
LINEAR
LINEAR
LINEAR
LINEAR
LINEAR
LINEAR
LINEAR
LINEAR
LINEAR
LINEAR
LINEAR
LINEAR
LINEAR
LINEAR
LINEAR
LINEAR
LINEAR
LINEAR
LINEAR
LINEAR
LINEAR
LINEAR
LINEAR
LINEAR
LINEAR
LINEAR
LINEAR
LINEAR
LINEAR
LINEAR
LINEAR
LINEAR
LINEAR
LINEAR
LINEAR
LINEAR
LINEAR
LINEAR
LINEAR
LINEAR
LINEAR
LINEAR
LINEAR
LINEAR
LINEAR
LINEAR
LINEAR
LINEAR
LINEAR
LINEAR
LINEAR
LINEAR
LINEAR
LINEAR
LINEAR
LINEAR
LINEAR</Name_array>
          <technique_common>
            <accessor count="111" offset="0" source="#Chest_0_0-Interpolations-array" stride="1">
              <param type="name" />
            </accessor>
          </technique_common>
        </source>
        <sampler id="Chest_0_0-Matrix-animation-transform">
          <input semantic="INPUT" source="#Chest_0_0-Matrix-animation-input" />
          <input semantic="OUTPUT" source="#Chest_0_0-Matrix-animation-output-transform" />
          <input semantic="INTERPOLATION" source="#Chest_0_0-Interpolations" />
        </sampler>
        <channel source="#Chest_0_0-Matrix-animation-transform" target="Chest/matrix" />
      </animation>
      <animation id="LeftThigh_0_1-anim" name="LeftThigh_0_1">
        <source id="LeftThigh_0_1-Matrix-animation-input">
          <float_array id="LeftThigh_0_1-Matrix-animation-input-array" count="111">0
0.01666667
0.03333334
0.05
0.06666667
0.08333334
0.1
0.1166667
0.1333333
0.15
0.1666667
0.1833333
0.2
0.2166667
0.2333333
0.25
0.2666667
0.2833334
0.3
0.3166667
0.3333334
0.3500001
0.3666668
0.3833334
0.4000001
0.4166668
0.4333335
0.4500002
0.4666668
0.4833335
0.5000002
0.5166668
0.5333335
0.5500001
0.5666668
0.5833334
0.6000001
0.6166667
0.6333334
0.65
0.6666667
0.6833333
0.7
0.7166666
0.7333333
0.7499999
0.7666666
0.7833332
0.7999999
0.8166665
0.8333332
0.8499998
0.8666665
0.8833331
0.8999998
0.9166664
0.9333331
0.9499997
0.9666664
0.9833331
0.9999997
1.016666
1.033333
1.05
1.066666
1.083333
1.1
1.116666
1.133333
1.15
1.166666
1.183333
1.2
1.216666
1.233333
1.25
1.266666
1.283333
1.299999
1.316666
1.333333
1.349999
1.366666
1.383333
1.399999
1.416666
1.433333
1.449999
1.466666
1.483333
1.499999
1.516666
1.533333
1.549999
1.566666
1.583333
1.599999
1.616666
1.633332
1.649999
1.666666
1.683332
1.699999
1.716666
1.733332
1.749999
1.766666
1.783332
1.799999
1.816666
1.833332
</float_array>
          <technique_common>
            <accessor count="111" offset="0" source="#LeftThigh_0_1-Matrix-animation-input-array" stride="1">
              <param name="TIME" type="float" />
            </accessor>
          </technique_common>
        </source>
        <source id="LeftThigh_0_1-Matrix-animation-output-transform">
          <float_array id="LeftThigh_0_1-Matrix-animation-output-transform-array" count="1776">0.9993806 -0.02932578 -0.01792335 0.1213383 
-0.006253833 -0.6679578 0.7441722 0.05255294 
-0.03379454 -0.7436208 -0.6677464 -0.00280688 
0 0 0 1 
0.9993806 -0.02934625 -0.01788945 0.1213383 
-0.006254744 -0.6671208 0.7449229 0.05255294 
-0.03379417 -0.7443712 -0.66691 -0.002806884 
0 0 0 1 
0.9993806 -0.02936758 -0.01785478 0.1213383 
-0.006255519 -0.6662542 0.7456978 0.05255294 
-0.03379423 -0.7451458 -0.6660442 -0.002806888 
0 0 0 1 
0.9993806 -0.02938927 -0.01781877 0.1213382 
-0.006256327 -0.6653604 0.7464957 0.05255294 
-0.03379392 -0.7459435 -0.6651509 -0.002806893 
0 0 0 1 
0.9993807 -0.02941138 -0.01778178 0.1213382 
-0.006257019 -0.66444 0.7473149 0.05255294 
-0.03379355 -0.7467624 -0.6642312 -0.002806898 
0 0 0 1 
0.9993807 -0.02943411 -0.01774384 0.1213382 
-0.006257776 -0.6634952 0.7481539 0.05255294 
-0.03379325 -0.7476012 -0.6632872 -0.002806902 
0 0 0 1 
0.9993807 -0.02945741 -0.01770501 0.1213381 
-0.006258602 -0.6625274 0.7490112 0.05255294 
-0.03379303 -0.7484581 -0.6623202 -0.002806907 
0 0 0 1 
0.9993807 -0.02948118 -0.01766548 0.1213381 
-0.006259343 -0.6615377 0.7498853 0.05255294 
-0.03379295 -0.749332 -0.6613312 -0.002806912 
0 0 0 1 
0.9993808 -0.02950498 -0.01762515 0.1213381 
-0.006259875 -0.6605285 0.7507746 0.05255294 
-0.03379255 -0.7502211 -0.6603227 -0.002806917 
0 0 0 1 
0.9993808 -0.02952922 -0.01758404 0.121338 
-0.006260507 -0.6595004 0.7516778 0.05255294 
-0.0337922 -0.7511238 -0.6592954 -0.002806922 
0 0 0 1 
0.9993808 -0.02955399 -0.01754253 0.121338 
-0.006261109 -0.6584554 0.7525932 0.05255294 
-0.03379217 -0.752039 -0.6582512 -0.002806927 
0 0 0 1 
0.9993808 -0.02957889 -0.01750034 0.121338 
-0.006261684 -0.6573952 0.7535194 0.05255294 
-0.03379197 -0.752965 -0.6571918 -0.002806932 
0 0 0 1 
0.9993808 -0.02960411 -0.01745752 0.1213379 
-0.006262407 -0.6563211 0.754455 0.05255294 
-0.03379178 -0.7539002 -0.6561186 -0.002806937 
0 0 0 1 
0.9993808 -0.02962945 -0.01741458 0.1213379 
-0.006262827 -0.6552351 0.7553985 0.05255294 
-0.03379175 -0.7548435 -0.6550334 -0.002806943 
0 0 0 1 
0.9993808 -0.0296548 -0.01737109 0.1213379 
-0.006263259 -0.6541384 0.7563483 0.05255294 
-0.03379153 -0.755793 -0.6539374 -0.002806948 
0 0 0 1 
0.9993808 -0.02968029 -0.01732726 0.1213378 
-0.006263725 -0.6530327 0.7573031 0.05255294 
-0.03379131 -0.7567475 -0.6528326 -0.002806953 
0 0 0 1 
0.9993808 -0.02970578 -0.01728343 0.1213378 
-0.006263934 -0.6519198 0.7582616 0.05255294 
-0.03379123 -0.7577057 -0.6517205 -0.002806959 
0 0 0 1 
0.9993808 -0.02973157 -0.01723935 0.1213378 
-0.006264358 -0.650801 0.759222 0.05255294 
-0.03379131 -0.7586659 -0.6506025 -0.002806964 
0 0 0 1 
0.9993808 -0.02975693 -0.01719505 0.1213377 
-0.006264548 -0.6496781 0.7601833 0.05255294 
-0.03379102 -0.7596267 -0.6494804 -0.00280697 
0 0 0 1 
0.9993808 -0.02978245 -0.01715073 0.1213377 
-0.006264827 -0.6485524 0.7611436 0.05255294 
-0.03379094 -0.7605868 -0.6483555 -0.002806975 
0 0 0 1 
0.9993808 -0.02980801 -0.01710675 0.1213377 
-0.006264908 -0.6474261 0.762102 0.05255294 
-0.03379116 -0.7615449 -0.6472301 -0.002806981 
0 0 0 1 
0.9993808 -0.0298333 -0.01706253 0.1213376 
-0.00626511 -0.6463005 0.7630567 0.05255294 
-0.03379109 -0.7624993 -0.6461053 -0.002806986 
0 0 0 1 
0.9993808 -0.02985837 -0.01701858 0.1213376 
-0.006265148 -0.6451774 0.7640067 0.05255294 
-0.03379105 -0.763449 -0.6449831 -0.002806992 
0 0 0 1 
0.9993807 -0.02988298 -0.01697479 0.1213375 
-0.006265025 -0.6440582 0.7649502 0.05255294 
-0.03379081 -0.7643923 -0.6438647 -0.002806997 
0 0 0 1 
0.9993808 -0.02990796 -0.0169315 0.1213375 
-0.006265083 -0.6429449 0.7658861 0.05255294 
-0.03379119 -0.7653279 -0.6427522 -0.002807002 
0 0 0 1 
0.9993808 -0.029932 -0.01688831 0.1213375 
-0.006264864 -0.6418391 0.7668131 0.05255294 
-0.0337909 -0.7662545 -0.6416472 -0.002807008 
0 0 0 1 
0.9993808 -0.0299561 -0.01684571 0.1213374 
-0.006264703 -0.6407425 0.7677298 0.05255294 
-0.03379102 -0.767171 -0.6405514 -0.002807013 
0 0 0 1 
0.9993807 -0.02997961 -0.01680344 0.1213374 
-0.00626446 -0.6396566 0.7686348 0.05255294 
-0.03379086 -0.7680758 -0.6394663 -0.002807018 
0 0 0 1 
0.9993808 -0.03000335 -0.01676186 0.1213374 
-0.006264451 -0.6385832 0.7695268 0.05255294 
-0.03379129 -0.7689675 -0.6383937 -0.002807023 
0 0 0 1 
0.9993808 -0.03002609 -0.01672099 0.1213373 
-0.006263945 -0.6375243 0.7704045 0.05255294 
-0.03379133 -0.7698449 -0.6373355 -0.002807028 
0 0 0 1 
0.9993808 -0.03004862 -0.01668059 0.1213373 
-0.006263706 -0.6364807 0.7712665 0.05255294 
-0.03379143 -0.7707066 -0.6362928 -0.002807033 
0 0 0 1 
0.9993808 -0.03007056 -0.01664099 0.1213373 
-0.006263314 -0.6354554 0.7721117 0.05255294 
-0.0337915 -0.7715515 -0.6352682 -0.002807038 
0 0 0 1 
0.9993808 -0.03009237 -0.01660225 0.1213372 
-0.006263076 -0.6344493 0.7729386 0.05255294 
-0.0337919 -0.7723783 -0.6342627 -0.002807043 
0 0 0 1 
0.9993808 -0.0301131 -0.01656424 0.1213372 
-0.006262571 -0.6334643 0.773746 0.05255294 
-0.03379181 -0.7731854 -0.6332784 -0.002807048 
0 0 0 1 
0.9993808 -0.03013333 -0.01652733 0.1213372 
-0.006261954 -0.6325023 0.7745326 0.05255294 
-0.03379189 -0.7739719 -0.632317 -0.002807052 
0 0 0 1 
0.9993808 -0.03015338 -0.01649125 0.1213371 
-0.006261707 -0.6315647 0.7752972 0.05255294 
-0.03379219 -0.7747363 -0.6313801 -0.002807057 
0 0 0 1 
0.9993807 -0.03017264 -0.01645633 0.1213371 
-0.006261245 -0.6306534 0.7760386 0.05255294 
-0.03379244 -0.7754775 -0.6304696 -0.002807061 
0 0 0 1 
0.9993807 -0.03019107 -0.01642263 0.1213371 
-0.006260588 -0.6297706 0.7767553 0.05255294 
-0.03379263 -0.776194 -0.6295872 -0.002807065 
0 0 0 1 
0.9993808 -0.03020856 -0.01638975 0.1213371 
-0.006260057 -0.6289175 0.7774463 0.05255294 
-0.03379239 -0.7768849 -0.6287349 -0.002807069 
0 0 0 1 
0.9993807 -0.03022578 -0.01635846 0.121337 
-0.00625951 -0.6280959 0.7781101 0.05255294 
-0.03379273 -0.7775484 -0.6279138 -0.002807073 
0 0 0 1 
0.9993807 -0.03024213 -0.01632836 0.121337 
-0.006258986 -0.6273076 0.7787457 0.05255294 
-0.03379291 -0.7781837 -0.627126 -0.002807077 
0 0 0 1 
0.9993807 -0.03025777 -0.01629966 0.121337 
-0.006258503 -0.6265549 0.7793517 0.05255294 
-0.03379313 -0.7787896 -0.6263739 -0.002807081 
0 0 0 1 
0.9993807 -0.03027244 -0.01627238 0.121337 
-0.006257915 -0.6258388 0.7799267 0.05255294 
-0.03379324 -0.7793645 -0.6256583 -0.002807084 
0 0 0 1 
0.9993807 -0.03028634 -0.01624657 0.1213369 
-0.0062574 -0.6251613 0.7804698 0.05255294 
-0.03379337 -0.7799074 -0.6249813 -0.002807087 
0 0 0 1 
0.9993807 -0.03029921 -0.01622228 0.1213369 
-0.006256831 -0.6245245 0.7809797 0.05255294 
-0.03379333 -0.7804171 -0.6243449 -0.00280709 
0 0 0 1 
0.9993807 -0.03031143 -0.01619969 0.1213369 
-0.006256377 -0.6239297 0.781455 0.05255294 
-0.03379355 -0.7808923 -0.6237504 -0.002807093 
0 0 0 1 
0.9993807 -0.03032279 -0.01617871 0.1213369 
-0.006256053 -0.6233788 0.7818943 0.05255294 
-0.03379375 -0.7813315 -0.6231999 -0.002807095 
0 0 0 1 
0.9993807 -0.03033293 -0.01615966 0.1213369 
-0.006255441 -0.6228737 0.7822968 0.05255294 
-0.03379385 -0.7817339 -0.6226951 -0.002807098 
0 0 0 1 
0.9993806 -0.03034239 -0.0161423 0.1213368 
-0.006255151 -0.6224161 0.7826609 0.05255294 
-0.0337941 -0.7820979 -0.622238 -0.0028071 
0 0 0 1 
0.9993806 -0.0303506 -0.01612682 0.1213368 
-0.006254753 -0.6220078 0.7829854 0.05255294 
-0.03379416 -0.7824223 -0.6218299 -0.002807102 
0 0 0 1 
0.9993806 -0.03035798 -0.01611341 0.1213368 
-0.006254418 -0.6216503 0.7832692 0.05255294 
-0.03379444 -0.782706 -0.6214727 -0.002807104 
0 0 0 1 
0.9993806 -0.0303641 -0.01610181 0.1213368 
-0.00625417 -0.6213456 0.7835109 0.05255294 
-0.03379446 -0.7829477 -0.6211682 -0.002807105 
0 0 0 1 
0.9993806 -0.03036913 -0.01609222 0.1213368 
-0.006254021 -0.6210954 0.7837093 0.05255294 
-0.03379444 -0.783146 -0.6209182 -0.002807106 
0 0 0 1 
0.9993806 -0.03037275 -0.01608482 0.1213368 
-0.006253696 -0.6209015 0.7838631 0.05255294 
-0.03379423 -0.7832997 -0.6207243 -0.002807107 
0 0 0 1 
0.9993806 -0.03037582 -0.01607982 0.1213368 
-0.006253659 -0.6207653 0.7839708 0.05255294 
-0.03379462 -0.7834074 -0.6205884 -0.002807108 
0 0 0 1 
0.9993806 -0.03037722 -0.01607695 0.1213368 
-0.006253479 -0.6206889 0.7840315 0.05255294 
-0.03379454 -0.7834681 -0.6205119 -0.002807108 
0 0 0 1 
0.9993806 -0.0303774 -0.01607626 0.1213368 
-0.006253473 -0.6206737 0.7840434 0.05255294 
-0.03379437 -0.78348 -0.6204967 -0.002807108 
0 0 0 1 
0.9993806 -0.03037644 -0.01607811 0.1213368 
-0.006253519 -0.6207222 0.7840052 0.05255294 
-0.03379437 -0.7834418 -0.6205452 -0.002807108 
0 0 0 1 
0.9993806 -0.03037434 -0.01608248 0.1213368 
-0.00625361 -0.6208341 0.7839165 0.05255294 
-0.03379456 -0.7833531 -0.6206569 -0.002807108 
0 0 0 1 
0.9993806 -0.03037082 -0.0160889 0.1213368 
-0.006253877 -0.6210077 0.783779 0.05255294 
-0.0337944 -0.7832157 -0.6208305 -0.002807107 
0 0 0 1 
0.9993806 -0.03036624 -0.01609777 0.1213368 
-0.006254153 -0.6212411 0.7835939 0.05255294 
-0.03379446 -0.7830306 -0.6210636 -0.002807106 
0 0 0 1 
0.9993806 -0.03036044 -0.01610887 0.1213368 
-0.006254418 -0.6215326 0.7833628 0.05255294 
-0.0337945 -0.7827995 -0.6213549 -0.002807104 
0 0 0 1 
0.9993806 -0.03035304 -0.01612203 0.1213368 
-0.006254509 -0.6218802 0.783087 0.05255294 
-0.0337941 -0.7825238 -0.6217023 -0.002807103 
0 0 0 1 
0.9993806 -0.03034501 -0.01613719 0.1213368 
-0.006254984 -0.6222819 0.7827678 0.05255294 
-0.03379403 -0.7822047 -0.6221038 -0.002807101 
0 0 0 1 
0.9993806 -0.03033587 -0.01615446 0.1213369 
-0.006255393 -0.622736 0.7824064 0.05255294 
-0.033794 -0.7818435 -0.6225576 -0.002807098 
0 0 0 1 
0.9993807 -0.03032551 -0.01617349 0.1213369 
-0.006255856 -0.6232409 0.7820045 0.05255294 
-0.03379372 -0.7814417 -0.6230621 -0.002807096 
0 0 0 1 
0.9993806 -0.03031452 -0.01619468 0.1213369 
-0.006256351 -0.6237938 0.7815633 0.05255294 
-0.03379392 -0.7810006 -0.6236147 -0.002807094 
0 0 0 1 
0.9993807 -0.03030196 -0.0162174 0.1213369 
-0.006256714 -0.6243939 0.7810841 0.05255294 
-0.03379348 -0.7805216 -0.6242144 -0.002807091 
0 0 0 1 
0.9993807 -0.03028894 -0.01624189 0.1213369 
-0.006257359 -0.6250384 0.7805681 0.05255294 
-0.03379346 -0.7800057 -0.6248584 -0.002807088 
0 0 0 1 
0.9993806 -0.03027502 -0.01626811 0.121337 
-0.006257981 -0.6257262 0.780017 0.05255294 
-0.03379348 -0.7794547 -0.6255457 -0.002807084 
0 0 0 1 
0.9993807 -0.03025962 -0.01629571 0.121337 
-0.006258397 -0.6264549 0.7794319 0.05255294 
-0.03379291 -0.7788699 -0.6262739 -0.002807081 
0 0 0 1 
0.9993807 -0.03024381 -0.0163251 0.121337 
-0.00625889 -0.6272227 0.7788143 0.05255294 
-0.03379285 -0.7782524 -0.6270413 -0.002807077 
0 0 0 1 
0.9993807 -0.03022748 -0.01635594 0.121337 
-0.006259581 -0.6280276 0.7781653 0.05255294 
-0.03379301 -0.7776036 -0.6278456 -0.002807074 
0 0 0 1 
0.9993807 -0.03020977 -0.01638801 0.1213371 
-0.006260015 -0.628868 0.7774864 0.05255294 
-0.03379263 -0.7769248 -0.6286854 -0.00280707 
0 0 0 1 
0.9993808 -0.03019117 -0.01642128 0.1213371 
-0.00626045 -0.6297416 0.7767787 0.05255294 
-0.0337921 -0.7762173 -0.6295584 -0.002807065 
0 0 0 1 
0.9993808 -0.03017259 -0.01645601 0.1213371 
-0.006261182 -0.630647 0.7760439 0.05255294 
-0.03379226 -0.7754828 -0.6304632 -0.002807061 
0 0 0 1 
0.9993808 -0.03015291 -0.016492 0.1213371 
-0.006261581 -0.6315822 0.7752832 0.05255294 
-0.03379216 -0.7747223 -0.6313977 -0.002807057 
0 0 0 1 
0.9993808 -0.0301325 -0.0165289 0.1213372 
-0.006262077 -0.6325449 0.7744978 0.05255294 
-0.03379188 -0.7739372 -0.6323597 -0.002807052 
0 0 0 1 
0.9993808 -0.03011177 -0.01656696 0.1213372 
-0.006262648 -0.6335335 0.7736894 0.05255294 
-0.03379194 -0.7731289 -0.6333476 -0.002807047 
0 0 0 1 
0.9993808 -0.03008991 -0.01660584 0.1213372 
-0.006262977 -0.6345465 0.772859 0.05255294 
-0.03379149 -0.7722989 -0.6343598 -0.002807043 
0 0 0 1 
0.9993808 -0.03006779 -0.01664579 0.1213373 
-0.006263338 -0.635581 0.7720083 0.05255294 
-0.03379139 -0.7714483 -0.6353936 -0.002807037 
0 0 0 1 
0.9993808 -0.03004509 -0.01668647 0.1213373 
-0.006263718 -0.636636 0.7711384 0.05255294 
-0.0337912 -0.7705787 -0.6364478 -0.002807033 
0 0 0 1 
0.9993808 -0.03002201 -0.01672798 0.1213373 
-0.006264092 -0.6377096 0.770251 0.05255294 
-0.03379114 -0.7696915 -0.6375206 -0.002807027 
0 0 0 1 
0.9993808 -0.0299986 -0.01677028 0.1213374 
-0.006264442 -0.6387995 0.7693471 0.05255294 
-0.03379125 -0.7687878 -0.6386098 -0.002807022 
0 0 0 1 
0.9993808 -0.02997446 -0.01681316 0.1213374 
-0.0062646 -0.6399046 0.7684285 0.05255294 
-0.03379111 -0.7678695 -0.6397141 -0.002807017 
0 0 0 1 
0.9993808 -0.02994988 -0.01685658 0.1213374 
-0.006264686 -0.6410223 0.7674963 0.05255294 
-0.03379092 -0.7669376 -0.6408309 -0.002807011 
0 0 0 1 
0.9993808 -0.02992536 -0.01690049 0.1213375 
-0.006265001 -0.6421509 0.7665522 0.05255294 
-0.03379108 -0.7659938 -0.6419588 -0.002807006 
0 0 0 1 
0.9993808 -0.02989998 -0.01694486 0.1213375 
-0.00626491 -0.643289 0.7655973 0.05255294 
-0.03379085 -0.7650393 -0.6430961 -0.002807001 
0 0 0 1 
0.9993808 -0.02987498 -0.01698962 0.1213376 
-0.006265149 -0.6444343 0.7646334 0.05255294 
-0.03379117 -0.7640755 -0.6442404 -0.002806995 
0 0 0 1 
0.9993808 -0.02984908 -0.01703442 0.1213376 
-0.006265108 -0.6455855 0.7636619 0.05255294 
-0.03379084 -0.7631043 -0.6453909 -0.002806989 
0 0 0 1 
0.9993808 -0.02982351 -0.01707985 0.1213376 
-0.006265054 -0.6467405 0.762684 0.05255294 
-0.0337912 -0.7621267 -0.646545 -0.002806984 
0 0 0 1 
0.9993808 -0.02979735 -0.01712522 0.1213377 
-0.006264829 -0.6478972 0.7617015 0.05255294 
-0.03379114 -0.7611445 -0.6477008 -0.002806978 
0 0 0 1 
0.9993808 -0.0297713 -0.01717066 0.1213377 
-0.006264727 -0.6490546 0.7607155 0.05255294 
-0.03379125 -0.7601588 -0.6488574 -0.002806973 
0 0 0 1 
0.9993808 -0.02974516 -0.01721611 0.1213377 
-0.006264563 -0.6502103 0.759728 0.05255294 
-0.03379138 -0.7591716 -0.6500123 -0.002806967 
0 0 0 1 
0.9993808 -0.02971873 -0.01726152 0.1213378 
-0.006264179 -0.6513628 0.7587401 0.05255294 
-0.03379137 -0.758184 -0.651164 -0.002806962 
0 0 0 1 
0.9993808 -0.02969234 -0.01730671 0.1213378 
-0.006263853 -0.6525102 0.7577535 0.05255294 
-0.03379134 -0.7571977 -0.6523106 -0.002806956 
0 0 0 1 
0.9993808 -0.02966622 -0.01735176 0.1213379 
-0.006263582 -0.6536508 0.7567697 0.05255294 
-0.03379156 -0.7562142 -0.6534503 -0.00280695 
0 0 0 1 
0.9993808 -0.02963994 -0.01739664 0.1213379 
-0.006263035 -0.6547833 0.7557903 0.05255294 
-0.03379166 -0.7552352 -0.6545818 -0.002806945 
0 0 0 1 
0.9993808 -0.02961388 -0.01744098 0.1213379 
-0.006262662 -0.6559051 0.7548168 0.05255294 
-0.03379175 -0.754262 -0.6557029 -0.002806939 
0 0 0 1 
0.9993808 -0.02958774 -0.01748506 0.121338 
-0.00626198 -0.6570153 0.7538508 0.05255294 
-0.03379175 -0.7532963 -0.6568121 -0.002806934 
0 0 0 1 
0.9993808 -0.02956227 -0.01752882 0.121338 
-0.006261452 -0.6581116 0.7528937 0.05255294 
-0.03379224 -0.7523394 -0.6579078 -0.002806928 
0 0 0 1 
0.9993808 -0.02953651 -0.01757176 0.121338 
-0.006260732 -0.659193 0.7519473 0.05255294 
-0.03379214 -0.7513934 -0.6589882 -0.002806923 
0 0 0 1 
0.9993808 -0.02951151 -0.01761429 0.1213381 
-0.006260133 -0.660257 0.751013 0.05255294 
-0.03379256 -0.7504594 -0.6600515 -0.002806918 
0 0 0 1 
0.9993808 -0.02948648 -0.01765605 0.1213381 
-0.006259318 -0.6613023 0.7500926 0.05255294 
-0.03379265 -0.7495393 -0.6610959 -0.002806913 
0 0 0 1 
0.9993808 -0.02946195 -0.01769699 0.1213381 
-0.006258607 -0.6623278 0.7491878 0.05255294 
-0.03379279 -0.7486347 -0.6621206 -0.002806908 
0 0 0 1 
0.9993807 -0.02943789 -0.01773723 0.1213382 
-0.006257805 -0.6633307 0.7482997 0.05255294 
-0.03379307 -0.7477469 -0.6631228 -0.002806903 
0 0 0 1 
0.9993806 -0.02941465 -0.01777655 0.1213382 
-0.00625722 -0.6643099 0.7474303 0.05255294 
-0.03379361 -0.7468778 -0.6641013 -0.002806898 
0 0 0 1 
0.9993807 -0.02939133 -0.01781493 0.1213382 
-0.006256217 -0.6652642 0.7465814 0.05255294 
-0.03379371 -0.7460291 -0.6650549 -0.002806893 
0 0 0 1 
0.9993806 -0.02936898 -0.01785214 0.1213383 
-0.00625556 -0.6661912 0.7457543 0.05255294 
-0.03379404 -0.7452023 -0.6659811 -0.002806889 
0 0 0 1 
0.9993806 -0.02934688 -0.01788829 0.1213383 
-0.006254614 -0.6670896 0.7449507 0.05255294 
-0.03379413 -0.744399 -0.6668789 -0.002806884 
0 0 0 1 
0.9993806 -0.02932578 -0.01792335 0.1213383 
-0.006253833 -0.6679578 0.7441723 0.05255294 
-0.03379454 -0.7436209 -0.6677464 -0.00280688 
0 0 0 1 
</float_array>
          <technique_common>
            <accessor count="111" offset="0" source="#LeftThigh_0_1-Matrix-animation-output-transform-array" stride="16">
              <param type="float4x4" />
            </accessor>
          </technique_common>
        </source>
        <source id="LeftThigh_0_1-Interpolations">
          <Name_array id="LeftThigh_0_1-Interpolations-array" count="111">LINEAR
LINEAR
LINEAR
LINEAR
LINEAR
LINEAR
LINEAR
LINEAR
LINEAR
LINEAR
LINEAR
LINEAR
LINEAR
LINEAR
LINEAR
LINEAR
LINEAR
LINEAR
LINEAR
LINEAR
LINEAR
LINEAR
LINEAR
LINEAR
LINEAR
LINEAR
LINEAR
LINEAR
LINEAR
LINEAR
LINEAR
LINEAR
LINEAR
LINEAR
LINEAR
LINEAR
LINEAR
LINEAR
LINEAR
LINEAR
LINEAR
LINEAR
LINEAR
LINEAR
LINEAR
LINEAR
LINEAR
LINEAR
LINEAR
LINEAR
LINEAR
LINEAR
LINEAR
LINEAR
LINEAR
LINEAR
LINEAR
LINEAR
LINEAR
LINEAR
LINEAR
LINEAR
LINEAR
LINEAR
LINEAR
LINEAR
LINEAR
LINEAR
LINEAR
LINEAR
LINEAR
LINEAR
LINEAR
LINEAR
LINEAR
LINEAR
LINEAR
LINEAR
LINEAR
LINEAR
LINEAR
LINEAR
LINEAR
LINEAR
LINEAR
LINEAR
LINEAR
LINEAR
LINEAR
LINEAR
LINEAR
LINEAR
LINEAR
LINEAR
LINEAR
LINEAR
LINEAR
LINEAR
LINEAR
LINEAR
LINEAR
LINEAR
LINEAR
LINEAR
LINEAR
LINEAR
LINEAR
LINEAR
LINEAR
LINEAR
LINEAR</Name_array>
          <technique_common>
            <accessor count="111" offset="0" source="#LeftThigh_0_1-Interpolations-array" stride="1">
              <param type="name" />
            </accessor>
          </technique_common>
        </source>
