<?xml version="1.0" encoding="utf-8"?>
<COLLADA xmlns:xsi="http://www.w3.org/2001/XMLSchema-instance" xmlns:xsd="http://www.w3.org/2001/XMLSchema" version="1.4.1" xmlns="http://www.collada.org/2005/11/COLLADASchema">
  <asset>
    <created>2017-06-01T10:06:24.8532142+03:00</created>
    <modified>2017-06-01T10:06:24.8532142+03:00</modified>
    <unit meter="1" name="meter" />
    <up_axis>Y_UP</up_axis>
    <contributor>
      <authoring_tool>Skele: Character Animation Tools</authoring_tool>
      <comments>https://www.assetstore.unity3d.com/en/#!/content/16899</comments>
    </contributor>
    <revision>1.0</revision>
  </asset>
  <library_animation_clips>
    <animation_clip name="KamaraWonder" start="0" end="3.2666666507720947">
      <instance_animation url="KamaraWonder_0" />
    </animation_clip>
  </library_animation_clips>
  <library_animations>
    <animation id="KamaraWonder_0" name="KamaraWonder">
      <animation id="RightUpperArm_0_0-anim" name="RightUpperArm_0_0">
        <source id="RightUpperArm_0_0-Matrix-animation-input">
          <float_array id="RightUpperArm_0_0-Matrix-animation-input-array" count="197">0
0.01666667
0.03333334
0.05
0.06666667
0.08333334
0.1
0.1166667
0.1333333
0.15
0.1666667
0.1833333
0.2
0.2166667
0.2333333
0.25
0.2666667
0.2833334
0.3
0.3166667
0.3333334
0.3500001
0.3666668
0.3833334
0.4000001
0.4166668
0.4333335
0.4500002
0.4666668
0.4833335
0.5000002
0.5166668
0.5333335
0.5500001
0.5666668
0.5833334
0.6000001
0.6166667
0.6333334
0.65
0.6666667
0.6833333
0.7
0.7166666
0.7333333
0.7499999
0.7666666
0.7833332
0.7999999
0.8166665
0.8333332
0.8499998
0.8666665
0.8833331
0.8999998
0.9166664
0.9333331
0.9499997
0.9666664
0.9833331
0.9999997
1.016666
1.033333
1.05
1.066666
1.083333
1.1
1.116666
1.133333
1.15
1.166666
1.183333
1.2
1.216666
1.233333
1.25
1.266666
1.283333
1.299999
1.316666
1.333333
1.349999
1.366666
1.383333
1.399999
1.416666
1.433333
1.449999
1.466666
1.483333
1.499999
1.516666
1.533333
1.549999
1.566666
1.583333
1.599999
1.616666
1.633332
1.649999
1.666666
1.683332
1.699999
1.716666
1.733332
1.749999
1.766666
1.783332
1.799999
1.816666
1.833332
1.849999
1.866666
1.883332
1.899999
1.916666
1.933332
1.949999
1.966666
1.983332
1.999999
2.016665
2.033332
2.049999
2.066665
2.083332
2.099999
2.116665
2.133332
2.149999
2.166665
2.183332
2.199999
2.216665
2.233332
2.249999
2.266665
2.283332
2.299999
2.316665
2.333332
2.349998
2.366665
2.383332
2.399998
2.416665
2.433332
2.449998
2.466665
2.483332
2.499998
2.516665
2.533332
2.549998
2.566665
2.583332
2.599998
2.616665
2.633332
2.649998
2.666665
2.683331
2.699998
2.716665
2.733331
2.749998
2.766665
2.783331
2.799998
2.816665
2.833331
2.849998
2.866665
2.883331
2.899998
2.916665
2.933331
2.949998
2.966665
2.983331
2.999998
3.016665
3.033331
3.049998
3.066664
3.083331
3.099998
3.116664
3.133331
3.149998
3.166664
3.183331
3.199998
3.216664
3.233331
3.249998
3.266664
</float_array>
          <technique_common>
            <accessor count="197" offset="0" source="#RightUpperArm_0_0-Matrix-animation-input-array" stride="1">
              <param name="TIME" type="float" />
            </accessor>
          </technique_common>
        </source>
        <source id="RightUpperArm_0_0-Matrix-animation-output-transform">
          <float_array id="RightUpperArm_0_0-Matrix-animation-output-transform-array" count="3152">0.9494351 -0.2591279 -0.1772697 -0.1932967 
-0.3116873 -0.845775 -0.4330299 0.2713284 
-0.03772018 0.4663866 -0.8837761 -1.919049E-06 
0 0 0 1 
0.9487395 -0.2563117 -0.1849234 -0.1932967 
-0.3135978 -0.836261 -0.4498035 0.2713284 
-0.03935429 0.484738 -0.8737734 -1.855781E-06 
0 0 0 1 
0.9480744 -0.2530347 -0.1926851 -0.1932968 
-0.3154111 -0.8258646 -0.4674006 0.2713284 
-0.04086319 0.5039057 -0.8627917 -1.790262E-06 
0 0 0 1 
0.947459 -0.2492629 -0.2004702 -0.1932968 
-0.3170755 -0.8145839 -0.4857113 0.2713284 
-0.04223 0.5237558 -0.8508208 -1.722661E-06 
0 0 0 1 
0.9469131 -0.2449697 -0.2081933 -0.1932969 
-0.3185394 -0.8024246 -0.5046253 0.2713284 
-0.04344151 0.5441542 -0.8378596 -1.653146E-06 
0 0 0 1 
0.9464554 -0.2401346 -0.2157701 -0.1932969 
-0.3197529 -0.7893969 -0.5240325 0.2713284 
-0.04448986 0.5649665 -0.8239134 -1.581886E-06 
0 0 0 1 
0.9461038 -0.2347458 -0.2231166 -0.193297 
-0.320668 -0.7755182 -0.5438229 0.2713284 
-0.04537082 0.5860594 -0.808997 -1.509051E-06 
0 0 0 1 
0.9458751 -0.2287994 -0.2301526 -0.193297 
-0.3212404 -0.7608121 -0.5638877 0.2713285 
-0.04608575 0.6073018 -0.7931334 -1.434808E-06 
0 0 0 1 
0.945784 -0.2222995 -0.2368006 -0.1932971 
-0.3214284 -0.7453099 -0.5841203 0.2713285 
-0.04664014 0.6285663 -0.7763563 -1.359328E-06 
0 0 0 1 
0.9458433 -0.2152595 -0.2429873 -0.1932972 
-0.3211952 -0.7290502 -0.6044161 0.2713285 
-0.04704364 0.6497294 -0.7587082 -1.282778E-06 
0 0 0 1 
0.9460629 -0.2076999 -0.2486461 -0.1932972 
-0.3205085 -0.7120796 -0.6246732 0.2713285 
-0.04731119 0.6706735 -0.7402423 -1.205327E-06 
0 0 0 1 
0.9464499 -0.1996499 -0.2537153 -0.1932973 
-0.3193416 -0.6944501 -0.6447942 0.2713285 
-0.04745949 0.6912874 -0.7210194 -1.127145E-06 
0 0 0 1 
0.9470087 -0.1911451 -0.2581421 -0.1932973 
-0.3176736 -0.6762226 -0.6646848 0.2713285 
-0.04751027 0.7114673 -0.7011109 -1.048401E-06 
0 0 0 1 
0.9477395 -0.1822287 -0.2618808 -0.1932974 
-0.3154898 -0.6574636 -0.6842568 0.2713285 
-0.04748585 0.7311181 -0.6805962 -9.692619E-07 
0 0 0 1 
0.9486401 -0.1729479 -0.2648962 -0.1932975 
-0.3127826 -0.6382456 -0.7034267 0.2713285 
-0.04741262 0.7501539 -0.659561 -8.89898E-07 
0 0 0 1 
0.9497045 -0.1633564 -0.2671615 -0.1932975 
-0.3095508 -0.6186476 -0.7221173 0.2713285 
-0.04731631 0.7684982 -0.6380998 -8.104778E-07 
0 0 0 1 
0.950923 -0.1535116 -0.2686611 -0.1932976 
-0.3058014 -0.598752 -0.7402576 0.2713285 
-0.04722319 0.7860849 -0.6163116 -7.311701E-07 
0 0 0 1 
0.9522834 -0.1434728 -0.2693897 -0.1932977 
-0.3015479 -0.5786469 -0.7577838 0.2713285 
-0.04716013 0.8028591 -0.5943003 -6.521439E-07 
0 0 0 1 
0.9537707 -0.133302 -0.2693531 -0.1932977 
-0.2968116 -0.5584228 -0.7746395 0.2713285 
-0.04715191 0.8187757 -0.5721734 -5.735678E-07 
0 0 0 1 
0.9553671 -0.1230619 -0.2685676 -0.1932978 
-0.291621 -0.5381736 -0.7907755 0.2713285 
-0.04722162 0.8338009 -0.5500413 -4.956108E-07 
0 0 0 1 
0.9570529 -0.112815 -0.2670608 -0.1932978 
-0.2860118 -0.5179949 -0.8061503 0.2713285 
-0.04739027 0.8479111 -0.5280153 -4.184418E-07 
0 0 0 1 
0.9588072 -0.1026226 -0.2648706 -0.1932979 
-0.2800265 -0.4979834 -0.8207298 0.2713285 
-0.04767572 0.8610926 -0.5062075 -3.422294E-07 
0 0 0 1 
0.9606075 -0.09254408 -0.2620454 -0.193298 
-0.2737137 -0.4782363 -0.8344882 0.2713285 
-0.04809269 0.8733412 -0.4847284 -2.671428E-07 
0 0 0 1 
0.9624314 -0.08263663 -0.2586429 -0.193298 
-0.267129 -0.4588507 -0.8474066 0.2713285 
-0.04865162 0.8846618 -0.4636873 -1.933506E-07 
0 0 0 1 
0.9642561 -0.07295352 -0.2547294 -0.1932981 
-0.2603321 -0.4399227 -0.8594737 0.2713285 
-0.0493596 0.8950672 -0.4431907 -1.210216E-07 
0 0 0 1 
0.9660596 -0.06354538 -0.2503795 -0.1932981 
-0.2533889 -0.4215474 -0.8706847 0.2713285 
-0.05021882 0.9045769 -0.423342 -5.032496E-08 
0 0 0 1 
0.9678208 -0.0544578 -0.2456753 -0.1932982 
-0.2463689 -0.4038174 -0.8810411 0.2713285 
-0.05122842 0.9132168 -0.4042399 1.857097E-08 
0 0 0 1 
0.9695199 -0.04573185 -0.2407048 -0.1932983 
-0.239345 -0.3868245 -0.8905509 0.2713285 
-0.05238393 0.9210184 -0.38598 8.549705E-08 
0 0 0 1 
0.9711392 -0.03740662 -0.2355599 -0.1932983 
-0.2323934 -0.3706557 -0.8992261 0.2713285 
-0.0536746 0.9280164 -0.3686517 1.502844E-07 
0 0 0 1 
0.9726625 -0.02951413 -0.230338 -0.1932984 
-0.2255919 -0.3553981 -0.9070833 0.2713285 
-0.05508992 0.9342484 -0.3523409 2.127645E-07 
0 0 0 1 
0.9740761 -0.0220842 -0.2251381 -0.1932984 
-0.2190197 -0.341135 -0.914143 0.2713285 
-0.05661435 0.9397546 -0.3371286 2.727677E-07 
0 0 0 1 
0.9753681 -0.01514404 -0.220061 -0.1932984 
-0.2127569 -0.3279463 -0.9204269 0.2713285 
-0.05822918 0.9445747 -0.3230906 3.301261E-07 
0 0 0 1 
0.976529 -0.008715626 -0.2152075 -0.1932985 
-0.2068822 -0.3159105 -0.9259592 0.2713285 
-0.05991596 0.9487487 -0.310299 3.846706E-07 
0 0 0 1 
0.977551 -0.002819433 -0.2106776 -0.1932985 
-0.2014739 -0.3051032 -0.9307632 0.2713285 
-0.06165418 0.9523147 -0.2988223 4.362319E-07 
0 0 0 1 
0.9784282 0.002524785 -0.2065691 -0.1932986 
-0.1966083 -0.2955989 -0.9348616 0.2713285 
-0.06342193 0.9553084 -0.2887262 4.84642E-07 
0 0 0 1 
0.979156 0.007300061 -0.2029762 -0.1932986 
-0.1923582 -0.2874701 -0.9382747 0.2713285 
-0.06519902 0.9577615 -0.2800741 5.297311E-07 
0 0 0 1 
0.9797306 0.01148822 -0.1999876 -0.1932986 
-0.1887928 -0.2807871 -0.9410185 0.2713285 
-0.06696456 0.959701 -0.272927 5.713312E-07 
0 0 0 1 
0.9801487 0.01507135 -0.1976873 -0.1932987 
-0.1859773 -0.2756214 -0.9431041 0.2713285 
-0.06870067 0.9611478 -0.2673472 6.09273E-07 
0 0 0 1 
0.9804075 0.01802989 -0.1961505 -0.1932987 
-0.1839705 -0.2720422 -0.9445358 0.2713285 
-0.07039106 0.9621161 -0.2633954 6.433875E-07 
0 0 0 1 
0.9805034 0.02034146 -0.1954442 -0.1932987 
-0.1828249 -0.2701204 -0.9453095 0.2713285 
-0.07202243 0.9626113 -0.2611352 6.735063E-07 
0 0 0 1 
0.9804319 0.02198231 -0.195625 -0.1932988 
-0.1825852 -0.2699257 -0.9454113 0.2713285 
-0.07358654 0.9626298 -0.2606303 6.994608E-07 
0 0 0 1 
0.9801877 0.02292261 -0.1967376 -0.1932988 
-0.1832878 -0.2715299 -0.9448159 0.2713285 
-0.07507778 0.9621567 -0.261949 7.210813E-07 
0 0 0 1 
0.979764 0.0231303 -0.1988125 -0.1932988 
-0.1849583 -0.275004 -0.9434845 0.2713285 
-0.07649732 0.9611644 -0.2651611 7.381993E-07 
0 0 0 1 
0.9791527 0.02256693 -0.2018656 -0.1932988 
-0.1876118 -0.2804204 -0.9413639 0.2713285 
-0.07785092 0.9596115 -0.2703408 7.50646E-07 
0 0 0 1 
0.9783019 0.02107107 -0.2061078 -0.1932988 
-0.1914513 -0.2882919 -0.938208 0.2713285 
-0.07918823 0.9573104 -0.2780027 7.572838E-07 
0 0 0 1 
0.977172 0.01852098 -0.2116386 -0.1932988 
-0.1965759 -0.2989866 -0.9337906 0.2713285 
-0.08057182 0.9540771 -0.2885207 7.573125E-07 
0 0 0 1 
0.9757731 0.01492879 -0.2182729 -0.1932988 
-0.2028207 -0.3123599 -0.9280597 0.2713285 
-0.08203452 0.949846 -0.3017647 7.5107E-07 
0 0 0 1 
0.9741181 0.01030675 -0.2258027 -0.1932988 
-0.2100039 -0.3282627 -0.9209461 0.2713285 
-0.08361456 0.9445298 -0.3176024 7.388945E-07 
0 0 0 1 
0.9722245 0.004668532 -0.2340017 -0.1932988 
-0.217931 -0.346538 -0.9123691 0.2713285 
-0.0853499 0.9380239 -0.3358956 7.211241E-07 
0 0 0 1 
0.9701161 -0.001965574 -0.2426311 -0.1932988 
-0.2263986 -0.3670205 -0.9022415 0.2713285 
-0.08727713 0.9302105 -0.3564977 6.980966E-07 
0 0 0 1 
0.9678243 -0.009567548 -0.251443 -0.1932988 
-0.2351981 -0.3895329 -0.890475 0.2713285 
-0.08942567 0.9209625 -0.3792499 6.701504E-07 
0 0 0 1 
0.9653882 -0.01809642 -0.2601869 -0.1932988 
-0.2441193 -0.413886 -0.8769857 0.2713285 
-0.09181741 0.9101484 -0.4039788 6.376232E-07 
0 0 0 1 
0.9628551 -0.02749593 -0.2686134 -0.1932987 
-0.252954 -0.4398765 -0.8616975 0.2713285 
-0.09446353 0.8976368 -0.430493 6.008533E-07 
0 0 0 1 
0.9602796 -0.03769285 -0.2764802 -0.1932987 
-0.2615005 -0.4672878 -0.8445469 0.2713285 
-0.09736243 0.8833011 -0.458584 5.601786E-07 
0 0 0 1 
0.9577228 -0.04859705 -0.2835567 -0.1932987 
-0.2695672 -0.495889 -0.8254862 0.2713285 
-0.1004964 0.8670247 -0.4880248 5.159372E-07 
0 0 0 1 
0.9552499 -0.06009882 -0.2896289 -0.1932986 
-0.2769754 -0.5254376 -0.8044875 0.2713285 
-0.1038331 0.8487068 -0.5185705 4.684671E-07 
0 0 0 1 
0.9529281 -0.07206947 -0.2945048 -0.1932986 
-0.2835637 -0.5556802 -0.7815439 0.2713285 
-0.107325 0.8282661 -0.54996 4.181065E-07 
0 0 0 1 
0.9508244 -0.08436465 -0.298018 -0.1932986 
-0.2891909 -0.5863563 -0.7566733 0.2713285 
-0.1109082 0.8056477 -0.5819198 3.651933E-07 
0 0 0 1 
0.9490021 -0.09682509 -0.3000314 -0.1932985 
-0.2937388 -0.6172001 -0.7299185 0.2713285 
-0.114505 0.7808253 -0.6141661 3.100656E-07 
0 0 0 1 
0.9475189 -0.1092793 -0.3004415 -0.1932985 
-0.2971139 -0.6479452 -0.7013487 0.2713285 
-0.1180267 0.7538066 -0.6464093 2.530614E-07 
0 0 0 1 
0.946423 -0.1215501 -0.2991792 -0.1932985 
-0.2992505 -0.6783274 -0.6710594 0.2713285 
-0.1213741 0.7246357 -0.6783592 1.945188E-07 
0 0 0 1 
0.945752 -0.1334562 -0.296212 -0.1932984 
-0.3001098 -0.7080905 -0.6391725 0.2713285 
-0.1244434 0.693395 -0.7097302 1.347757E-07 
0 0 0 1 
0.9455305 -0.144819 -0.2915454 -0.1932984 
-0.2996818 -0.7369899 -0.6058351 0.2713285 
-0.1271296 0.6602064 -0.7402467 7.417043E-08 
0 0 0 1 
0.9457685 -0.1554685 -0.2852201 -0.1932983 
-0.2979845 -0.7647976 -0.5712175 0.2713285 
-0.1293292 0.6252308 -0.7696494 1.30409E-08 
0 0 0 1 
0.9464616 -0.1652475 -0.2773134 -0.1932983 
-0.2950629 -0.7913055 -0.5355119 0.2713285 
-0.1309476 0.5886666 -0.7976994 -4.827479E-08 
0 0 0 1 
0.9475907 -0.1740183 -0.2679338 -0.1932983 
-0.2909868 -0.8163304 -0.4989295 0.2713285 
-0.1318997 0.5507462 -0.8241848 -1.094387E-07 
0 0 0 1 
0.9491227 -0.1816668 -0.2572205 -0.1932982 
-0.2858499 -0.8397168 -0.4616982 0.2713285 
-0.132117 0.5117348 -0.8489243 -1.701126E-07 
0 0 0 1 
0.9510125 -0.1881064 -0.2453371 -0.1932982 
-0.2797656 -0.8613389 -0.4240588 0.2713285 
-0.1315502 0.4719222 -0.8717706 -2.299586E-07 
0 0 0 1 
0.9532048 -0.1932821 -0.2324688 -0.1932981 
-0.2728643 -0.8811049 -0.3862625 0.2713285 
-0.1301717 0.4316198 -0.8926141 -2.886388E-07 
0 0 0 1 
0.9556364 -0.1971732 -0.2188167 -0.1932981 
-0.2652913 -0.8989556 -0.3485671 0.2713285 
-0.1279784 0.3911538 -0.9113838 -3.458148E-07 
0 0 0 1 
0.9582398 -0.1997931 -0.2045929 -0.1932981 
-0.257201 -0.9148662 -0.3112348 0.2713285 
-0.1249925 0.3508591 -0.9280489 -4.011487E-07 
0 0 0 1 
0.9609449 -0.2011915 -0.1900156 -0.193298 
-0.2487555 -0.9288458 -0.2745273 0.2713285 
-0.1212627 0.3110731 -0.942618 -4.543025E-07 
0 0 0 1 
0.9636831 -0.2014508 -0.1753043 -0.193298 
-0.2401188 -0.9409366 -0.2387053 0.2713284 
-0.1168629 0.2721302 -0.9551377 -5.049382E-07 
0 0 0 1 
0.9663888 -0.2006872 -0.1606748 -0.193298 
-0.2314568 -0.9512103 -0.2040242 0.2713284 
-0.1118905 0.234356 -0.9656902 -5.527174E-07 
0 0 0 1 
0.9690023 -0.1990454 -0.1463369 -0.1932979 
-0.2229318 -0.9597661 -0.1707328 0.2713284 
-0.1064656 0.1980636 -0.97439 -5.973027E-07 
0 0 0 1 
0.9714713 -0.1966956 -0.1324896 -0.1932979 
-0.2147016 -0.9667272 -0.1390717 0.2713284 
-0.1007265 0.1635499 -0.9813794 -6.383555E-07 
0 0 0 1 
0.9737517 -0.1938282 -0.1193201 -0.1932979 
-0.2069164 -0.9722368 -0.1092722 0.2713284 
-0.09482735 0.1310933 -0.9868243 -6.75538E-07 
0 0 0 1 
0.9758084 -0.1906506 -0.1070013 -0.1932978 
-0.1997193 -0.9764529 -0.08155505 0.2713284 
-0.08893321 0.1009523 -0.9909084 -7.085119E-07 
0 0 0 1 
0.977615 -0.1873795 -0.09569142 -0.1932978 
-0.1932434 -0.9795436 -0.05613149 0.2713284 
-0.083216 0.07336673 -0.9938273 -7.369395E-07 
0 0 0 1 
0.9791526 -0.1842364 -0.08553459 -0.1932978 
-0.1876126 -0.9816814 -0.03320218 0.2713284 
-0.07785065 0.04855738 -0.9957818 -7.604824E-07 
0 0 0 1 
0.9804271 -0.1813566 -0.07662504 -0.1932978 
-0.1828468 -0.9830572 -0.01284335 0.2713284 
-0.07299757 0.02660261 -0.9969773 -7.787656E-07 
0 0 0 1 
0.9814664 -0.1788137 -0.06890906 -0.1932978 
-0.1788884 -0.9838558 0.00513411 0.2713284 
-0.0687146 0.007288082 -0.9976099 -7.920115E-07 
0 0 0 1 
0.9822887 -0.1767142 -0.06229091 -0.1932978 
-0.175733 -0.9842148 0.02093612 0.2713284 
-0.06500734 -0.009618743 -0.9978384 -8.007799E-07 
0 0 0 1 
0.9829121 -0.1751338 -0.05666594 -0.1932978 
-0.1733663 -0.984243 0.03477251 0.2713284 
-0.06186289 -0.02435436 -0.9977874 -8.056306E-07 
0 0 0 1 
0.9833534 -0.1741234 -0.05192515 -0.1932978 
-0.1717677 -0.9840222 0.04685527 0.2713284 
-0.05925409 -0.03715624 -0.9975511 -8.071232E-07 
0 0 0 1 
0.9836274 -0.1737133 -0.04795645 -0.1932978 
-0.1709123 -0.9836127 0.05739752 0.2713284 
-0.05714127 -0.04826144 -0.997199 -8.058174E-07 
0 0 0 1 
0.9837474 -0.1739165 -0.04464486 -0.1932978 
-0.1707712 -0.9830561 0.06661277 0.2713284 
-0.05547345 -0.05790609 -0.9967797 -8.022728E-07 
0 0 0 1 
0.9837247 -0.1747318 -0.04187525 -0.1932978 
-0.1713124 -0.9823794 0.07471456 0.2713284 
-0.05419238 -0.06632483 -0.9963254 -7.970492E-07 
0 0 0 1 
0.9835691 -0.1761482 -0.0395312 -0.1932978 
-0.1725025 -0.9815968 0.08191627 0.2713284 
-0.05323308 -0.0737511 -0.995855 -7.907063E-07 
0 0 0 1 
0.983289 -0.1781453 -0.0374965 -0.1932978 
-0.1743062 -0.9807122 0.08843084 0.2713284 
-0.05252681 -0.0804172 -0.9953763 -7.838036E-07 
0 0 0 1 
0.9828919 -0.1806965 -0.0356547 -0.1932978 
-0.1766869 -0.9797226 0.09447087 0.2713284 
-0.05200227 -0.08655496 -0.9948888 -7.769009E-07 
0 0 0 1 
0.9823844 -0.1837697 -0.0338896 -0.1932978 
-0.1796066 -0.9786169 0.1002486 0.2713284 
-0.05158758 -0.09239584 -0.9943851 -7.705578E-07 
0 0 0 1 
0.9817729 -0.1873275 -0.03208471 -0.1932978 
-0.1830258 -0.9773791 0.1059757 0.2713284 
-0.05121108 -0.09817171 -0.9938509 -7.653341E-07 
0 0 0 1 
0.981063 -0.1913293 -0.03012422 -0.1932978 
-0.1869047 -0.9759881 0.1118634 0.2713284 
-0.0508036 -0.1041147 -0.993267 -7.617894E-07 
0 0 0 1 
0.9802607 -0.1957293 -0.02789219 -0.1932978 
-0.1912014 -0.9744169 0.1181223 0.2713284 
-0.05029861 -0.1104577 -0.9926073 -7.604834E-07 
0 0 0 1 
0.9790078 -0.2021894 -0.02573262 -0.1932978 
-0.197559 -0.9723926 0.1241864 0.2713284 
-0.05013137 -0.1164957 -0.9919252 -7.596454E-07 
0 0 0 1 
0.9770861 -0.2114781 -0.02406004 -0.1932978 
-0.2067242 -0.9698254 0.1292395 0.2713284 
-0.05066537 -0.1213043 -0.9913214 -7.578016E-07 
0 0 0 1 
0.9747309 -0.2222065 -0.02286739 -0.1932978 
-0.2173168 -0.966981 0.1331178 0.2713284 
-0.05169197 -0.1247846 -0.9908363 -7.559578E-07 
0 0 0 1 
0.972226 -0.2329918 -0.02214768 -0.1932978 
-0.227971 -0.9641709 0.1356572 0.2713284 
-0.05296115 -0.1268404 -0.9905083 -7.551196E-07 
0 0 0 1 
0.9699132 -0.2424624 -0.02189397 -0.1932978 
-0.2373389 -0.9617612 0.1366932 0.2713284 
-0.05419972 -0.1273843 -0.9903715 -7.562928E-07 
0 0 0 1 
0.9681854 -0.249254 -0.02209945 -0.1932978 
-0.2440826 -0.9601615 0.1360608 0.2713284 
-0.05513274 -0.126338 -0.9904539 -7.604831E-07 
0 0 0 1 
0.9668961 -0.2541691 -0.02256187 -0.1932978 
-0.24899 -0.9591288 0.1344452 0.2713284 
-0.05581153 -0.1243768 -0.9906643 -7.666423E-07 
0 0 0 1 
0.9656229 -0.2589183 -0.02308171 -0.1932978 
-0.2537395 -0.9581344 0.1326442 0.2713284 
-0.05645935 -0.1222275 -0.9908951 -7.73049E-07 
0 0 0 1 
0.9643678 -0.2635035 -0.0236583 -0.1932978 
-0.2583337 -0.9571785 0.1306606 0.2713284 
-0.05707474 -0.1198932 -0.9911448 -7.796993E-07 
0 0 0 1 
0.9631322 -0.2679279 -0.02429048 -0.1932978 
-0.2627758 -0.9562618 0.1284974 0.2713284 
-0.05765608 -0.117377 -0.9914123 -7.865893E-07 
0 0 0 1 
0.9619179 -0.2721932 -0.02497761 -0.1932978 
-0.2670683 -0.9553838 0.1261571 0.2713284 
-0.05820232 -0.1146821 -0.9916958 -7.937149E-07 
0 0 0 1 
0.9607262 -0.2763019 -0.02571877 -0.1932978 
-0.2712139 -0.9545442 0.1236428 0.2713284 
-0.05871243 -0.1118116 -0.9919935 -8.010724E-07 
0 0 0 1 
0.9595586 -0.2802559 -0.02651328 -0.1932978 
-0.2752151 -0.9537427 0.1209571 0.2713284 
-0.05918578 -0.1087686 -0.9923036 -8.086577E-07 
0 0 0 1 
0.9584163 -0.2840576 -0.02736002 -0.1932978 
-0.2790744 -0.9529789 0.1181028 0.2713284 
-0.05962148 -0.1055562 -0.9926246 -8.164668E-07 
0 0 0 1 
0.9573004 -0.2877089 -0.02825803 -0.1932978 
-0.2827943 -0.9522514 0.1150827 0.2713284 
-0.06001906 -0.1021775 -0.992954 -8.244961E-07 
0 0 0 1 
0.9562121 -0.291212 -0.02920667 -0.1932977 
-0.2863772 -0.9515597 0.1118997 0.2713284 
-0.06037841 -0.09863572 -0.9932902 -8.327413E-07 
0 0 0 1 
0.9551523 -0.2945686 -0.03020522 -0.1932977 
-0.2898251 -0.9509029 0.1085564 0.2713284 
-0.06069954 -0.09493372 -0.9936313 -8.411987E-07 
0 0 0 1 
0.954122 -0.2977811 -0.03125203 -0.1932977 
-0.2931407 -0.9502794 0.1050558 0.2713284 
-0.06098179 -0.09107485 -0.9939751 -8.498644E-07 
0 0 0 1 
0.9531218 -0.3008512 -0.03234736 -0.1932977 
-0.296326 -0.9496885 0.1014007 0.2713284 
-0.06122641 -0.08706187 -0.9943197 -8.587343E-07 
0 0 0 1 
0.9521527 -0.3037806 -0.03348929 -0.1932977 
-0.299383 -0.9491284 0.09759379 0.2713284 
-0.0614327 -0.08289809 -0.9946629 -8.678045E-07 
0 0 0 1 
0.9512153 -0.3065712 -0.03467732 -0.1932977 
-0.3023139 -0.9485976 0.09363797 0.2713284 
-0.06160152 -0.07858645 -0.9950022 -8.770712E-07 
0 0 0 1 
0.9503101 -0.3092252 -0.03591023 -0.1932977 
-0.3051209 -0.9480949 0.08953612 0.2713284 
-0.06173312 -0.07413013 -0.9953361 -8.865304E-07 
0 0 0 1 
0.9494376 -0.3117439 -0.03718754 -0.1932977 
-0.3078056 -0.9476183 0.08529104 0.2713284 
-0.06182853 -0.06953201 -0.9956619 -8.961781E-07 
0 0 0 1 
0.9485983 -0.3141294 -0.03850819 -0.1932977 
-0.3103707 -0.947166 0.08090564 0.2713284 
-0.06188848 -0.06479515 -0.9959776 -9.060105E-07 
0 0 0 1 
0.9477925 -0.3163837 -0.03987072 -0.1932977 
-0.3128179 -0.9467365 0.07638282 0.2713284 
-0.06191332 -0.0599228 -0.9962812 -9.160236E-07 
0 0 0 1 
0.9470208 -0.3185077 -0.04127456 -0.1932977 
-0.3151485 -0.9463277 0.0717254 0.2713284 
-0.06190434 -0.05491784 -0.9965701 -9.262135E-07 
0 0 0 1 
0.9462829 -0.320504 -0.04271888 -0.1932976 
-0.3173652 -0.9459377 0.0669364 0.2713284 
-0.06186277 -0.04978329 -0.9968423 -9.365763E-07 
0 0 0 1 
0.9455794 -0.3223736 -0.04420192 -0.1932976 
-0.3194693 -0.9455644 0.0620187 0.2713284 
-0.06178895 -0.04452246 -0.9970958 -9.471079E-07 
0 0 0 1 
0.9449103 -0.3241186 -0.04572353 -0.1932976 
-0.321463 -0.9452062 0.05697528 0.2713284 
-0.06168488 -0.03913811 -0.9973282 -9.578046E-07 
0 0 0 1 
0.9442757 -0.3257406 -0.0472819 -0.1932976 
-0.323348 -0.9448604 0.05180909 0.2713284 
-0.0615511 -0.03363356 -0.9975372 -9.686623E-07 
0 0 0 1 
0.9436755 -0.3272413 -0.04887663 -0.1932976 
-0.3251262 -0.9445252 0.04652314 0.2713284 
-0.06138949 -0.02801168 -0.9977208 -9.796772E-07 
0 0 0 1 
0.9431096 -0.3286223 -0.05050586 -0.1932976 
-0.3267995 -0.9441983 0.04112045 0.2713284 
-0.06120063 -0.0222758 -0.9978769 -9.908453E-07 
0 0 0 1 
0.942578 -0.3298852 -0.05216938 -0.1932976 
-0.3283695 -0.9438776 0.03560404 0.2713284 
-0.06098676 -0.01642875 -0.9980033 -1.002163E-06 
0 0 0 1 
0.9420804 -0.3310319 -0.05386508 -0.1932976 
-0.329838 -0.9435613 0.029977 0.2713284 
-0.06074831 -0.01047399 -0.9980983 -1.013625E-06 
0 0 0 1 
0.9416167 -0.3320641 -0.05559271 -0.1932976 
-0.3312073 -0.9432462 0.02424237 0.2713284 
-0.06048761 -0.004414307 -0.9981592 -1.025229E-06 
0 0 0 1 
0.9411866 -0.3329832 -0.05735058 -0.1932975 
-0.3324788 -0.9429308 0.01840328 0.2713284 
-0.06020559 0.001746935 -0.9981845 -1.036971E-06 
0 0 0 1 
0.9407897 -0.3337913 -0.05913771 -0.1932975 
-0.3336546 -0.9426126 0.01246284 0.2713284 
-0.05990393 0.008006659 -0.998172 -1.048846E-06 
0 0 0 1 
0.9404257 -0.3344897 -0.06095261 -0.1932975 
-0.3347362 -0.9422897 0.006424199 0.2713284 
-0.05958383 0.01436157 -0.99812 -1.060851E-06 
0 0 0 1 
0.9400941 -0.3350805 -0.06279425 -0.1932975 
-0.3357259 -0.9419591 0.0002905177 0.2713284 
-0.05924698 0.02080855 -0.9980263 -1.072982E-06 
0 0 0 1 
0.9397945 -0.3355654 -0.06466162 -0.1932975 
-0.3366253 -0.9416196 -0.005935019 0.2713284 
-0.05889506 0.02734444 -0.9978896 -1.085234E-06 
0 0 0 1 
0.9395266 -0.3359456 -0.0665534 -0.1932975 
-0.337436 -0.9412685 -0.01224917 0.2713284 
-0.05852954 0.03396594 -0.9977078 -1.097604E-06 
0 0 0 1 
0.9392895 -0.3362238 -0.06846779 -0.1932975 
-0.3381607 -0.9409032 -0.01864877 0.2713284 
-0.05815139 0.04066971 -0.997479 -1.110089E-06 
0 0 0 1 
0.9390829 -0.336401 -0.07040396 -0.1932975 
-0.3388005 -0.9405221 -0.0251305 0.2713284 
-0.05776255 0.04745253 -0.997202 -1.122683E-06 
0 0 0 1 
0.938906 -0.3364797 -0.07236081 -0.1932974 
-0.3393581 -0.9401229 -0.03169113 0.2713284 
-0.05736462 0.05431123 -0.996875 -1.135383E-06 
0 0 0 1 
0.9387581 -0.3364614 -0.07433674 -0.1932974 
-0.3398351 -0.9397034 -0.03832736 0.2713284 
-0.0569588 0.06124237 -0.9964965 -1.148185E-06 
0 0 0 1 
0.9386387 -0.3363481 -0.07633038 -0.1932974 
-0.3402335 -0.9392616 -0.04503591 0.2713284 
-0.05654643 0.06824261 -0.9960651 -1.161086E-06 
0 0 0 1 
0.938547 -0.3361417 -0.07834035 -0.1932974 
-0.3405554 -0.9387951 -0.05181342 0.2713284 
-0.0561289 0.07530858 -0.9955792 -1.174081E-06 
0 0 0 1 
0.9384821 -0.3358446 -0.08036576 -0.1932974 
-0.3408034 -0.9383025 -0.05865657 0.2713284 
-0.05570791 0.08243708 -0.995038 -1.187166E-06 
0 0 0 1 
0.9384435 -0.3354583 -0.08240473 -0.1932974 
-0.3409786 -0.9377816 -0.06556199 0.2713284 
-0.05528433 0.08962449 -0.9944401 -1.200337E-06 
0 0 0 1 
0.9384304 -0.3349845 -0.08445607 -0.1932974 
-0.3410833 -0.9372306 -0.07252634 0.2713284 
-0.05485961 0.09686751 -0.9937842 -1.213592E-06 
0 0 0 1 
0.9384416 -0.3344263 -0.08651862 -0.1932974 
-0.3411206 -0.9366472 -0.07954619 0.2713284 
-0.0544351 0.1041628 -0.9930692 -1.226924E-06 
0 0 0 1 
0.9384766 -0.3337851 -0.08859073 -0.1932973 
-0.3410917 -0.9360304 -0.08661821 0.2713284 
-0.05401174 0.1115067 -0.9922948 -1.240332E-06 
0 0 0 1 
0.9385341 -0.3330638 -0.09067123 -0.1932973 
-0.3409996 -0.9353779 -0.09373897 0.2713284 
-0.05359077 0.1188961 -0.9914595 -1.25381E-06 
0 0 0 1 
0.9386138 -0.3322637 -0.09275841 -0.1932973 
-0.3408458 -0.9346879 -0.100905 0.2713284 
-0.05317309 0.1263272 -0.9905625 -1.267354E-06 
0 0 0 1 
0.9387141 -0.3313881 -0.09485158 -0.1932973 
-0.3406335 -0.9339593 -0.1081129 0.2713284 
-0.05276014 0.1337968 -0.9896036 -1.280962E-06 
0 0 0 1 
0.9388347 -0.3304382 -0.09694838 -0.1932973 
-0.340364 -0.93319 -0.1153594 0.2713284 
-0.05235212 0.1413011 -0.9885814 -1.294629E-06 
0 0 0 1 
0.9389743 -0.3294175 -0.09904806 -0.1932973 
-0.3400404 -0.9323793 -0.1226408 0.2713284 
-0.05195031 0.1488369 -0.9874963 -1.30835E-06 
0 0 0 1 
0.9391319 -0.3283279 -0.1011492 -0.1932973 
-0.339665 -0.9315251 -0.1299538 0.2713284 
-0.05155555 0.1564007 -0.9863473 -1.322123E-06 
0 0 0 1 
0.9393067 -0.3271717 -0.1032502 -0.1932972 
-0.3392399 -0.9306263 -0.137295 0.2713284 
-0.05116833 0.1639887 -0.9851342 -1.335943E-06 
0 0 0 1 
0.9394976 -0.3259518 -0.1053503 -0.1932972 
-0.3387678 -0.929682 -0.1446609 0.2713284 
-0.05078981 0.1715979 -0.9838569 -1.349806E-06 
0 0 0 1 
0.9397037 -0.3246708 -0.1074472 -0.1932972 
-0.3382511 -0.928691 -0.1520481 0.2713284 
-0.05041966 0.1792243 -0.9825155 -1.363708E-06 
0 0 0 1 
0.939924 -0.3233311 -0.1095402 -0.1932972 
-0.3376923 -0.9276519 -0.1594531 0.2713284 
-0.050059 0.1868646 -0.9811094 -1.377646E-06 
0 0 0 1 
0.9401574 -0.3219357 -0.1116276 -0.1932972 
-0.337094 -0.9265639 -0.1668725 0.2713284 
-0.04970788 0.1945154 -0.9796391 -1.391615E-06 
0 0 0 1 
0.9404028 -0.3204873 -0.1137084 -0.1932972 
-0.3364588 -0.9254261 -0.1743029 0.2713284 
-0.04936683 0.2021731 -0.9781049 -1.405612E-06 
0 0 0 1 
0.9406594 -0.3189883 -0.1157813 -0.1932972 
-0.3357891 -0.9242376 -0.1817408 0.2713284 
-0.04903626 0.2098344 -0.9765064 -1.419632E-06 
0 0 0 1 
0.9409261 -0.3174424 -0.1178447 -0.1932971 
-0.3350878 -0.922998 -0.1891829 0.2713284 
-0.04871572 0.2174955 -0.9748448 -1.433672E-06 
0 0 0 1 
0.941202 -0.315852 -0.1198974 -0.1932971 
-0.3343573 -0.9217064 -0.1966259 0.2713284 
-0.04840554 0.2251533 -0.9731202 -1.447727E-06 
0 0 0 1 
0.9414859 -0.3142204 -0.1219384 -0.1932971 
-0.3336004 -0.9203626 -0.2040662 0.2713284 
-0.04810574 0.2328041 -0.9713332 -1.461795E-06 
0 0 0 1 
0.9417769 -0.3125504 -0.1239663 -0.1932971 
-0.3328197 -0.9189657 -0.2115005 0.2713284 
-0.04781618 0.2404447 -0.9694844 -1.47587E-06 
0 0 0 1 
0.9420741 -0.310845 -0.1259799 -0.1932971 
-0.3320177 -0.9175158 -0.2189254 0.2713284 
-0.04753666 0.2480715 -0.9675747 -1.489949E-06 
0 0 0 1 
0.9423763 -0.3091079 -0.1279777 -0.1932971 
-0.3311976 -0.9160122 -0.2263377 0.2713284 
-0.04726641 0.2556812 -0.9656047 -1.504028E-06 
0 0 0 1 
0.9426827 -0.3073421 -0.1299589 -0.1932971 
-0.3303618 -0.9144555 -0.2337341 0.2713284 
-0.04700527 0.2632706 -0.9635763 -1.518103E-06 
0 0 0 1 
0.9429923 -0.3055504 -0.1319223 -0.193297 
-0.3295127 -0.9128451 -0.2411112 0.2713284 
-0.04675299 0.2708361 -0.9614895 -1.532171E-06 
0 0 0 1 
0.9433041 -0.3037369 -0.1338667 -0.193297 
-0.3286538 -0.9111809 -0.2484658 0.2713284 
-0.04650859 0.2783746 -0.9593458 -1.546226E-06 
0 0 0 1 
0.9436172 -0.3019046 -0.1357914 -0.193297 
-0.3277874 -0.9094636 -0.2557946 0.2713284 
-0.04627176 0.285883 -0.9571468 -1.560266E-06 
0 0 0 1 
0.9439305 -0.3000574 -0.1376948 -0.193297 
-0.3269166 -0.9076928 -0.2630945 0.2713284 
-0.04604113 0.2933577 -0.9548934 -1.574286E-06 
0 0 0 1 
0.9442433 -0.2981982 -0.1395762 -0.193297 
-0.3260436 -0.9058694 -0.2703622 0.2713284 
-0.04581621 0.3007957 -0.9525875 -1.588283E-06 
0 0 0 1 
0.9445546 -0.2963307 -0.1414344 -0.193297 
-0.3251716 -0.9039932 -0.2775946 0.2713284 
-0.04559589 0.3081938 -0.9502302 -1.602252E-06 
0 0 0 1 
0.9448634 -0.294459 -0.1432689 -0.193297 
-0.3243034 -0.9020655 -0.2847887 0.2713284 
-0.04537934 0.3155491 -0.9478237 -1.61619E-06 
0 0 0 1 
0.9451691 -0.2925861 -0.1450785 -0.1932969 
-0.3234416 -0.9000863 -0.2919412 0.2713284 
-0.04516516 0.3228582 -0.9453691 -1.630092E-06 
0 0 0 1 
0.9454706 -0.2907162 -0.146862 -0.1932969 
-0.322589 -0.8980563 -0.2990491 0.2713284 
-0.04495193 0.3301183 -0.9428684 -1.643955E-06 
0 0 0 1 
0.945767 -0.288853 -0.1486192 -0.1932969 
-0.3217486 -0.8959765 -0.3061095 0.2713284 
-0.04473868 0.3373263 -0.940324 -1.657775E-06 
0 0 0 1 
0.9460577 -0.2870002 -0.1503487 -0.1932969 
-0.3209228 -0.8938481 -0.3131193 0.2713284 
-0.04452361 0.3444794 -0.9377375 -1.671548E-06 
0 0 0 1 
0.9463417 -0.2851616 -0.1520503 -0.1932969 
-0.3201147 -0.8916712 -0.3200757 0.2713284 
-0.0443056 0.3515746 -0.9351109 -1.685269E-06 
0 0 0 1 
0.9466181 -0.2833413 -0.1537233 -0.1932969 
-0.319327 -0.8894475 -0.3269756 0.2713284 
-0.04408311 0.3586091 -0.9324464 -1.698936E-06 
0 0 0 1 
0.9468864 -0.281543 -0.1553664 -0.1932969 
-0.3185623 -0.8871776 -0.3338161 0.2713284 
-0.043854 0.3655799 -0.9297462 -1.712544E-06 
0 0 0 1 
0.9471455 -0.2797708 -0.1569798 -0.1932968 
-0.3178236 -0.884863 -0.3405946 0.2713284 
-0.04361724 0.3724847 -0.9270126 -1.726088E-06 
0 0 0 1 
0.9473948 -0.2780289 -0.1585621 -0.1932968 
-0.3171135 -0.8825051 -0.3473083 0.2713284 
-0.04337011 0.3793204 -0.9242483 -1.739566E-06 
0 0 0 1 
0.9476336 -0.2763211 -0.1601132 -0.1932968 
-0.3164347 -0.880105 -0.3539544 0.2713284 
-0.04311139 0.3860846 -0.9214556 -1.752974E-06 
0 0 0 1 
0.9478609 -0.2746519 -0.1616325 -0.1932968 
-0.3157903 -0.8776641 -0.36053 0.2713284 
-0.04283879 0.3927744 -0.9186366 -1.766306E-06 
0 0 0 1 
0.9480762 -0.2730246 -0.1631199 -0.1932968 
-0.3151823 -0.8751837 -0.3670327 0.2713284 
-0.04255091 0.3993876 -0.9157942 -1.779561E-06 
0 0 0 1 
0.9482786 -0.2714441 -0.1645745 -0.1932968 
-0.314614 -0.8726654 -0.3734598 0.2713284 
-0.04224497 0.4059215 -0.9129309 -1.792733E-06 
0 0 0 1 
0.9484676 -0.2699142 -0.1659961 -0.1932968 
-0.3140877 -0.8701112 -0.3798088 0.2713284 
-0.04191928 0.4123737 -0.9100497 -1.805817E-06 
0 0 0 1 
0.9486421 -0.2684392 -0.1673845 -0.1932968 
-0.3136064 -0.8675222 -0.3860771 0.2713284 
-0.04157161 0.4187419 -0.9071531 -1.818813E-06 
0 0 0 1 
0.9488016 -0.2670234 -0.1687393 -0.1932967 
-0.3131725 -0.8649004 -0.3922621 0.2713284 
-0.04119955 0.4250235 -0.9042441 -1.831713E-06 
0 0 0 1 
0.9489454 -0.2656711 -0.1700605 -0.1932967 
-0.3127889 -0.8622475 -0.3983616 0.2713284 
-0.04080104 0.4312165 -0.9013254 -1.844515E-06 
0 0 0 1 
0.9490727 -0.2643864 -0.1713476 -0.1932967 
-0.3124581 -0.859565 -0.4043729 0.2713284 
-0.04037375 0.4373183 -0.8984001 -1.857216E-06 
0 0 0 1 
0.9491827 -0.2631734 -0.1726005 -0.1932967 
-0.3121825 -0.856855 -0.4102941 0.2713284 
-0.03991507 0.443327 -0.8954709 -1.86981E-06 
0 0 0 1 
0.9492748 -0.2620369 -0.1738192 -0.1932967 
-0.3119652 -0.8541189 -0.4161224 0.2713284 
-0.03942286 0.4492401 -0.8925406 -1.882294E-06 
0 0 0 1 
0.949348 -0.2609811 -0.1750038 -0.1932967 
-0.3118086 -0.8513592 -0.4218559 0.2713284 
-0.03889469 0.4550559 -0.8896131 -1.894664E-06 
0 0 0 1 
0.9494017 -0.26001 -0.1761537 -0.1932967 
-0.311715 -0.8485774 -0.4274922 0.2713284 
-0.03832781 0.4607717 -0.8866907 -1.906916E-06 
0 0 0 1 
0.9494352 -0.259128 -0.1772696 -0.1932967 
-0.3116873 -0.8457755 -0.4330291 0.2713284 
-0.03772029 0.4663858 -0.8837767 -1.919047E-06 
0 0 0 1 
</float_array>
          <technique_common>
            <accessor count="197" offset="0" source="#RightUpperArm_0_0-Matrix-animation-output-transform-array" stride="16">
              <param type="float4x4" />
            </accessor>
          </technique_common>
        </source>
        <source id="RightUpperArm_0_0-Interpolations">
          <Name_array id="RightUpperArm_0_0-Interpolations-array" count="197">LINEAR
LINEAR
LINEAR
LINEAR
LINEAR
LINEAR
LINEAR
LINEAR
LINEAR
LINEAR
LINEAR
LINEAR
LINEAR
LINEAR
LINEAR
LINEAR
LINEAR
LINEAR
LINEAR
LINEAR
LINEAR
LINEAR
LINEAR
LINEAR
LINEAR
LINEAR
LINEAR
LINEAR
LINEAR
LINEAR
LINEAR
LINEAR
LINEAR
LINEAR
LINEAR
LINEAR
LINEAR
LINEAR
LINEAR
LINEAR
LINEAR
LINEAR
LINEAR
LINEAR
LINEAR
LINEAR
LINEAR
LINEAR
LINEAR
LINEAR
LINEAR
LINEAR
LINEAR
LINEAR
LINEAR
LINEAR
LINEAR
LINEAR
LINEAR
LINEAR
LINEAR
LINEAR
LINEAR
LINEAR
LINEAR
LINEAR
LINEAR
LINEAR
LINEAR
LINEAR
LINEAR
LINEAR
LINEAR
LINEAR
LINEAR
LINEAR
LINEAR
LINEAR
LINEAR
LINEAR
LINEAR
LINEAR
LINEAR
LINEAR
LINEAR
LINEAR
LINEAR
LINEAR
LINEAR
LINEAR
LINEAR
LINEAR
LINEAR
LINEAR
LINEAR
LINEAR
LINEAR
LINEAR
LINEAR
LINEAR
LINEAR
LINEAR
LINEAR
LINEAR
LINEAR
LINEAR
LINEAR
LINEAR
LINEAR
LINEAR
LINEAR
LINEAR
LINEAR
LINEAR
LINEAR
LINEAR
LINEAR
LINEAR
LINEAR
LINEAR
LINEAR
LINEAR
LINEAR
LINEAR
LINEAR
LINEAR
LINEAR
LINEAR
LINEAR
LINEAR
LINEAR
LINEAR
LINEAR
LINEAR
LINEAR
LINEAR
LINEAR
LINEAR
LINEAR
LINEAR
LINEAR
LINEAR
LINEAR
LINEAR
LINEAR
LINEAR
LINEAR
LINEAR
LINEAR
LINEAR
LINEAR
LINEAR
LINEAR
LINEAR
LINEAR
LINEAR
LINEAR
LINEAR
LINEAR
LINEAR
LINEAR
LINEAR
LINEAR
LINEAR
LINEAR
LINEAR
LINEAR
LINEAR
LINEAR
LINEAR
LINEAR
LINEAR
LINEAR
LINEAR
LINEAR
LINEAR
LINEAR
LINEAR
LINEAR
LINEAR
LINEAR
LINEAR
LINEAR
LINEAR
LINEAR
LINEAR
LINEAR
LINEAR
LINEAR
LINEAR
LINEAR
LINEAR
LINEAR
LINEAR
LINEAR
LINEAR
LINEAR</Name_array>
          <technique_common>
            <accessor count="197" offset="0" source="#RightUpperArm_0_0-Interpolations-array" stride="1">
              <param type="name" />
            </accessor>
          </technique_common>
        </source>
        <sampler id="RightUpperArm_0_0-Matrix-animation-transform">
          <input semantic="INPUT" source="#RightUpperArm_0_0-Matrix-animation-input" />
          <input semantic="OUTPUT" source="#RightUpperArm_0_0-Matrix-animation-output-transform" />
          <input semantic="INTERPOLATION" source="#RightUpperArm_0_0-Interpolations" />
        </sampler>
        <channel source="#RightUpperArm_0_0-Matrix-animation-transform" target="RightUpperArm/matrix" />
      </animation>
      <animation id="LeftUpperArm_0_1-anim" name="LeftUpperArm_0_1">
        <source id="LeftUpperArm_0_1-Matrix-animation-input">
          <float_array id="LeftUpperArm_0_1-Matrix-animation-input-array" count="197">0
0.01666667
0.03333334
0.05
0.06666667
0.08333334
0.1
0.1166667
0.1333333
0.15
0.1666667
0.1833333
0.2
0.2166667
0.2333333
0.25
0.2666667
0.2833334
0.3
0.3166667
0.3333334
0.3500001
0.3666668
0.3833334
0.4000001
0.4166668
0.4333335
0.4500002
0.4666668
0.4833335
0.5000002
0.5166668
0.5333335
0.5500001
0.5666668
0.5833334
0.6000001
0.6166667
0.6333334
0.65
0.6666667
0.6833333
0.7
0.7166666
0.7333333
0.7499999
0.7666666
0.7833332
0.7999999
0.8166665
0.8333332
0.8499998
0.8666665
0.8833331
0.8999998
0.9166664
0.9333331
0.9499997
0.9666664
0.9833331
0.9999997
1.016666
1.033333
1.05
1.066666
1.083333
1.1
1.116666
1.133333
1.15
1.166666
1.183333
1.2
1.216666
1.233333
1.25
1.266666
1.283333
1.299999
1.316666
1.333333
1.349999
1.366666
1.383333
1.399999
1.416666
1.433333
1.449999
1.466666
1.483333
1.499999
1.516666
1.533333
1.549999
1.566666
1.583333
1.599999
1.616666
1.633332
1.649999
1.666666
1.683332
1.699999
1.716666
1.733332
1.749999
1.766666
1.783332
1.799999
1.816666
1.833332
1.849999
1.866666
1.883332
1.899999
1.916666
1.933332
1.949999
1.966666
1.983332
1.999999
2.016665
2.033332
2.049999
2.066665
2.083332
2.099999
2.116665
2.133332
2.149999
2.166665
2.183332
2.199999
2.216665
2.233332
2.249999
2.266665
2.283332
2.299999
2.316665
2.333332
2.349998
2.366665
2.383332
2.399998
2.416665
2.433332
2.449998
2.466665
2.483332
2.499998
2.516665
2.533332
2.549998
2.566665
2.583332
2.599998
2.616665
2.633332
2.649998
2.666665
2.683331
2.699998
2.716665
2.733331
2.749998
2.766665
2.783331
2.799998
2.816665
2.833331
2.849998
2.866665
2.883331
2.899998
2.916665
2.933331
2.949998
2.966665
2.983331
2.999998
3.016665
3.033331
3.049998
3.066664
3.083331
3.099998
3.116664
3.133331
3.149998
3.166664
3.183331
3.199998
3.216664
3.233331
3.249998
3.266664
</float_array>
          <technique_common>
            <accessor count="197" offset="0" source="#LeftUpperArm_0_1-Matrix-animation-input-array" stride="1">
              <param name="TIME" type="float" />
            </accessor>
          </technique_common>
        </source>
        <source id="LeftUpperArm_0_1-Matrix-animation-output-transform">
          <float_array id="LeftUpperArm_0_1-Matrix-animation-output-transform-array" count="3152">0.8302257 0.09504587 0.5492648 0.1937948 
0.3853546 -0.8098405 -0.4423357 0.2713284 
0.4027745 0.5789003 -0.7089765 -1.587498E-06 
0 0 0 1 
0.8307742 0.08909593 0.5494328 0.1937948 
0.3882203 -0.8001218 -0.457264 0.2713284 
0.3988727 0.5931842 -0.6993092 -1.629661E-06 
0 0 0 1 
0.8312755 0.08255316 0.5496964 0.1937949 
0.3911662 -0.7894835 -0.472975 0.2713284 
0.3949305 0.6081952 -0.68857 -1.672538E-06 
0 0 0 1 
0.831779 0.07543038 0.5499583 0.1937949 
0.3941114 -0.7779419 -0.4893702 0.2713284 
0.3909221 0.6237927 -0.6768035 -1.716075E-06 
0 0 0 1 
0.832332 0.06774656 0.5501215 0.1937949 
0.3969764 -0.7655181 -0.5063516 0.2713284 
0.3868244 0.639838 -0.6640589 -1.760219E-06 
0 0 0 1 
0.8329793 0.05952503 0.5500931 0.193795 
0.3996827 -0.7522404 -0.5238209 0.2713284 
0.3826217 0.6561948 -0.6503916 -1.804915E-06 
0 0 0 1 
0.8337612 0.05079642 0.5497835 0.193795 
0.4021558 -0.7381417 -0.5416804 0.2713284 
0.3783026 0.6727309 -0.6358619 -1.85011E-06 
0 0 0 1 
0.8347152 0.04159751 0.5491084 0.193795 
0.4043239 -0.7232626 -0.5598338 0.2713284 
0.3738617 0.6893197 -0.620537 -1.895752E-06 
0 0 0 1 
0.8358734 0.0319717 0.5479906 0.193795 
0.4061203 -0.7076495 -0.5781859 0.2713284 
0.3692995 0.7058405 -0.6044896 -1.941786E-06 
0 0 0 1 
0.8372626 0.02196946 0.5463596 0.1937951 
0.4074836 -0.6913564 -0.5966439 0.2713284 
0.3646211 0.7221804 -0.5877988 -1.988158E-06 
0 0 0 1 
0.8389041 0.01164714 0.5441546 0.1937951 
0.4083591 -0.6744435 -0.6151172 0.2713284 
0.359837 0.7382351 -0.5705496 -2.034816E-06 
0 0 0 1 
0.8408132 0.001066461 0.5413245 0.1937951 
0.4086992 -0.6569776 -0.6335186 0.2713284 
0.3549622 0.7539099 -0.5528312 -2.081706E-06 
0 0 0 1 
0.8429984 -0.009706946 0.5378286 0.1937952 
0.408464 -0.639031 -0.6517643 0.2713284 
0.3500157 0.7691201 -0.534737 -2.128774E-06 
0 0 0 1 
0.8454623 -0.02060174 0.5336376 0.1937952 
0.4076229 -0.6206818 -0.6697745 0.2713284 
0.3450176 0.7837922 -0.5163652 -2.175967E-06 
0 0 0 1 
0.8482014 -0.03154569 0.5287338 0.1937952 
0.4061534 -0.6020124 -0.6874743 0.2713284 
0.3399909 0.7978638 -0.4978153 -2.223232E-06 
0 0 0 1 
0.8512053 -0.04246421 0.5231122 0.1937953 
0.4040441 -0.5831087 -0.7047929 0.2713284 
0.3349596 0.811284 -0.4791877 -2.270514E-06 
0 0 0 1 
0.8544588 -0.0532826 0.5167797 0.1937953 
0.401292 -0.5640603 -0.7216655 0.2713284 
0.329947 0.8240132 -0.4605843 -2.317761E-06 
0 0 0 1 
0.8579413 -0.06392644 0.5097551 0.1937953 
0.3979046 -0.5449584 -0.7380331 0.2713284 
0.324975 0.836023 -0.4421055 -2.364918E-06 
0 0 0 1 
0.8616275 -0.07432337 0.50207 0.1937954 
0.3938997 -0.5258957 -0.7538414 0.2713284 
0.3200644 0.8472958 -0.4238502 -2.411933E-06 
0 0 0 1 
0.8654884 -0.08440406 0.493767 0.1937954 
0.3893043 -0.5069659 -0.7690437 0.2713284 
0.3152333 0.8578241 -0.4059141 -2.458752E-06 
0 0 0 1 
0.8694924 -0.09410153 0.4848999 0.1937954 
0.3841558 -0.4882605 -0.7835982 0.2713284 
0.3104951 0.8676101 -0.3883891 -2.50532E-06 
0 0 0 1 
0.8736057 -0.1033545 0.4755325 0.1937955 
0.3784998 -0.4698718 -0.7974703 0.2713284 
0.3058613 0.8766637 -0.3713629 -2.551586E-06 
0 0 0 1 
0.8777929 -0.1121057 0.4657381 0.1937955 
0.3723912 -0.4518883 -0.8106305 0.2713284 
