<?xml version="1.0" encoding="utf-8"?>
<COLLADA xmlns:xsi="http://www.w3.org/2001/XMLSchema-instance" xmlns:xsd="http://www.w3.org/2001/XMLSchema" version="1.4.1" xmlns="http://www.collada.org/2005/11/COLLADASchema">
  <asset>
    <created>2017-06-01T10:06:16.4812281+03:00</created>
    <modified>2017-06-01T10:06:16.4812281+03:00</modified>
    <unit meter="1" name="meter" />
    <up_axis>Y_UP</up_axis>
    <contributor>
      <authoring_tool>Skele: Character Animation Tools</authoring_tool>
      <comments>https://www.assetstore.unity3d.com/en/#!/content/16899</comments>
    </contributor>
    <revision>1.0</revision>
  </asset>
  <library_animation_clips>
    <animation_clip name="KamaraLaughA" start="0" end="4.0500001907348633">
      <instance_animation url="KamaraLaughA_0" />
    </animation_clip>
  </library_animation_clips>
  <library_animations>
    <animation id="KamaraLaughA_0" name="KamaraLaughA">
      <animation id="Chest_0_0-anim" name="Chest_0_0">
        <source id="Chest_0_0-Matrix-animation-input">
          <float_array id="Chest_0_0-Matrix-animation-input-array" count="244">0
0.01666667
0.03333334
0.05
0.06666667
0.08333334
0.1
0.1166667
0.1333333
0.15
0.1666667
0.1833333
0.2
0.2166667
0.2333333
0.25
0.2666667
0.2833334
0.3
0.3166667
0.3333334
0.3500001
0.3666668
0.3833334
0.4000001
0.4166668
0.4333335
0.4500002
0.4666668
0.4833335
0.5000002
0.5166668
0.5333335
0.5500001
0.5666668
0.5833334
0.6000001
0.6166667
0.6333334
0.65
0.6666667
0.6833333
0.7
0.7166666
0.7333333
0.7499999
0.7666666
0.7833332
0.7999999
0.8166665
0.8333332
0.8499998
0.8666665
0.8833331
0.8999998
0.9166664
0.9333331
0.9499997
0.9666664
0.9833331
0.9999997
1.016666
1.033333
1.05
1.066666
1.083333
1.1
1.116666
1.133333
1.15
1.166666
1.183333
1.2
1.216666
1.233333
1.25
1.266666
1.283333
1.299999
1.316666
1.333333
1.349999
1.366666
1.383333
1.399999
1.416666
1.433333
1.449999
1.466666
1.483333
1.499999
1.516666
1.533333
1.549999
1.566666
1.583333
1.599999
1.616666
1.633332
1.649999
1.666666
1.683332
1.699999
1.716666
1.733332
1.749999
1.766666
1.783332
1.799999
1.816666
1.833332
1.849999
1.866666
1.883332
1.899999
1.916666
1.933332
1.949999
1.966666
1.983332
1.999999
2.016665
2.033332
2.049999
2.066665
2.083332
2.099999
2.116665
2.133332
2.149999
2.166665
2.183332
2.199999
2.216665
2.233332
2.249999
2.266665
2.283332
2.299999
2.316665
2.333332
2.349998
2.366665
2.383332
2.399998
2.416665
2.433332
2.449998
2.466665
2.483332
2.499998
2.516665
2.533332
2.549998
2.566665
2.583332
2.599998
2.616665
2.633332
2.649998
2.666665
2.683331
2.699998
2.716665
2.733331
2.749998
2.766665
2.783331
2.799998
2.816665
2.833331
2.849998
2.866665
2.883331
2.899998
2.916665
2.933331
2.949998
2.966665
2.983331
2.999998
3.016665
3.033331
3.049998
3.066664
3.083331
3.099998
3.116664
3.133331
3.149998
3.166664
3.183331
3.199998
3.216664
3.233331
3.249998
3.266664
3.283331
3.299998
3.316664
3.333331
3.349998
3.366664
3.383331
3.399997
3.416664
3.433331
3.449997
3.466664
3.483331
3.499997
3.516664
3.533331
3.549997
3.566664
3.583331
3.599997
3.616664
3.633331
3.649997
3.666664
3.683331
3.699997
3.716664
3.73333
3.749997
3.766664
3.78333
3.799997
3.816664
3.83333
3.849997
3.866664
3.88333
3.899997
3.916664
3.93333
3.949997
3.966664
3.98333
3.999997
4.016664
4.03333
4.049997
</float_array>
          <technique_common>
            <accessor count="244" offset="0" source="#Chest_0_0-Matrix-animation-input-array" stride="1">
              <param name="TIME" type="float" />
            </accessor>
          </technique_common>
        </source>
        <source id="Chest_0_0-Matrix-animation-output-transform">
          <float_array id="Chest_0_0-Matrix-animation-output-transform-array" count="3904">1 0 0 -2.642279E-12 
0 0.9999821 0.005980359 0.2666135 
0 -0.005980358 0.9999821 2.243303E-10 
0 0 0 1 
0.9999996 0.0007629478 -0.0003281058 7.768564E-08 
-0.000768104 0.9998714 -0.01601312 0.2666135 
0.0003158465 0.01601337 0.9998717 1.290001E-07 
0 0 0 1 
0.9999987 0.00149058 -0.0006550035 1.614276E-07 
-0.001514928 0.9992421 -0.03889354 0.2666135 
0.0005965332 0.03889447 0.9992431 2.678103E-07 
0 0 0 1 
0.9999971 0.002203251 -0.0009809749 2.451695E-07 
-0.002259625 0.9980888 -0.06175359 0.2666135 
0.0008430415 0.06175562 0.9980909 4.066205E-07 
0 0 0 1 
0.9999949 0.002922427 -0.001306399 3.228578E-07 
-0.003021509 0.9964873 -0.08368909 0.2666135 
0.001057235 0.0836926 0.9964911 5.353962E-07 
0 0 0 1 
0.999992 0.003670686 -0.001631876 3.884388E-07 
-0.003820254 0.9945905 -0.1038033 0.2666135 
0.001242019 0.1038087 0.9945965 6.441029E-07 
0 0 0 1 
0.9999881 0.004471712 -0.001958323 4.358589E-07 
-0.004676116 0.9926159 -0.1212093 0.2666135 
0.001401849 0.121217 0.9926251 7.227064E-07 
0 0 0 1 
0.9999831 0.005334689 -0.002292708 4.645576E-07 
-0.00559681 0.9907046 -0.1359154 0.2666135 
0.00154633 0.135926 0.9907178 7.702772E-07 
0 0 0 1 
0.9999771 0.00624453 -0.002637677 4.798038E-07 
-0.006567419 0.9888538 -0.1487444 0.2666135 
0.001679439 0.1487583 0.9888722 7.955492E-07 
0 0 0 1 
0.9999697 0.007189302 -0.002987957 4.84288E-07 
-0.007574844 0.9870819 -0.1600371 0.2666135 
0.001798803 0.1600549 0.9871065 8.029822E-07 
0 0 0 1 
0.9999611 0.008156921 -0.003338268 4.807006E-07 
-0.008605978 0.9853835 -0.1701327 0.2666135 
0.001901716 0.1701548 0.9854155 7.970358E-07 
0 0 0 1 
0.9999515 0.009135067 -0.003683287 4.717322E-07 
-0.009647614 0.9837347 -0.1793679 0.2666135 
0.00198484 0.1793947 0.9837751 7.821699E-07 
0 0 0 1 
0.9999408 0.01011113 -0.004017629 4.600734E-07 
-0.01068636 0.982096 -0.1880775 0.2666135 
0.002044022 0.1881093 0.982146 7.628443E-07 
0 0 0 1 
0.9999293 0.01107221 -0.004335831 4.484145E-07 
-0.01170859 0.980415 -0.1965939 0.2666135 
0.002074185 0.1966307 0.9804754 7.435186E-07 
0 0 0 1 
0.9999172 0.01200514 -0.00463234 4.394462E-07 
-0.01270039 0.9786276 -0.2052476 0.2666135 
0.002069309 0.2052895 0.9786991 7.286528E-07 
0 0 0 1 
0.9999048 0.01289655 -0.004901518 4.358589E-07 
-0.01364754 0.9766579 -0.2143667 0.2666135 
0.002022516 0.2144131 0.976741 7.227064E-07 
0 0 0 1 
0.9998921 0.01375017 -0.005174236 4.358589E-07 
-0.01456101 0.9743502 -0.2245653 0.2666135 
0.001953708 0.2246164 0.9744453 7.227064E-07 
0 0 0 1 
0.9998787 0.01457927 -0.005477644 4.358589E-07 
-0.01546026 0.971629 -0.236004 0.2666135 
0.001881473 0.23606 0.9717367 7.227064E-07 
0 0 0 1 
0.9998648 0.01538519 -0.005800554 4.358589E-07 
-0.0163438 0.9685377 -0.2483291 0.2666135 
0.001797464 0.2483903 0.9686583 7.227064E-07 
0 0 0 1 
0.9998505 0.01617016 -0.006132001 4.358589E-07 
-0.01721056 0.965134 -0.2611895 0.2666135 
0.001694728 0.2612559 0.9652681 7.227064E-07 
0 0 0 1 
0.9998357 0.01693736 -0.006461336 4.358589E-07 
-0.01806005 0.9614922 -0.2742378 0.2666135 
0.00156766 0.2743095 0.9616402 7.227064E-07 
0 0 0 1 
0.9998205 0.01769103 -0.006778292 4.358589E-07 
-0.01889244 0.9577048 -0.2871313 0.2666135 
0.001411954 0.2872078 0.9578673 7.227064E-07 
0 0 0 1 
0.999805 0.01843643 -0.007073049 4.358589E-07 
-0.01970864 0.9538824 -0.2995326 0.2666135 
0.001224545 0.2996136 0.9540598 7.227064E-07 
0 0 0 1 
0.9997891 0.01917972 -0.007336229 4.358589E-07 
-0.02051036 0.9501526 -0.3111095 0.2666135 
0.001003543 0.3111944 0.9503458 7.227064E-07 
0 0 0 1 
0.9997728 0.01992784 -0.007558897 4.358589E-07 
-0.02130014 0.9466577 -0.3215359 0.2666135 
0.0007481725 0.3216239 0.9468672 7.227064E-07 
0 0 0 1 
0.9997561 0.02068823 -0.007732457 4.358589E-07 
-0.0220813 0.9435512 -0.3304898 0.2666135 
0.0004587192 0.3305798 0.9437779 7.227064E-07 
0 0 0 1 
0.9997387 0.02146858 -0.007848538 4.358589E-07 
-0.02285784 0.9409932 -0.3376524 0.2666135 
0.0001365049 0.3377436 0.9412382 7.227064E-07 
0 0 0 1 
0.9997206 0.02227643 -0.0078988 4.358589E-07 
-0.02363437 0.9391451 -0.3427066 0.2666135 
-0.000216158 0.3427975 0.9394093 7.227064E-07 
0 0 0 1 
0.9997017 0.02311878 -0.007874695 4.358589E-07 
-0.02441585 0.9381624 -0.3453333 0.2666135 
-0.0005959422 0.3454226 0.9384471 7.227064E-07 
0 0 0 1 
0.9996818 0.02400161 -0.007767184 4.358589E-07 
-0.02520733 0.9381871 -0.3452093 0.2666135 
-0.0009985067 0.3452952 0.9384936 7.227064E-07 
0 0 0 1 
0.9996606 0.02492932 -0.007566436 4.358589E-07 
-0.02601365 0.9393388 -0.3420025 0.2666135 
-0.001418445 0.3420833 0.9396685 7.227064E-07 
0 0 0 1 
0.999638 0.02590962 -0.00725043 4.358589E-07 
-0.02684092 0.9417815 -0.3351524 0.2666135 
-0.00185535 0.3352256 0.942136 7.227064E-07 
0 0 0 1 
0.9996139 0.02693744 -0.006812691 4.358589E-07 
-0.02768992 0.9454374 -0.324625 0.2666135 
-0.002303592 0.3246883 0.9458183 7.227064E-07 
0 0 0 1 
0.9995884 0.02799542 -0.006265664 4.358589E-07 
-0.02855588 0.9500242 -0.3108672 0.2666135 
-0.002750328 0.3109182 0.9504327 7.227064E-07 
0 0 0 1 
0.9995617 0.02906583 -0.005622016 4.358589E-07 
-0.02943279 0.9552515 -0.2943266 0.2666135 
-0.003184407 0.2943631 0.9556884 7.227064E-07 
0 0 0 1 
0.999534 0.03013148 -0.004895179 4.358589E-07 
-0.03031393 0.9608352 -0.2754571 0.2666135 
-0.00359647 0.2754771 0.9613009 7.227064E-07 
0 0 0 1 
0.9995055 0.03117671 -0.00409974 4.358589E-07 
-0.03119235 0.9665107 -0.2547235 0.2666135 
-0.003978999 0.2547254 0.9670053 7.227064E-07 
0 0 0 1 
0.9994766 0.03218806 -0.003251633 4.358589E-07 
-0.0320613 0.9720429 -0.2326038 0.2666135 
-0.004326339 0.2325863 0.9725661 7.227064E-07 
0 0 0 1 
0.9994474 0.03315495 -0.002368155 4.358589E-07 
-0.03291472 0.9772351 -0.2095901 0.2666135 
-0.004634706 0.2095522 0.9777865 7.227064E-07 
0 0 0 1 
0.9994184 0.03407007 -0.001467824 4.358589E-07 
-0.03374751 0.9819345 -0.1861872 0.2666135 
-0.004902104 0.1861284 0.9825132 7.227064E-07 
0 0 0 1 
0.9993896 0.03492966 -0.0005701338 4.358589E-07 
-0.03455586 0.9860353 -0.1629111 0.2666135 
-0.005128258 0.1628314 0.9866406 7.227064E-07 
0 0 0 1 
0.9993613 0.03573359 0.0003047646 4.358589E-07 
-0.0353375 0.9894801 -0.1402862 0.2666135 
-0.00531449 0.1401858 0.9901109 7.227064E-07 
0 0 0 1 
0.9993336 0.03648513 0.001136405 4.358589E-07 
-0.03609163 0.9922569 -0.1188421 0.2666135 
-0.005463575 0.1187219 0.9929125 7.227064E-07 
0 0 0 1 
0.9993064 0.0371907 0.001904324 4.358589E-07 
-0.03681905 0.994395 -0.09911034 0.2666135 
-0.005579634 0.09897147 0.9950746 7.227064E-07 
0 0 0 1 
0.9992797 0.03785825 0.002621084 4.358589E-07 
-0.03752427 0.9960424 -0.08056956 0.2666135 
-0.005660933 0.08041316 0.9967455 7.227064E-07 
0 0 0 1 
0.9992535 0.03848961 0.003316845 4.358589E-07 
-0.03820866 0.9973267 -0.06228558 0.2666135 
-0.005705326 0.06211235 0.9980528 7.227064E-07 
0 0 0 1 
0.9992279 0.03908354 0.003997805 4.358589E-07 
-0.03886927 0.9982675 -0.04417006 0.2666135 
-0.005717202 0.04398057 0.999016 7.227064E-07 
0 0 0 1 
0.9992032 0.03963799 0.004670241 4.358589E-07 
-0.03950293 0.9988776 -0.02613387 0.2666135 
-0.005700894 0.02592856 0.9996476 7.227064E-07 
0 0 0 1 
0.9991794 0.04015016 0.005340468 4.358589E-07 
-0.04010627 0.9991626 -0.008087341 0.2666135 
-0.005660704 0.007866518 0.999953 7.227064E-07 
0 0 0 1 
0.9991567 0.0406165 0.006014789 4.358589E-07 
-0.04067564 0.9991217 0.01005933 0.2666135 
-0.005600932 -0.0102955 0.9999313 7.227064E-07 
0 0 0 1 
0.9991353 0.04103274 0.006699455 4.358589E-07 
-0.0412072 0.998747 0.02839584 0.2666135 
-0.005525901 -0.02864735 0.9995743 7.227064E-07 
0 0 0 1 
0.9991155 0.0413938 0.007400608 4.358589E-07 
-0.04169679 0.9980236 0.04701142 0.2666135 
-0.00544 -0.04727841 0.9988669 7.227064E-07 
0 0 0 1 
0.9990974 0.04169385 0.008124233 4.358589E-07 
-0.04214003 0.9969297 0.06599446 0.2666135 
-0.005347727 -0.06627724 0.9977869 7.227064E-07 
0 0 0 1 
0.9990803 0.04193865 0.008925042 4.358589E-07 
-0.04255517 0.995331 0.08663153 0.2666135 
-0.005250162 -0.08693166 0.9962004 7.227064E-07 
0 0 0 1 
0.9990641 0.04212546 0.009817353 4.358589E-07 
-0.04294756 0.9930732 0.1093665 0.2666135 
-0.005142234 -0.1096858 0.993953 7.227064E-07 
0 0 0 1 
0.9990497 0.04224078 0.01074706 4.358589E-07 
-0.04329618 0.9901664 0.1330252 0.2666135 
-0.005022293 -0.1333641 0.9910544 7.227064E-07 
0 0 0 1 
0.9990377 0.04227985 0.01166169 4.358589E-07 
-0.04358491 0.986725 0.1564418 0.2666135 
-0.004892544 -0.1567995 0.9876183 7.227064E-07 
0 0 0 1 
0.9990289 0.04224705 0.01251119 4.358589E-07 
-0.04380297 0.9829707 0.1784654 0.2666135 
-0.004758497 -0.17884 0.9838666 7.227064E-07 
0 0 0 1 
0.9990233 0.04215492 0.01324853 4.358589E-07 
-0.04394476 0.9792235 0.1979646 0.2666135 
-0.004628092 -0.1983534 0.9801196 7.227064E-07 
0 0 0 1 
0.9990209 0.0420222 0.01382959 4.358589E-07 
-0.04400885 0.9758794 0.2138284 0.2666135 
-0.00451047 -0.2142276 0.9767733 7.227064E-07 
0 0 0 1 
0.9990219 0.04187069 0.01421227 4.358589E-07 
-0.04399607 0.9733741 0.2249602 0.2666135 
-0.004414615 -0.2253655 0.9742643 7.227064E-07 
0 0 0 1 
0.9990268 0.04171421 0.01432762 4.358589E-07 
-0.04389071 0.9723024 0.2295684 0.2666135 
-0.00435452 -0.2299738 0.9731871 7.227064E-07 
0 0 0 1 
0.9990355 0.04154931 0.01419881 4.358589E-07 
-0.04369428 0.9726477 0.2281385 0.2666135 
-0.004331439 -0.2285389 0.9735252 7.227064E-07 
0 0 0 1 
0.9990471 0.04136592 0.01391993 4.358589E-07 
-0.04342966 0.9738555 0.222978 0.2666135 
-0.004332312 -0.22337 0.9747241 7.227064E-07 
0 0 0 1 
0.9990605 0.04115317 0.01358469 4.358589E-07 
-0.04311903 0.9753542 0.2163903 0.2666135 
-0.004344739 -0.2167728 0.9762124 7.227064E-07 
0 0 0 1 
0.9990747 0.04090468 0.01328851 4.358589E-07 
-0.04278752 0.9766161 0.2106896 0.2666135 
-0.004359586 -0.2110632 0.9774627 7.227064E-07 
0 0 0 1 
0.9990885 0.0406189 0.01312859 4.358589E-07 
-0.04246341 0.977164 0.2082003 0.2666135 
-0.004371915 -0.208568 0.9779981 7.227064E-07 
0 0 0 1 
0.9991021 0.04028482 0.01312335 4.358589E-07 
-0.0421414 0.9769016 0.2094927 0.2666135 
-0.004380842 -0.2098577 0.9777221 7.227064E-07 
0 0 0 1 
0.9991164 0.03990065 0.01320566 4.358589E-07 
-0.04179922 0.9761505 0.2130327 0.2666135 
-0.00439057 -0.2133964 0.9769558 7.227064E-07 
0 0 0 1 
0.9991313 0.0394799 0.01334478 4.358589E-07 
-0.04144073 0.9750705 0.2179907 0.2666135 
-0.004405852 -0.2183544 0.9758596 7.227064E-07 
0 0 0 1 
0.9991465 0.03903641 0.01351014 4.358589E-07 
-0.0410699 0.9738292 0.2235392 0.2666135 
-0.004430401 -0.2239033 0.9746013 7.227064E-07 
0 0 0 1 
0.9991618 0.0385851 0.01367162 4.358589E-07 
-0.04069116 0.9726099 0.2288538 0.2666135 
-0.00446681 -0.2292183 0.9733648 7.227064E-07 
0 0 0 1 
0.999177 0.03814212 0.01379965 4.358589E-07 
-0.04030947 0.9716135 0.2331143 0.2666135 
-0.004516453 -0.2334787 0.9723514 7.227064E-07 
0 0 0 1 
0.999192 0.03772448 0.01386505 4.358589E-07 
-0.03993 0.9710528 0.2355034 0.2666135 
-0.004579456 -0.2358667 0.9717746 7.227064E-07 
0 0 0 1 
0.9992065 0.03734909 0.01383863 4.358589E-07 
-0.03955752 0.9711407 0.2352038 0.2666135 
-0.004654607 -0.2355646 0.9718475 7.227064E-07 
0 0 0 1 
0.9992203 0.03703149 0.01369056 4.358589E-07 
-0.03919569 0.9720702 0.2313938 0.2666135 
-0.004739328 -0.23175 0.9727638 7.227064E-07 
0 0 0 1 
0.9992336 0.03677658 0.01340587 4.358589E-07 
-0.03884392 0.9739235 0.2235265 0.2666135 
-0.004835755 -0.2238759 0.9746057 7.227064E-07 
0 0 0 1 
0.9992466 0.03656734 0.01300378 4.358589E-07 
-0.03849471 0.9764906 0.212095 0.2666135 
-0.004942324 -0.2124358 0.9771625 7.227064E-07 
0 0 0 1 
0.9992597 0.036384 0.01250492 4.358589E-07 
-0.03814001 0.9794938 0.1978311 0.2666135 
-0.005050601 -0.1981616 0.9801564 7.227064E-07 
0 0 0 1 
0.9992731 0.03620778 0.01193064 4.358589E-07 
-0.03777286 0.9826702 0.1814729 0.2666135 
-0.005153151 -0.1817916 0.9833236 7.227064E-07 
0 0 0 1 
0.9992871 0.03602214 0.01130354 4.358589E-07 
-0.03738808 0.9857901 0.1637677 0.2666135 
-0.005243657 -0.1640735 0.9864342 7.227064E-07 
0 0 0 1 
0.9993017 0.03581374 0.01064766 4.358589E-07 
-0.03698277 0.9886705 0.145474 0.2666135 
-0.005317062 -0.1457662 0.9893048 7.227064E-07 
0 0 0 1 
0.9993172 0.03557306 0.009988436 4.358589E-07 
-0.0365565 0.9911826 0.1273604 0.2666135 
-0.005369763 -0.1276386 0.9918062 7.227064E-07 
0 0 0 1 
0.9993332 0.03529448 0.009352433 4.358589E-07 
-0.03611109 0.9932528 0.1102031 0.2666135 
-0.00539977 -0.1104673 0.9938651 7.227064E-07 
0 0 0 1 
0.9993497 0.03497612 0.008767031 4.358589E-07 
-0.03565048 0.9948593 0.09478288 0.2666135 
-0.005406826 -0.09503378 0.9954594 7.227064E-07 
0 0 0 1 
0.9993665 0.03461916 0.008260044 4.358589E-07 
-0.03518005 0.9960208 0.08188267 0.2666135 
-0.005392467 -0.08212138 0.9966077 7.227064E-07 
0 0 0 1 
0.9993832 0.0342267 0.007859346 4.358589E-07 
-0.03470602 0.99678 0.07228456 0.2666135 
-0.005359977 -0.07251274 0.9973531 7.227064E-07 
0 0 0 1 
0.9994 0.03379583 0.007581465 4.358589E-07 
-0.03422673 0.9971884 0.06666026 0.2666135 
-0.005307311 -0.06687975 0.9977469 7.227064E-07 
0 0 0 1 
0.9994169 0.03332999 0.007407486 4.358589E-07 
-0.03373931 0.9973437 0.06455396 0.2666135 
-0.005236226 -0.06476624 0.9978867 7.227064E-07 
0 0 0 1 
0.9994339 0.03284024 0.007311542 4.358589E-07 
-0.03324695 0.9973277 0.06505278 0.2666135 
-0.005155655 -0.06525903 0.9978551 7.227064E-07 
0 0 0 1 
0.9994506 0.03233578 0.007267449 4.358589E-07 
-0.03275188 0.9971989 0.06724222 0.2666135 
-0.005072762 -0.06744329 0.9977102 7.227064E-07 
0 0 0 1 
0.9994672 0.03182506 0.007248949 4.358589E-07 
-0.03225605 0.9970107 0.07020739 0.2666135 
-0.004992926 -0.0704038 0.9975061 7.227064E-07 
0 0 0 1 
0.9994833 0.03131659 0.007229832 4.358589E-07 
-0.03176155 0.9968235 0.07303389 0.2666135 
-0.004919694 -0.07322578 0.9973032 7.227064E-07 
0 0 0 1 
0.9994991 0.03081903 0.00718397 4.358589E-07 
-0.03127064 0.9967075 0.07480797 0.2666135 
-0.004854808 -0.07499514 0.9971721 7.227064E-07 
0 0 0 1 
0.9995145 0.03034095 0.007085262 4.358589E-07 
-0.03078557 0.9967369 0.07461623 0.2666135 
-0.004798216 -0.07479812 0.9971871 7.227064E-07 
0 0 0 1 
0.9995293 0.02989008 0.006907472 4.358589E-07 
-0.03030817 0.9969767 0.0715446 0.2666135 
-0.004748116 -0.07172028 0.9974135 7.227064E-07 
0 0 0 1 
0.9995437 0.02947202 0.006624 4.358589E-07 
-0.0298392 0.99746 0.06467672 0.2666135 
-0.004701022 -0.06484486 0.9978843 7.227064E-07 
0 0 0 1 
0.9995574 0.02909616 0.006187796 4.358589E-07 
-0.02937951 0.9982089 0.05211231 0.2666135 
-0.004660445 -0.05227105 0.9986221 7.227064E-07 
0 0 0 1 
0.999571 0.02874773 0.005607465 4.358589E-07 
-0.02892255 0.9990001 0.03409029 0.2666135 
-0.00462184 -0.03423784 0.999403 7.227064E-07 
0 0 0 1 
0.9995845 0.02839699 0.004940492 4.358589E-07 
-0.02845872 0.9995115 0.01290936 0.2666135 
-0.004571491 -0.0130446 0.9999045 7.227064E-07 
0 0 0 1 
0.9995983 0.02802275 0.004246045 4.358589E-07 
-0.02798313 0.9995667 -0.009120526 0.2666135 
-0.004499788 0.008998043 0.9999494 7.227064E-07 
0 0 0 1 
0.9996122 0.02761482 0.003584577 4.358589E-07 
-0.02749646 0.999181 -0.02968496 0.2666135 
-0.004401387 0.02957489 0.9995529 7.227064E-07 
0 0 0 1 
0.9996262 0.0271738 0.003016922 4.358589E-07 
-0.0270044 0.9985543 -0.04647464 0.2666135 
-0.004275453 0.04637579 0.9989149 7.227064E-07 
0 0 0 1 
0.9996399 0.026708 0.002603513 4.358589E-07 
-0.02651554 0.9980111 -0.05719067 0.2666135 
-0.004125784 0.05710104 0.9983599 7.227064E-07 
0 0 0 1 
0.9996533 0.02622381 0.00235372 4.358589E-07 
-0.02603071 0.9977857 -0.06120433 0.2666135 
-0.00395352 0.06112184 0.9981225 7.227064E-07 
0 0 0 1 
0.9996666 0.02572629 0.002219758 4.358589E-07 
-0.02554612 0.9978595 -0.06019634 0.2666135 
-0.003763635 0.06011955 0.9981841 7.227064E-07 
0 0 0 1 
0.9996795 0.02522136 0.002175882 4.358589E-07 
-0.02506241 0.9981532 -0.05533494 0.2666135 
-0.003567486 0.05526267 0.9984655 7.227064E-07 
0 0 0 1 
0.9996922 0.02471269 0.002196413 4.358589E-07 
-0.02457959 0.998555 -0.04778672 0.2666135 
-0.003374177 0.04771802 0.9988552 7.227064E-07 
0 0 0 1 
0.9997045 0.02420342 0.002255698 4.358589E-07 
-0.02409802 0.9989595 -0.03871907 0.2666135 
-0.003190485 0.03865327 0.9992476 7.227064E-07 
0 0 0 1 
0.9997165 0.02369732 0.002328109 4.358589E-07 
-0.02361901 0.9992915 -0.02930143 0.2666135 
-0.003020825 0.02923813 0.9995679 7.227064E-07 
0 0 0 1 
0.999728 0.0231993 0.002388059 4.358589E-07 
-0.02314497 0.9995176 -0.02070493 0.2666135 
-0.002867247 0.02064402 0.9997828 7.227064E-07 
0 0 0 1 
0.9997391 0.02271542 0.002410027 4.358589E-07 
-0.02267925 0.9996433 -0.01410156 0.2666135 
-0.00272949 0.01404322 0.9998977 7.227064E-07 
0 0 0 1 
0.9997496 0.02225216 0.002368552 4.358589E-07 
-0.02222571 0.9996961 -0.01066318 0.2666135 
-0.002605111 0.01060787 0.9999403 7.227064E-07 
0 0 0 1 
0.9997595 0.02181521 0.002238171 4.358589E-07 
-0.02178794 0.9996957 -0.01156113 0.2666135 
-0.002489699 0.01150958 0.9999307 7.227064E-07 
0 0 0 1 
0.9997689 0.02140763 0.001993339 4.358589E-07 
-0.02136842 0.9996102 -0.01796594 0.2666135 
-0.002377171 0.01791919 0.9998366 7.227064E-07 
0 0 0 1 
0.9997776 0.02103277 0.001564551 4.358589E-07 
-0.02096842 0.9992161 -0.03357466 0.2666135 
-0.002269493 0.03353438 0.999435 7.227064E-07 
0 0 0 1 
0.9997858 0.02067109 0.0009601334 4.358589E-07 
-0.02058022 0.9980934 -0.05818926 0.2666135 
-0.002161138 0.05815704 0.9983051 7.227064E-07 
0 0 0 1 
0.999794 0.02029555 0.000272216 4.358589E-07 
-0.02019467 0.9959925 -0.08712592 0.2666135 
-0.002039394 0.08710247 0.9961973 7.227064E-07 
0 0 0 1 
0.9998019 0.01989785 -0.0004067307 4.358589E-07 
-0.01981125 0.9930853 -0.1157103 0.2666135 
-0.001898469 0.1156955 0.9932829 7.227064E-07 
0 0 0 1 
0.9998095 0.01949204 -0.0009861278 4.358589E-07 
-0.01943932 0.9900573 -0.1393144 0.2666135 
-0.001739198 0.139307 0.9902477 7.227064E-07 
0 0 0 1 
0.9998164 0.01910955 -0.001378702 4.358589E-07 
-0.01909489 0.9879841 -0.1533714 0.2666135 
-0.001568723 0.1533696 0.9881676 7.227064E-07 
0 0 0 1 
0.9998227 0.01876342 -0.001606191 4.358589E-07 
-0.01878046 0.9871419 -0.1587389 0.2666135 
-0.001392946 0.1587409 0.9873193 7.227064E-07 
0 0 0 1 
0.9998284 0.01844239 -0.001754766 4.358589E-07 
-0.01848588 0.9869875 -0.1597307 0.2666135 
-0.001213885 0.1597358 0.9871591 7.227064E-07 
0 0 0 1 
0.9998336 0.01814548 -0.001835385 4.358589E-07 
-0.01820861 0.9874328 -0.1569866 0.2666135 
-0.001036279 0.1569939 0.987599 7.227064E-07 
0 0 0 1 
0.9998386 0.01786991 -0.001858641 4.358589E-07 
-0.01794553 0.9883494 -0.1511397 0.2666135 
-0.0008638658 0.1511486 0.9885107 7.227064E-07 
0 0 0 1 
0.9998432 0.01761182 -0.001834926 4.358589E-07 
-0.01769333 0.9895904 -0.1428205 0.2666135 
-0.0006995045 0.1428306 0.9897469 7.227064E-07 
0 0 0 1 
0.9998476 0.01736696 -0.001774581 4.358589E-07 
-0.01744888 0.9910079 -0.1326604 0.2666135 
-0.0005452844 0.1326711 0.99116 7.227064E-07 
0 0 0 1 
0.9998518 0.01713117 -0.001688014 4.358589E-07 
-0.01720943 0.9924675 -0.1212933 0.2666135 
-0.0004025978 0.1213044 0.9926153 7.227064E-07 
0 0 0 1 
0.9998559 0.01690072 -0.001585761 4.358589E-07 
-0.01697277 0.9938576 -0.1093571 0.2666135 
-0.0002721944 0.1093683 0.9940013 7.227064E-07 
0 0 0 1 
0.9998599 0.01667258 -0.00147851 4.358589E-07 
-0.0167373 0.9950953 -0.0974937 0.2666135 
-0.0001542135 0.09750478 0.995235 7.227064E-07 
0 0 0 1 
0.9998638 0.0164445 -0.001377088 4.358589E-07 
-0.01650199 0.9961283 -0.08634812 0.2666135 
-4.819532E-05 0.08635908 0.9962641 7.227064E-07 
0 0 0 1 
0.9998677 0.01621496 -0.00129242 4.358589E-07 
-0.01626631 0.9969316 -0.07656773 0.2666135 
4.691207E-05 0.07657862 0.9970635 7.227064E-07 
0 0 0 1 
0.9998715 0.01598296 -0.00123548 4.358589E-07 
-0.01603009 0.9975016 -0.06880066 0.2666135 
0.0001327554 0.06881162 0.9976296 7.227064E-07 
0 0 0 1 
0.9998752 0.01574777 -0.001217249 4.358589E-07 
-0.01579332 0.9978444 -0.06369512 0.2666135 
0.0002115694 0.06370639 0.9979687 7.227064E-07 
0 0 0 1 
0.9998789 0.01551131 -0.001233214 4.358589E-07 
-0.01555773 0.998 -0.06126907 0.2666135 
0.0002803836 0.06128084 0.9981205 7.227064E-07 
0 0 0 1 
0.9998825 0.01527644 -0.001268506 4.358589E-07 
-0.01532532 0.9980301 -0.06083457 0.2666135 
0.0003366716 0.06084686 0.9981471 7.227064E-07 
0 0 0 1 
0.999886 0.01504346 -0.00131854 4.358589E-07 
-0.01509627 0.9979632 -0.06197991 0.2666135 
0.0003834622 0.06199274 0.9980765 7.227064E-07 
0 0 0 1 
0.9998893 0.01481264 -0.001378717 4.358589E-07 
-0.01487064 0.9978202 -0.0642929 0.2666135 
0.0004233644 0.06430627 0.9979301 7.227064E-07 
0 0 0 1 
0.9998926 0.01458428 -0.001444437 4.358589E-07 
-0.01464846 0.9976211 -0.06736125 0.2666135 
0.0004585855 0.06737516 0.9977276 7.227064E-07 
0 0 0 1 
0.9998958 0.0143588 -0.001511109 4.358589E-07 
-0.01442974 0.997388 -0.07077282 0.2666135 
0.0004909498 0.07078724 0.9974913 7.227064E-07 
0 0 0 1 
0.9998989 0.01413679 -0.001574162 4.358589E-07 
-0.01421459 0.9971483 -0.0741158 0.2666135 
0.0005219128 0.07413066 0.9972484 7.227064E-07 
0 0 0 1 
0.9999018 0.01391902 -0.001629041 4.358589E-07 
-0.01400313 0.9969344 -0.07697868 0.2666135 
0.0005525792 0.07699393 0.9970314 7.227064E-07 
0 0 0 1 
0.9999047 0.01370636 -0.001671213 4.358589E-07 
-0.01379553 0.996783 -0.07895041 0.2666135 
0.000583714 0.07896593 0.9968771 7.227064E-07 
0 0 0 1 
0.9999074 0.01349974 -0.001696151 4.358589E-07 
-0.01359194 0.9967325 -0.07961997 0.2666135 
0.0006157593 0.07963566 0.9968238 7.227064E-07 
0 0 0 1 
0.9999101 0.01330005 -0.001699317 4.358589E-07 
-0.01339246 0.9968181 -0.07857621 0.2666135 
0.0006488428 0.07859189 0.9969066 7.227064E-07 
0 0 0 1 
0.9999127 0.01310794 -0.001676145 4.358589E-07 
-0.01319702 0.9970654 -0.07540711 0.2666135 
0.0006827941 0.07542264 0.9971514 7.227064E-07 
0 0 0 1 
0.9999152 0.01292369 -0.001622006 4.358589E-07 
-0.01300532 0.9974832 -0.06969956 0.2666135 
0.0007171489 0.06971474 0.9975667 7.227064E-07 
0 0 0 1 
0.9999176 0.01274692 -0.001532194 4.358589E-07 
-0.01281669 0.9980531 -0.06103866 0.2666135 
0.0007511562 0.06105326 0.9981343 7.227064E-07 
0 0 0 1 
0.9999199 0.01258316 -0.001379368 4.358589E-07 
-0.01263417 0.9988102 -0.04709947 0.2666135 
0.0007850667 0.04711313 0.9988893 7.227064E-07 
0 0 0 1 
0.9999221 0.01243062 -0.001153308 4.358589E-07 
-0.01245731 0.9995552 -0.0270953 0.2666135 
0.0008159838 0.02710755 0.9996322 7.227064E-07 
0 0 0 1 
0.9999242 0.01227798 -0.0008752816 4.358589E-07 
-0.01228049 0.9999202 -0.002928096 0.2666135 
0.0008392608 0.002938623 0.9999954 7.227064E-07 
0 0 0 1 
0.9999264 0.01211638 -0.0005671385 4.358589E-07 
-0.01209972 0.9996509 0.02348615 0.2666135 
0.0008515077 -0.02347755 0.999724 7.227064E-07 
0 0 0 1 
0.9999287 0.01194094 -0.000251177 4.358589E-07 
-0.01191326 0.9986669 0.05022311 0.2666135 
0.0008505533 -0.05021654 0.998738 7.227064E-07 
0 0 0 1 
0.999931 0.01175136 5.023886E-05 4.358589E-07 
-0.01172173 0.9970873 0.07536193 0.2666135 
0.0008355129 -0.0753573 0.9971563 7.227064E-07 
0 0 0 1 
0.9999332 0.01155178 0.0003151082 4.358589E-07 
-0.01152787 0.9952179 0.09699674 0.2666135 
0.0008068833 -0.09699389 0.9952847 7.227064E-07 
0 0 0 1 
0.9999354 0.01134966 0.0005220479 4.358589E-07 
-0.01133577 0.9935026 0.1132426 0.2666135 
0.0007666097 -0.1132412 0.9935672 7.227064E-07 
0 0 0 1 
0.9999376 0.01115399 0.0006502168 4.358589E-07 
-0.01114983 0.992439 0.1222305 0.2666135 
0.0007180565 -0.1222301 0.9925016 7.227064E-07 
0 0 0 1 
0.9999396 0.01096904 0.0006939049 4.358589E-07 
-0.010971 0.9923277 0.1231468 0.2666135 
0.0006622209 -0.123147 0.9923882 7.227064E-07 
0 0 0 1 
0.9999415 0.01079308 0.0006715365 4.358589E-07 
-0.01079724 0.9930177 0.1174696 0.2666135 
0.0006010119 -0.11747 0.9930763 7.227064E-07 
0 0 0 1 
0.9999434 0.01062402 0.0005983858 4.358589E-07 
-0.01062719 0.9942278 0.1067612 0.2666135 
0.0005393019 -0.1067615 0.9942845 7.227064E-07 
0 0 0 1 
0.9999452 0.01045898 0.0004896588 4.358589E-07 
-0.01045939 0.9956501 0.09258236 0.2666135 
0.0004807881 -0.0925824 0.9957049 7.227064E-07 
0 0 0 1 
0.999947 0.01029563 0.0003607169 4.358589E-07 
-0.01029306 0.9970163 0.07650121 0.2666135 
0.0004279878 -0.07650086 0.9970694 7.227064E-07 
0 0 0 1 
0.9999486 0.0101331 0.0002271554 4.358589E-07 
-0.01012844 0.9981412 0.06009574 0.2666135 
0.0003822229 -0.06009495 0.9981926 7.227064E-07 
0 0 0 1 
0.9999503 0.009972283 0.000104756 4.358589E-07 
-0.009966912 0.9989393 0.04495207 0.2666135 
0.0003436299 -0.04495088 0.9989892 7.227064E-07 
0 0 0 1 
0.9999518 0.009815755 9.380383E-06 4.358589E-07 
-0.009810825 0.9994183 0.03266026 0.2666135 
0.0003112102 -0.03265877 0.9994665 7.227064E-07 
0 0 0 1 
0.9999533 0.009667145 -4.312701E-05 4.358589E-07 
-0.0096631 0.9996454 0.0248102 0.2666135 
0.0002829555 -0.02480862 0.9996922 7.227064E-07 
0 0 0 1 
0.9999546 0.009528295 -5.213591E-05 4.358589E-07 
-0.009524933 0.9997202 0.02165167 0.2666135 
0.0002584248 -0.02165019 0.9997656 7.227064E-07 
0 0 0 1 
0.9999558 0.009398031 -3.307209E-05 4.358589E-07 
-0.009395096 0.9997198 0.02172481 0.2666135 
0.0002372333 -0.02172354 0.999764 7.227064E-07 
0 0 0 1 
0.999957 0.009275224 5.778864E-06 4.358589E-07 
-0.00927268 0.9996676 0.02405342 0.2666135 
0.000217324 -0.02405244 0.9997107 7.227064E-07 
0 0 0 1 
0.999958 0.009158619 5.612795E-05 4.358589E-07 
-0.009156667 0.9995754 0.02766105 0.2666135 
0.0001972329 -0.0276604 0.9996173 7.227064E-07 
0 0 0 1 
0.9999591 0.009047124 0.0001096883 4.358589E-07 
-0.009046076 0.9994605 0.03157131 0.2666135 
0.0001760004 -0.03157101 0.9995015 7.227064E-07 
0 0 0 1 
0.99996 0.008939952 0.0001581814 4.358589E-07 
-0.00894004 0.9993539 0.0348082 0.2666135 
0.0001531044 -0.03480822 0.999394 7.227064E-07 
0 0 0 1 
0.999961 0.008836596 0.0001933404 4.358589E-07 
-0.008837779 0.9992983 0.03639609 0.2666135 
0.0001284128 -0.03639638 0.9993374 7.227064E-07 
0 0 0 1 
0.9999618 0.008736655 0.0002069036 4.358589E-07 
-0.008738508 0.9993364 0.03535945 0.2666135 
0.000102157 -0.0353599 0.9993746 7.227064E-07 
0 0 0 1 
0.9999627 0.008639467 0.0001905968 4.358589E-07 
-0.008641245 0.9994906 0.030722 0.2666135 
7.492201E-05 -0.0307225 0.9995279 7.227064E-07 
0 0 0 1 
0.9999635 0.008546939 0.0001396119 4.358589E-07 
-0.008547952 0.9997259 0.02179407 0.2666135 
4.669894E-05 -0.02179446 0.9997625 7.227064E-07 
0 0 0 1 
0.9999642 0.008459723 5.952083E-05 4.358589E-07 
-0.008459914 0.9999221 0.009168062 0.2666135 
1.804307E-05 -0.009168237 0.999958 7.227064E-07 
0 0 0 1 
0.999965 0.008374782 -4.236219E-05 4.358589E-07 
-0.008374885 0.9999456 -0.006208134 0.2666135 
-9.631894E-06 0.006208271 0.9999807 7.227064E-07 
0 0 0 1 
0.9999656 0.008289465 -0.000158655 4.358589E-07 
-0.008290907 0.9996921 -0.02338337 0.2666135 
-3.522941E-05 0.02338388 0.9997265 7.227064E-07 
0 0 0 1 
0.9999663 0.008201845 -0.0002819256 4.358589E-07 
-0.008206485 0.9991087 -0.04140414 0.2666135 
-5.7916E-05 0.04140505 0.9991425 7.227064E-07 
0 0 0 1 
0.999967 0.008110915 -0.0004047409 4.358589E-07 
-0.008120642 0.9982061 -0.05931695 0.2666135 
-7.709994E-05 0.05931828 0.9982391 7.227064E-07 
0 0 0 1 
0.9999678 0.008016648 -0.0005197303 4.358589E-07 
-0.008032947 0.9970623 -0.07617129 0.2666135 
-9.243492E-05 0.07617299 0.9970946 7.227064E-07 
0 0 0 1 
0.9999685 0.007919916 -0.0006196387 4.358589E-07 
-0.00794344 0.9958171 -0.09102208 0.2666135 
-0.0001038405 0.09102413 0.9958487 7.227064E-07 
0 0 0 1 
0.9999692 0.00782227 -0.0006973465 4.358589E-07 
-0.0078525 0.9946575 -0.1029306 0.2666135 
-0.0001115301 0.1029329 0.9946883 7.227064E-07 
0 0 0 1 
0.9999699 0.007725578 -0.0007458405 4.358589E-07 
-0.00776063 0.9937941 -0.1109634 0.2666135 
-0.0001160442 0.1109658 0.9938242 7.227064E-07 
0 0 0 1 
0.9999706 0.007633516 -0.0007564335 4.358589E-07 
-0.007670003 0.9934692 -0.1138417 0.2666135 
-0.0001175189 0.1138441 0.9934986 7.227064E-07 
0 0 0 1 
0.9999713 0.007547158 -0.0007333015 4.358589E-07 
-0.007581797 0.9936731 -0.112054 0.2666135 
-0.0001170276 0.1120564 0.9937018 7.227064E-07 
0 0 0 1 
0.9999719 0.007463885 -0.0006886687 4.358589E-07 
-0.007494686 0.9941967 -0.1073155 0.2666135 
-0.0001163184 0.1073176 0.9942248 7.227064E-07 
0 0 0 1 
0.9999726 0.007381039 -0.0006347541 4.358589E-07 
-0.007407366 0.9948242 -0.1013404 0.2666135 
-0.0001165288 0.1013423 0.9948516 7.227064E-07 
0 0 0 1 
0.9999732 0.007296468 -0.0005838555 4.358589E-07 
-0.007318837 0.9953691 -0.0958465 0.2666135 
-0.0001181892 0.09584819 0.995396 7.227064E-07 
0 0 0 1 
0.9999739 0.007208614 -0.0005483525 4.358589E-07 
-0.007228424 0.9956813 -0.09255508 0.2666135 
-0.0001212094 0.09255662 0.9957074 7.227064E-07 
0 0 0 1 
0.9999745 0.007116182 -0.0005406541 4.358589E-07 
-0.007135598 0.9956229 -0.09318852 0.2666135 
-0.0001248589 0.09319 0.9956483 7.227064E-07 
0 0 0 1 
0.9999752 0.007021128 -0.0005606587 4.358589E-07 
-0.007042293 0.995175 -0.09786224 0.2666135 
-0.0001291498 0.09786375 0.9951998 7.227064E-07 
0 0 0 1 
0.9999759 0.006925712 -0.0005975298 4.358589E-07 
-0.00695015 0.9944323 -0.1051469 0.2666135 
-0.000134014 0.1051485 0.9944565 7.227064E-07 
0 0 0 1 
0.9999765 0.006828843 -0.000647535 4.358589E-07 
-0.006858082 0.9934058 -0.114446 0.2666135 
-0.0001382685 0.1144477 0.9934292 7.227064E-07 
0 0 0 1 
0.9999771 0.006729488 -0.0007069393 4.358589E-07 
-0.006765052 0.9921131 -0.125163 0.2666135 
-0.0001409194 0.1251649 0.9921359 7.227064E-07 
0 0 0 1 
0.9999778 0.006626809 -0.0007720258 4.358589E-07 
-0.006670135 0.9905896 -0.1367027 0.2666135 
-0.0001411418 0.1367048 0.9906118 7.227064E-07 
0 0 0 1 
0.9999784 0.006520246 -0.0008391201 4.358589E-07 
-0.006572566 0.9888947 -0.1484721 0.2666135 
-0.0001382734 0.1484744 0.9889162 7.227064E-07 
0 0 0 1 
0.9999791 0.006409565 -0.0009046092 4.358589E-07 
-0.006471744 0.9871148 -0.1598819 0.2666135 
-0.0001318205 0.1598844 0.9871357 7.227064E-07 
0 0 0 1 
0.9999797 0.006294847 -0.0009649559 4.358589E-07 
-0.00636722 0.9853635 -0.1703472 0.2666135 
-0.0001214774 0.1703499 0.9853836 7.227064E-07 
0 0 0 1 
0.9999804 0.006176457 -0.001016701 4.358589E-07 
-0.00625866 0.9837768 -0.1792872 0.2666135 
-0.0001071529 0.17929 0.9837962 7.227064E-07 
0 0 0 1 
0.9999811 0.006054946 -0.001056448 4.358589E-07 
-0.006145774 0.9825068 -0.1861247 0.2666135 
-8.900821E-05 0.1861277 0.9825255 7.227064E-07 
0 0 0 1 
0.9999818 0.005930936 -0.001080833 4.358589E-07 
-0.006028238 0.9817104 -0.1902845 0.2666135 
-6.750008E-05 0.1902875 0.9817284 7.227064E-07 
0 0 0 1 
0.9999825 0.005804402 -0.001090024 4.358589E-07 
-0.005905714 0.9814587 -0.1915826 0.2666135 
-4.220885E-05 0.1915856 0.9814759 7.227064E-07 
0 0 0 1 
0.9999833 0.005675078 -0.001087851 4.358589E-07 
-0.005778387 0.9816626 -0.1905389 0.2666135 
-1.342062E-05 0.190542 0.981679 7.227064E-07 
0 0 0 1 
0.9999841 0.005543057 -0.001076398 4.358589E-07 
-0.005646577 0.9822234 -0.1876306 0.2666135 
1.72165E-05 0.1876336 0.9822391 7.227064E-07 
0 0 0 1 
0.9999848 0.005408351 -0.001057728 4.358589E-07 
-0.005510601 0.9830353 -0.1833336 0.2666135 
4.825174E-05 0.1833366 0.9830502 7.227064E-07 
0 0 0 1 
0.9999856 0.005270971 -0.001033905 4.358589E-07 
-0.005370841 0.9839934 -0.178124 0.2666135 
7.846925E-05 0.178127 0.9840075 7.227064E-07 
0 0 0 1 
0.9999864 0.005130978 -0.001007011 4.358589E-07 
-0.00522777 0.9849992 -0.1724794 0.2666135 
0.0001069174 0.1724823 0.9850126 7.227064E-07 
0 0 0 1 
0.9999871 0.004988523 -0.0009791577 4.358589E-07 
-0.005081973 0.9859642 -0.166879 0.2666135 
0.0001329346 0.1668818 0.9859769 7.227064E-07 
0 0 0 1 
0.9999878 0.004843859 -0.0009524841 4.358589E-07 
-0.004934147 0.9868105 -0.1618041 0.2666135 
0.0001561651 0.1618068 0.9868224 7.227064E-07 
0 0 0 1 
0.9999886 0.004697331 -0.0009291549 4.358589E-07 
-0.004785089 0.9874694 -0.1577374 0.2666135 
0.0001765673 0.15774 0.9874806 7.227064E-07 
0 0 0 1 
0.9999892 0.004549355 -0.0009113486 4.358589E-07 
-0.004635665 0.9878781 -0.1551623 0.2666135 
0.000194413 0.1551648 0.9878886 7.227064E-07 
0 0 0 1 
0.9999899 0.004398536 -0.0008991217 4.358589E-07 
-0.004484618 0.9879964 -0.1544115 0.2666135 
0.0002091447 0.1544139 0.9880062 7.227064E-07 
0 0 0 1 
0.9999906 0.004243806 -0.0008901918 4.358589E-07 
-0.004330529 0.987883 -0.1551399 0.2666135 
0.0002210218 0.1551422 0.9878921 7.227064E-07 
0 0 0 1 
0.9999912 0.004086066 -0.0008832243 4.358589E-07 
-0.004174015 0.9876193 -0.1568137 0.2666135 
0.0002315385 0.156816 0.9876278 7.227064E-07 
0 0 0 1 
0.9999919 0.003926186 -0.0008768808 4.358589E-07 
-0.004015639 0.9872866 -0.1588991 0.2666135 
0.0002418651 0.1589013 0.9872944 7.227064E-07 
0 0 0 1 
0.9999925 0.003765036 -0.0008698254 4.358589E-07 
-0.003855926 0.9869692 -0.160863 0.2666135 
0.0002528361 0.1608651 0.9869764 7.227064E-07 
0 0 0 1 
0.9999931 0.003603478 -0.0008607245 4.358589E-07 
-0.003695363 0.9867554 -0.1621725 0.2666135 
0.0002649395 0.1621745 0.986762 7.227064E-07 
0 0 0 1 
0.9999937 0.003442355 -0.0008482435 4.358589E-07 
-0.003534384 0.9867358 -0.1622955 0.2666135 
0.0002783135 0.1622974 0.9867418 7.227064E-07 
0 0 0 1 
0.9999943 0.003282469 -0.0008310378 4.358589E-07 
-0.003373355 0.9869976 -0.1606991 0.2666135 
0.0002927424 0.160701 0.9870031 7.227064E-07 
0 0 0 1 
0.9999948 0.003124527 -0.0008077386 4.358589E-07 
-0.003212547 0.9876173 -0.1568488 0.2666135 
0.0003076583 0.1568506 0.9876223 7.227064E-07 
0 0 0 1 
0.9999953 0.002966132 -0.0007780661 4.375777E-07 
-0.003049487 0.9885863 -0.1506245 0.2666135 
0.0003224133 0.1506262 0.9885907 7.255555E-07 
0 0 0 1 
0.9999958 0.002804802 -0.0007431699 4.421622E-07 
-0.002882073 0.9897937 -0.1424784 0.2666135 
0.0003359613 0.1424799 0.9897977 7.331548E-07 
0 0 0 1 
0.9999962 0.002641036 -0.0007038041 4.487529E-07 
-0.002711086 0.9911482 -0.132732 0.2666135 
0.0003470241 0.1327334 0.9911517 7.440794E-07 
0 0 0 1 
0.9999967 0.00247537 -0.0006607403 4.564899E-07 
-0.002537386 0.9925626 -0.1217085 0.2666135 
0.0003545524 0.1217098 0.9925657 7.569043E-07 
0 0 0 1 
0.9999971 0.0023084 -0.0006147733 4.645137E-07 
-0.002361921 0.9939582 -0.1097329 0.2666135 
0.0003577516 0.109734 0.9939609 7.702045E-07 
0 0 0 1 
0.9999976 0.002140803 -0.0005667246 4.719645E-07 
-0.002185727 0.995269 -0.09713237 0.2666135 
0.0003561022 0.09713336 0.9952713 7.825549E-07 
0 0 0 1 
0.9999979 0.001973354 -0.0005174417 4.779827E-07 
-0.002009928 0.9964437 -0.08423647 0.2666135 
0.0003493731 0.08423733 0.9964457 7.925306E-07 
0 0 0 1 
0.9999983 0.001806936 -0.0004677955 4.817084E-07 
-0.001835717 0.9974477 -0.07137652 0.2666135 
0.0003376287 0.07137725 0.9974493 7.987064E-07 
0 0 0 1 
0.9999986 0.00164254 -0.0004186742 4.822822E-07 
-0.001664344 0.9982633 -0.05888527 0.2666135 
0.0003212257 0.05888588 0.9982647 7.996575E-07 
0 0 0 1 
0.9999988 0.001481267 -0.0003709787 4.788443E-07 
-0.001497095 0.9988891 -0.04709627 0.2666135 
0.0003008044 0.04709677 0.9988903 7.939587E-07 
0 0 0 1 
0.999999 0.001324317 -0.000325615 4.705349E-07 
-0.001335277 0.9993384 -0.03634328 0.2666135 
0.0002772695 0.03634368 0.9993393 7.801852E-07 
0 0 0 1 
0.9999993 0.001172977 -0.0002834895 4.564945E-07 
-0.001180194 0.9996358 -0.02695994 0.2666135 
0.0002517629 0.02696025 0.9996365 7.56912E-07 
0 0 0 1 
0.9999995 0.001028599 -0.0002455044 4.358634E-07 
-0.001033141 0.9998136 -0.0192792 0.2666135 
0.000225628 0.01927944 0.9998141 7.227138E-07 
0 0 0 1 
0.9999996 0.0008935961 -0.000211634 4.065687E-07 
-0.0008963482 0.99991 -0.0133815 0.2666135 
0.0001996573 0.01338168 0.9999104 6.741551E-07 
0 0 0 1 
0.9999997 0.0007682638 -0.000180849 3.683053E-07 
-0.0007698486 0.9999598 -0.008932504 0.2666135 
0.0001739792 0.008932639 0.9999601 6.107299E-07 
0 0 0 1 
0.9999998 0.0006507538 -0.0001525374 3.22867E-07 
-0.0006516043 0.9999838 -0.005642726 0.2666135 
0.0001488629 0.005642823 0.9999841 5.354116E-07 
0 0 0 1 
0.9999998 0.0005391571 -0.0001260831 2.720473E-07 
-0.0005395606 0.9999946 -0.003222448 0.2666135 
0.000124345 0.003222515 0.9999948 4.511731E-07 
0 0 0 1 
0.9999999 0.000431515 -0.0001008677 2.176399E-07 
-0.000431654 0.9999989 -0.001381881 0.2666135 
0.0001002713 0.001381924 0.999999 3.609878E-07 
0 0 0 1 
0.9999999 0.0003258298 -7.62721E-05 1.614385E-07 
-0.0003258169 0.9999999 0.0001687966 0.2666135 
7.632709E-05 -0.0001687717 1 2.678287E-07 
0 0 0 1 
1 0.0002200687 -5.167643E-05 1.052368E-07 
-0.0002199795 0.9999985 0.001719417 0.2666135 
5.205475E-05 -0.001719406 0.9999985 1.74669E-07 
0 0 0 1 
1 0.0001121648 -2.646045E-05 5.082762E-08 
-0.0001120699 0.9999936 0.00355984 0.2666135 
2.685956E-05 -0.003559837 0.9999937 8.448069E-08 
0 0 0 1 
1 1.926578E-08 -4.518993E-09 5.542233E-12 
-1.923841E-08 0.9999821 0.005979944 0.2666135 
4.634121E-09 -0.005979943 0.9999821 2.383445E-10 
0 0 0 1 
</float_array>
