<?xml version="1.0" encoding="utf-8"?>
<COLLADA xmlns:xsi="http://www.w3.org/2001/XMLSchema-instance" xmlns:xsd="http://www.w3.org/2001/XMLSchema" version="1.4.1" xmlns="http://www.collada.org/2005/11/COLLADASchema">
  <asset>
    <created>2017-06-16T18:37:44.4484996+03:00</created>
    <modified>2017-06-16T18:37:44.4484996+03:00</modified>
    <unit meter="1" name="meter" />
    <up_axis>Y_UP</up_axis>
    <contributor>
      <authoring_tool>Skele: Character Animation Tools</authoring_tool>
      <comments>https://www.assetstore.unity3d.com/en/#!/content/16899</comments>
    </contributor>
    <revision>1.0</revision>
  </asset>
  <library_animation_clips>
    <animation_clip name="KamaraWalk" start="0" end="0.93333333730697632">
      <instance_animation url="KamaraWalk_0" />
    </animation_clip>
  </library_animation_clips>
  <library_animations>
    <animation id="KamaraWalk_0" name="KamaraWalk">
      <animation id="Chest_0_0-anim" name="Chest_0_0">
        <source id="Chest_0_0-Matrix-animation-input">
          <float_array id="Chest_0_0-Matrix-animation-input-array" count="57">0
0.01666667
0.03333334
0.05
0.06666667
0.08333334
0.1
0.1166667
0.1333333
0.15
0.1666667
0.1833333
0.2
0.2166667
0.2333333
0.25
0.2666667
0.2833334
0.3
0.3166667
0.3333334
0.3500001
0.3666668
0.3833334
0.4000001
0.4166668
0.4333335
0.4500002
0.4666668
0.4833335
0.5000002
0.5166668
0.5333335
0.5500001
0.5666668
0.5833334
0.6000001
0.6166667
0.6333334
0.65
0.6666667
0.6833333
0.7
0.7166666
0.7333333
0.7499999
0.7666666
0.7833332
0.7999999
0.8166665
0.8333332
0.8499998
0.8666665
0.8833331
0.8999998
0.9166664
0.9333331
</float_array>
          <technique_common>
            <accessor count="57" offset="0" source="#Chest_0_0-Matrix-animation-input-array" stride="1">
              <param name="TIME" type="float" />
            </accessor>
          </technique_common>
        </source>
        <source id="Chest_0_0-Matrix-animation-output-transform">
          <float_array id="Chest_0_0-Matrix-animation-output-transform-array" count="912">1 -1.761107E-17 -1.192093E-07 4.358589E-07 
-9.64074E-24 0.9999999 -1.477325E-10 0.2666135 
1.192093E-07 1.477325E-10 1 7.227064E-07 
0 0 0 1 
1 -1.761107E-17 -1.192093E-07 4.358589E-07 
-9.64074E-24 0.9999999 -1.477325E-10 0.2666135 
1.192093E-07 1.477325E-10 1 7.227064E-07 
0 0 0 1 
1 -1.761107E-17 -1.192093E-07 4.358589E-07 
-9.64074E-24 0.9999999 -1.477325E-10 0.2666135 
1.192093E-07 1.477325E-10 1 7.227064E-07 
0 0 0 1 
1 -1.761107E-17 -1.192093E-07 4.358589E-07 
-9.64074E-24 0.9999999 -1.477325E-10 0.2666135 
1.192093E-07 1.477325E-10 1 7.227064E-07 
0 0 0 1 
1 -1.761107E-17 -1.192093E-07 4.358589E-07 
-9.64074E-24 0.9999999 -1.477325E-10 0.2666135 
1.192093E-07 1.477325E-10 1 7.227064E-07 
0 0 0 1 
1 -1.761107E-17 -1.192093E-07 4.358589E-07 
-9.64074E-24 0.9999999 -1.477325E-10 0.2666135 
1.192093E-07 1.477325E-10 1 7.227064E-07 
0 0 0 1 
1 -1.761107E-17 -1.192093E-07 4.358589E-07 
-9.64074E-24 0.9999999 -1.477325E-10 0.2666135 
1.192093E-07 1.477325E-10 1 7.227064E-07 
0 0 0 1 
1 -1.761107E-17 -1.192093E-07 4.358589E-07 
-9.64074E-24 0.9999999 -1.477325E-10 0.2666135 
1.192093E-07 1.477325E-10 1 7.227064E-07 
0 0 0 1 
1 -1.761107E-17 -1.192093E-07 4.358589E-07 
-9.64074E-24 0.9999999 -1.477325E-10 0.2666135 
1.192093E-07 1.477325E-10 1 7.227064E-07 
0 0 0 1 
1 -1.761107E-17 -1.192093E-07 4.358589E-07 
-9.64074E-24 0.9999999 -1.477325E-10 0.2666135 
1.192093E-07 1.477325E-10 1 7.227064E-07 
0 0 0 1 
1 -1.761107E-17 -1.192093E-07 4.358589E-07 
-9.64074E-24 0.9999999 -1.477325E-10 0.2666135 
1.192093E-07 1.477325E-10 1 7.227064E-07 
0 0 0 1 
1 -1.761107E-17 -1.192093E-07 4.358589E-07 
-9.64074E-24 0.9999999 -1.477325E-10 0.2666135 
1.192093E-07 1.477325E-10 1 7.227064E-07 
0 0 0 1 
1 -1.761107E-17 -1.192093E-07 4.358589E-07 
-9.64074E-24 0.9999999 -1.477325E-10 0.2666135 
1.192093E-07 1.477325E-10 1 7.227064E-07 
0 0 0 1 
1 -1.761107E-17 -1.192093E-07 4.358589E-07 
-9.64074E-24 0.9999999 -1.477325E-10 0.2666135 
1.192093E-07 1.477325E-10 1 7.227064E-07 
0 0 0 1 
1 -1.761107E-17 -1.192093E-07 4.358589E-07 
-9.64074E-24 0.9999999 -1.477325E-10 0.2666135 
1.192093E-07 1.477325E-10 1 7.227064E-07 
0 0 0 1 
1 -1.761107E-17 -1.192093E-07 4.358589E-07 
-9.64074E-24 0.9999999 -1.477325E-10 0.2666135 
1.192093E-07 1.477325E-10 1 7.227064E-07 
0 0 0 1 
1 -1.761107E-17 -1.192093E-07 4.358589E-07 
-9.64074E-24 0.9999999 -1.477325E-10 0.2666135 
1.192093E-07 1.477325E-10 1 7.227064E-07 
0 0 0 1 
1 -1.761107E-17 -1.192093E-07 4.358589E-07 
-9.64074E-24 0.9999999 -1.477325E-10 0.2666135 
1.192093E-07 1.477325E-10 1 7.227064E-07 
0 0 0 1 
1 -1.761107E-17 -1.192093E-07 4.358589E-07 
-9.64074E-24 0.9999999 -1.477325E-10 0.2666135 
1.192093E-07 1.477325E-10 1 7.227064E-07 
0 0 0 1 
1 -1.761107E-17 -1.192093E-07 4.358589E-07 
-9.64074E-24 0.9999999 -1.477325E-10 0.2666135 
1.192093E-07 1.477325E-10 1 7.227064E-07 
0 0 0 1 
1 -1.761107E-17 -1.192093E-07 4.358589E-07 
-9.64074E-24 0.9999999 -1.477325E-10 0.2666135 
1.192093E-07 1.477325E-10 1 7.227064E-07 
0 0 0 1 
1 -1.761107E-17 -1.192093E-07 4.358589E-07 
-9.64074E-24 0.9999999 -1.477325E-10 0.2666135 
1.192093E-07 1.477325E-10 1 7.227064E-07 
0 0 0 1 
1 -1.761107E-17 -1.192093E-07 4.358589E-07 
-9.64074E-24 0.9999999 -1.477325E-10 0.2666135 
1.192093E-07 1.477325E-10 1 7.227064E-07 
0 0 0 1 
1 -1.761107E-17 -1.192093E-07 4.358589E-07 
-9.64074E-24 0.9999999 -1.477325E-10 0.2666135 
1.192093E-07 1.477325E-10 1 7.227064E-07 
0 0 0 1 
1 -1.761107E-17 -1.192093E-07 4.358589E-07 
-9.64074E-24 0.9999999 -1.477325E-10 0.2666135 
1.192093E-07 1.477325E-10 1 7.227064E-07 
0 0 0 1 
1 -1.761107E-17 -1.192093E-07 4.358589E-07 
-9.64074E-24 0.9999999 -1.477325E-10 0.2666135 
1.192093E-07 1.477325E-10 1 7.227064E-07 
0 0 0 1 
1 -1.761107E-17 -1.192093E-07 4.358589E-07 
-9.64074E-24 0.9999999 -1.477325E-10 0.2666135 
1.192093E-07 1.477325E-10 1 7.227064E-07 
0 0 0 1 
1 -1.761107E-17 -1.192093E-07 4.358589E-07 
-9.64074E-24 0.9999999 -1.477325E-10 0.2666135 
1.192093E-07 1.477325E-10 1 7.227064E-07 
0 0 0 1 
1 -1.761107E-17 -1.192093E-07 4.358589E-07 
-9.64074E-24 0.9999999 -1.477325E-10 0.2666135 
1.192093E-07 1.477325E-10 1 7.227064E-07 
0 0 0 1 
1 -1.761107E-17 -1.192093E-07 4.358589E-07 
-9.64074E-24 0.9999999 -1.477325E-10 0.2666135 
1.192093E-07 1.477325E-10 1 7.227064E-07 
0 0 0 1 
1 -1.761107E-17 -1.192093E-07 4.358589E-07 
-9.64074E-24 0.9999999 -1.477325E-10 0.2666135 
1.192093E-07 1.477325E-10 1 7.227064E-07 
0 0 0 1 
1 -1.761107E-17 -1.192093E-07 4.358589E-07 
-9.64074E-24 0.9999999 -1.477325E-10 0.2666135 
1.192093E-07 1.477325E-10 1 7.227064E-07 
0 0 0 1 
1 -1.761107E-17 -1.192093E-07 4.358589E-07 
-9.64074E-24 0.9999999 -1.477325E-10 0.2666135 
1.192093E-07 1.477325E-10 1 7.227064E-07 
0 0 0 1 
1 -1.761107E-17 -1.192093E-07 4.358589E-07 
-9.64074E-24 0.9999999 -1.477325E-10 0.2666135 
1.192093E-07 1.477325E-10 1 7.227064E-07 
0 0 0 1 
1 -1.761107E-17 -1.192093E-07 4.358589E-07 
-9.64074E-24 0.9999999 -1.477325E-10 0.2666135 
1.192093E-07 1.477325E-10 1 7.227064E-07 
0 0 0 1 
1 -1.761107E-17 -1.192093E-07 4.358589E-07 
-9.64074E-24 0.9999999 -1.477325E-10 0.2666135 
1.192093E-07 1.477325E-10 1 7.227064E-07 
0 0 0 1 
1 -1.761107E-17 -1.192093E-07 4.358589E-07 
-9.64074E-24 0.9999999 -1.477325E-10 0.2666135 
1.192093E-07 1.477325E-10 1 7.227064E-07 
0 0 0 1 
1 -1.761107E-17 -1.192093E-07 4.358589E-07 
-9.64074E-24 0.9999999 -1.477325E-10 0.2666135 
1.192093E-07 1.477325E-10 1 7.227064E-07 
0 0 0 1 
1 -1.761107E-17 -1.192093E-07 4.358589E-07 
-9.64074E-24 0.9999999 -1.477325E-10 0.2666135 
1.192093E-07 1.477325E-10 1 7.227064E-07 
0 0 0 1 
1 -1.761107E-17 -1.192093E-07 4.358589E-07 
-9.64074E-24 0.9999999 -1.477325E-10 0.2666135 
1.192093E-07 1.477325E-10 1 7.227064E-07 
0 0 0 1 
1 -1.761107E-17 -1.192093E-07 4.358589E-07 
-9.64074E-24 0.9999999 -1.477325E-10 0.2666135 
1.192093E-07 1.477325E-10 1 7.227064E-07 
0 0 0 1 
1 -1.761107E-17 -1.192093E-07 4.358589E-07 
-9.64074E-24 0.9999999 -1.477325E-10 0.2666135 
1.192093E-07 1.477325E-10 1 7.227064E-07 
0 0 0 1 
1 -1.761107E-17 -1.192093E-07 4.358589E-07 
-9.64074E-24 0.9999999 -1.477325E-10 0.2666135 
1.192093E-07 1.477325E-10 1 7.227064E-07 
0 0 0 1 
1 -1.761107E-17 -1.192093E-07 4.358589E-07 
-9.64074E-24 0.9999999 -1.477325E-10 0.2666135 
1.192093E-07 1.477325E-10 1 7.227064E-07 
0 0 0 1 
1 -1.761107E-17 -1.192093E-07 4.358589E-07 
-9.64074E-24 0.9999999 -1.477325E-10 0.2666135 
1.192093E-07 1.477325E-10 1 7.227064E-07 
0 0 0 1 
1 -1.761107E-17 -1.192093E-07 4.358589E-07 
-9.64074E-24 0.9999999 -1.477325E-10 0.2666135 
1.192093E-07 1.477325E-10 1 7.227064E-07 
0 0 0 1 
1 -1.761107E-17 -1.192093E-07 4.358589E-07 
-9.64074E-24 0.9999999 -1.477325E-10 0.2666135 
1.192093E-07 1.477325E-10 1 7.227064E-07 
0 0 0 1 
1 -1.761107E-17 -1.192093E-07 4.358589E-07 
-9.64074E-24 0.9999999 -1.477325E-10 0.2666135 
1.192093E-07 1.477325E-10 1 7.227064E-07 
0 0 0 1 
1 -1.761107E-17 -1.192093E-07 4.358589E-07 
-9.64074E-24 0.9999999 -1.477325E-10 0.2666135 
1.192093E-07 1.477325E-10 1 7.227064E-07 
0 0 0 1 
1 -1.761107E-17 -1.192093E-07 4.358589E-07 
-9.64074E-24 0.9999999 -1.477325E-10 0.2666135 
1.192093E-07 1.477325E-10 1 7.227064E-07 
0 0 0 1 
1 -1.761107E-17 -1.192093E-07 4.358589E-07 
-9.64074E-24 0.9999999 -1.477325E-10 0.2666135 
1.192093E-07 1.477325E-10 1 7.227064E-07 
0 0 0 1 
1 -1.761107E-17 -1.192093E-07 4.358589E-07 
-9.64074E-24 0.9999999 -1.477325E-10 0.2666135 
1.192093E-07 1.477325E-10 1 7.227064E-07 
0 0 0 1 
1 -1.761107E-17 -1.192093E-07 4.358589E-07 
-9.64074E-24 0.9999999 -1.477325E-10 0.2666135 
1.192093E-07 1.477325E-10 1 7.227064E-07 
0 0 0 1 
1 -1.761107E-17 -1.192093E-07 4.358589E-07 
-9.64074E-24 0.9999999 -1.477325E-10 0.2666135 
1.192093E-07 1.477325E-10 1 7.227064E-07 
0 0 0 1 
1 -1.761107E-17 -1.192093E-07 4.358589E-07 
-9.64074E-24 0.9999999 -1.477325E-10 0.2666135 
1.192093E-07 1.477325E-10 1 7.227064E-07 
0 0 0 1 
1 -1.761107E-17 -1.192093E-07 4.358589E-07 
-9.64074E-24 0.9999999 -1.477325E-10 0.2666135 
1.192093E-07 1.477325E-10 1 7.227064E-07 
0 0 0 1 
1 -1.761107E-17 -1.192093E-07 4.358589E-07 
-9.64074E-24 0.9999999 -1.477325E-10 0.2666135 
1.192093E-07 1.477325E-10 1 7.227064E-07 
0 0 0 1 
</float_array>
          <technique_common>
            <accessor count="57" offset="0" source="#Chest_0_0-Matrix-animation-output-transform-array" stride="16">
              <param type="float4x4" />
            </accessor>
          </technique_common>
        </source>
        <source id="Chest_0_0-Interpolations">
          <Name_array id="Chest_0_0-Interpolations-array" count="57">LINEAR
LINEAR
LINEAR
LINEAR
LINEAR
LINEAR
LINEAR
LINEAR
LINEAR
LINEAR
LINEAR
LINEAR
LINEAR
LINEAR
LINEAR
LINEAR
LINEAR
LINEAR
LINEAR
LINEAR
LINEAR
LINEAR
LINEAR
LINEAR
LINEAR
LINEAR
LINEAR
LINEAR
LINEAR
LINEAR
LINEAR
LINEAR
LINEAR
LINEAR
LINEAR
LINEAR
LINEAR
LINEAR
LINEAR
LINEAR
LINEAR
LINEAR
LINEAR
LINEAR
LINEAR
LINEAR
LINEAR
LINEAR
LINEAR
LINEAR
LINEAR
LINEAR
LINEAR
LINEAR
LINEAR
LINEAR
LINEAR</Name_array>
          <technique_common>
            <accessor count="57" offset="0" source="#Chest_0_0-Interpolations-array" stride="1">
              <param type="name" />
            </accessor>
          </technique_common>
        </source>
        <sampler id="Chest_0_0-Matrix-animation-transform">
          <input semantic="INPUT" source="#Chest_0_0-Matrix-animation-input" />
          <input semantic="OUTPUT" source="#Chest_0_0-Matrix-animation-output-transform" />
          <input semantic="INTERPOLATION" source="#Chest_0_0-Interpolations" />
        </sampler>
        <channel source="#Chest_0_0-Matrix-animation-transform" target="Chest/matrix" />
      </animation>
      <animation id="LeftThigh_0_1-anim" name="LeftThigh_0_1">
        <source id="LeftThigh_0_1-Matrix-animation-input">
          <float_array id="LeftThigh_0_1-Matrix-animation-input-array" count="57">0
0.01666667
0.03333334
0.05
0.06666667
0.08333334
0.1
0.1166667
0.1333333
0.15
0.1666667
0.1833333
0.2
0.2166667
0.2333333
0.25
0.2666667
0.2833334
0.3
0.3166667
0.3333334
0.3500001
0.3666668
0.3833334
0.4000001
0.4166668
0.4333335
0.4500002
0.4666668
0.4833335
0.5000002
0.5166668
0.5333335
0.5500001
0.5666668
0.5833334
0.6000001
0.6166667
0.6333334
0.65
0.6666667
0.6833333
0.7
0.7166666
0.7333333
0.7499999
0.7666666
0.7833332
0.7999999
0.8166665
0.8333332
0.8499998
0.8666665
0.8833331
0.8999998
0.9166664
0.9333331
</float_array>
          <technique_common>
            <accessor count="57" offset="0" source="#LeftThigh_0_1-Matrix-animation-input-array" stride="1">
              <param name="TIME" type="float" />
            </accessor>
          </technique_common>
        </source>
        <source id="LeftThigh_0_1-Matrix-animation-output-transform">
          <float_array id="LeftThigh_0_1-Matrix-animation-output-transform-array" count="912">0.9993806 -0.0179346 -0.02931938 0.1213383 
-0.00625445 -0.9337186 0.3579522 0.05255294 
-0.03379484 -0.3575574 -0.9332789 -0.00280688 
0 0 0 1 
0.9991813 -0.02102071 -0.03373102 0.1213381 
-0.008307086 -0.9404027 0.3399595 0.05255294 
-0.03886587 -0.3394108 -0.9398341 -0.002806914 
0 0 0 1 
0.9989699 -0.02267408 -0.03857305 0.1213378 
-0.01048781 -0.9567378 0.2907612 0.05255295 
-0.04349584 -0.2900655 -0.9560171 -0.002806951 
0 0 0 1 
0.9987575 -0.02272703 -0.04370392 0.1213376 
-0.01277937 -0.9763802 0.2156789 0.05255295 
-0.04757209 -0.2148585 -0.975485 -0.002806988 
0 0 0 1 
0.9985541 -0.0211301 -0.04884937 0.1213373 
-0.01510619 -0.9925928 0.1205417 0.05255296 
-0.0510332 -0.1196329 -0.9915048 -0.002807024 
0 0 0 1 
0.9983678 -0.01798783 -0.0536774 0.1213371 
-0.01735436 -0.9997741 0.01223531 0.05255296 
-0.05388388 -0.01128413 -0.9984826 -0.002807057 
0 0 0 1 
0.998202 -0.01357742 -0.05789118 0.1213369 
-0.01940718 -0.9946588 -0.1013707 0.05255297 
-0.05620409 0.1023149 -0.9931621 -0.002807085 
0 0 0 1 
0.9980545 -0.008335782 -0.06132454 0.1213368 
-0.02118628 -0.9770355 -0.2120177 0.05255297 
-0.05814734 0.2129106 -0.9753389 -0.002807105 
0 0 0 1 
0.9979069 -0.002661744 -0.06416971 0.1213367 
-0.02276167 -0.9489422 -0.3146259 0.05255297 
-0.06005425 0.3154371 -0.9470434 -0.002807118 
0 0 0 1 
0.9977536 0.003317678 -0.06648064 0.1213367 
-0.0241409 -0.912716 -0.4078798 0.05255296 
-0.06202945 0.4085803 -0.9106114 -0.002807125 
0 0 0 1 
0.9976044 0.009396359 -0.06811917 0.1213366 
-0.02523934 -0.8714371 -0.4898564 0.05255296 
-0.06396268 0.4904163 -0.869137 -0.002807127 
0 0 0 1 
0.9974657 0.01528967 -0.06907485 0.1213367 
-0.02602879 -0.8285641 -0.559288 0.05255295 
-0.06578246 0.5596848 -0.8260897 -0.002807125 
0 0 0 1 
0.9973416 0.02067477 -0.06946433 0.1213367 
-0.02653883 -0.7876915 -0.615497 0.05255295 
-0.06743988 0.6157221 -0.785071 -0.002807121 
0 0 0 1 
0.9972342 0.0252228 -0.06950347 0.1213367 
-0.02684674 -0.7523301 -0.6582382 0.05255294 
-0.06889027 0.6583027 -0.7495934 -0.002807114 
0 0 0 1 
0.9971454 0.02862301 -0.06946044 0.1213368 
-0.02705488 -0.7257165 -0.6874608 0.05255294 
-0.07008385 0.6873977 -0.722891 -0.002807106 
0 0 0 1 
0.9970692 0.03063199 -0.06969805 0.1213369 
-0.02731625 -0.710575 -0.7030903 0.05255294 
-0.07106078 0.7029539 -0.7076756 -0.002807095 
0 0 0 1 
0.9969928 0.03131252 -0.07048234 0.121337 
-0.02775452 -0.706971 -0.7066969 0.05255293 
-0.07195543 0.7065485 -0.7039961 -0.002807081 
0 0 0 1 
0.9969106 0.03083706 -0.07184269 0.1213371 
-0.02839307 -0.7133693 -0.7002121 0.05255293 
-0.07284085 0.7001089 -0.7103099 -0.002807064 
0 0 0 1 
0.9968174 0.02938219 -0.07372244 0.1213372 
-0.02921793 -0.7278111 -0.6851544 0.05255294 
-0.07378529 0.6851476 -0.7246568 -0.002807045 
0 0 0 1 
0.9967085 0.02712705 -0.07602343 0.1213373 
-0.03019626 -0.7481308 -0.6628631 0.05255294 
-0.07485493 0.662996 -0.7448702 -0.002807026 
0 0 0 1 
0.9965795 0.02425192 -0.07864108 0.1213375 
-0.03129255 -0.7721305 -0.6346922 0.05255294 
-0.07611159 0.6350004 -0.7687522 -0.002807007 
0 0 0 1 
0.9964254 0.02094378 -0.08149277 0.1213376 
-0.03247789 -0.7977214 -0.6021502 0.05255294 
-0.07761768 0.6026619 -0.7942121 -0.002806989 
0 0 0 1 
0.9962633 0.01740167 -0.08426059 0.1213377 
-0.03362552 -0.822686 -0.5674995 0.05255294 
-0.07919329 0.5682286 -0.8190499 -0.002806971 
0 0 0 1 
0.9961165 0.01382297 -0.08662608 0.1213379 
-0.03460229 -0.8455114 -0.5328338 0.05255294 
-0.08060648 0.5337774 -0.8417735 -0.002806948 
0 0 0 1 
0.9959885 0.01039542 -0.08855467 0.121338 
-0.03539169 -0.8654874 -0.4996776 0.05255294 
-0.08183506 0.5008218 -0.8616721 -0.002806925 
0 0 0 1 
0.9958827 0.007308289 -0.09004109 0.1213382 
-0.03598794 -0.8821141 -0.4696579 0.05255294 
-0.08285663 0.4709782 -0.8782441 -0.002806903 
0 0 0 1 
0.9958014 0.004744639 -0.09110544 0.1213383 
-0.03639677 -0.8950586 -0.4444599 0.05255294 
-0.08365119 0.4459227 -0.8911531 -0.002806887 
0 0 0 1 
0.9957465 0.002880024 -0.09178146 0.1213383 
-0.03662885 -0.9040837 -0.4257816 0.05255294 
-0.08420208 0.4273448 -0.900158 -0.002806878 
0 0 0 1 
0.995719 0.001879922 -0.09210495 0.1213383 
-0.03669656 -0.9089481 -0.4152898 0.05255294 
-0.08449702 0.416904 -0.9050136 -0.00280688 
0 0 0 1 
0.9957281 0.002367609 -0.09199563 0.1213382 
-0.03656607 -0.9071808 -0.4191476 0.05255294 
-0.08444673 0.4207331 -0.9032445 -0.002806897 
0 0 0 1 
0.9957759 0.004411505 -0.09140152 0.121338 
-0.03622042 -0.8982539 -0.4379804 0.05255294 
-0.08403163 0.4394536 -0.894325 -0.002806927 
0 0 0 1 
0.9958522 0.007331765 -0.09037571 0.1213377 
-0.03568525 -0.88459 -0.4650015 0.05255294 
-0.08335241 0.4663114 -0.8806843 -0.002806965 
0 0 0 1 
0.9959466 0.01044046 -0.08902036 0.1213375 
-0.03500611 -0.8689938 -0.493582 0.05255294 
-0.0825091 0.4947119 -0.8651305 -0.002807007 
0 0 0 1 
0.9960478 0.01305898 -0.08753002 0.1213372 
-0.03426224 -0.8550134 -0.5174718 0.05255294 
-0.08159475 0.5184407 -0.8512109 -0.002807048 
0 0 0 1 
0.9961457 0.01453559 -0.08617291 0.121337 
-0.03355917 -0.8468298 -0.5308031 0.05255294 
-0.08068711 0.5316645 -0.8431019 -0.002807083 
0 0 0 1 
0.9962326 0.01425728 -0.08520905 0.1213368 
-0.03299519 -0.8487276 -0.5277991 0.05255294 
-0.07984205 0.5286375 -0.8450837 -0.002807106 
0 0 0 1 
0.996326 0.01239256 -0.0844043 0.1213367 
-0.03245327 -0.8599374 -0.5093657 0.05255294 
-0.07889259 0.5102482 -0.8564001 -0.002807118 
0 0 0 1 
0.9964426 0.009622871 -0.08338337 0.1213367 
-0.03177437 -0.8762261 -0.4808501 0.05255294 
-0.07768773 0.4818029 -0.8728281 -0.002807122 
0 0 0 1 
0.9965763 0.0061439 -0.08210473 0.1213367 
-0.03095695 -0.8960728 -0.4428254 0.05255294 
-0.07629038 0.4438638 -0.8928399 -0.002807122 
0 0 0 1 
0.9967209 0.002149869 -0.08053584 0.1213367 
-0.03000624 -0.9178105 -0.395882 0.05255294 
-0.07476567 0.3970119 -0.9147623 -0.002807118 
0 0 0 1 
0.9968692 -0.002181017 -0.07867652 0.1213368 
-0.0289448 -0.9397205 -0.3407146 0.05255294 
-0.07318883 0.3419351 -0.9368682 -0.002807113 
0 0 0 1 
0.9970127 -0.006699984 -0.07657445 0.1213368 
-0.02781622 -0.9601241 -0.2781849 0.05255294 
-0.07165517 0.279492 -0.9574697 -0.002807108 
0 0 0 1 
0.9971411 -0.01130811 -0.07432844 0.1213368 
-0.02668955 -0.977474 -0.2093594 0.05255294 
-0.07028473 0.2107508 -0.9750089 -0.002807106 
0 0 0 1 
0.997274 -0.01556839 -0.07173023 0.1213368 
-0.02551895 -0.9898249 -0.1399806 0.05255294 
-0.0688192 0.1414336 -0.987552 -0.002807108 
0 0 0 1 
0.9974332 -0.01907503 -0.06860131 0.1213368 
-0.02423039 -0.9968787 -0.07513061 0.05255294 
-0.06695224 0.07660223 -0.9948104 -0.002807113 
0 0 0 1 
0.9976104 -0.02183888 -0.06511225 0.1213367 
-0.0228562 -0.9996268 -0.01493011 0.05255294 
-0.06476013 0.01638313 -0.9977654 -0.002807118 
0 0 0 1 
0.9977978 -0.02389411 -0.06141423 0.1213367 
-0.02141975 -0.9989442 0.04062746 0.05255294 
-0.06231845 -0.03922364 -0.9972842 -0.002807122 
0 0 0 1 
0.9979886 -0.0252905 -0.05763841 0.1213367 
-0.01993567 -0.9955916 0.09164572 0.05255294 
-0.05970045 -0.09031492 -0.9941214 -0.002807123 
0 0 0 1 
0.9981771 -0.02608989 -0.05389743 0.1213367 
-0.0184132 -0.9902188 0.1383003 0.05255294 
-0.05697691 -0.1370597 -0.9889221 -0.002807118 
0 0 0 1 
0.9983583 -0.02636029 -0.05028771 0.1213368 
-0.01685576 -0.9833716 0.180818 0.05255294 
-0.05421644 -0.1796787 -0.9822293 -0.002807106 
0 0 0 1 
0.9985342 -0.02599469 -0.04686922 0.1213369 
-0.01508992 -0.97549 0.2195236 0.05255294 
-0.05142549 -0.2185009 -0.9744799 -0.002807086 
0 0 0 1 
0.9987065 -0.02498669 -0.04363401 0.1213371 
-0.01308223 -0.9670318 0.2543172 0.05255294 
-0.04854869 -0.2534248 -0.9661352 -0.002807058 
0 0 0 1 
0.9988708 -0.02355748 -0.04056104 0.1213373 
-0.01103839 -0.9585102 0.2848432 0.05255294 
-0.0455871 -0.284082 -0.9577149 -0.002807025 
0 0 0 1 
0.9990227 -0.02192423 -0.03762593 0.1213376 
-0.009152862 -0.9504389 0.310775 0.05255294 
-0.04257348 -0.3101359 -0.9497377 -0.002806989 
0 0 0 1 
0.9991596 -0.02030062 -0.03479798 0.1213378 
-0.00760973 -0.9433169 0.331805 0.05255294 
-0.03956027 -0.3312709 -0.9427054 -0.002806951 
0 0 0 1 
0.9992792 -0.0188998 -0.03204269 0.1213381 
-0.006585866 -0.9376073 0.3476329 0.05255294 
-0.03661264 -0.3471813 -0.9370825 -0.002806914 
0 0 0 1 
0.9993806 -0.01793461 -0.02931941 0.1213383 
-0.006254454 -0.9337186 0.3579521 0.05255294 
-0.03379488 -0.3575573 -0.9332789 -0.00280688 
0 0 0 1 
</float_array>
          <technique_common>
            <accessor count="57" offset="0" source="#LeftThigh_0_1-Matrix-animation-output-transform-array" stride="16">
              <param type="float4x4" />
            </accessor>
          </technique_common>
        </source>
        <source id="LeftThigh_0_1-Interpolations">
          <Name_array id="LeftThigh_0_1-Interpolations-array" count="57">LINEAR
LINEAR
LINEAR
LINEAR
LINEAR
LINEAR
LINEAR
LINEAR
LINEAR
LINEAR
LINEAR
LINEAR
LINEAR
LINEAR
LINEAR
LINEAR
LINEAR
LINEAR
LINEAR
LINEAR
LINEAR
LINEAR
LINEAR
LINEAR
LINEAR
LINEAR
LINEAR
LINEAR
LINEAR
LINEAR
LINEAR
LINEAR
LINEAR
LINEAR
LINEAR
LINEAR
LINEAR
LINEAR
LINEAR
LINEAR
LINEAR
LINEAR
LINEAR
LINEAR
LINEAR
LINEAR
LINEAR
LINEAR
LINEAR
LINEAR
LINEAR
LINEAR
LINEAR
LINEAR
LINEAR
LINEAR
LINEAR</Name_array>
          <technique_common>
            <accessor count="57" offset="0" source="#LeftThigh_0_1-Interpolations-array" stride="1">
              <param type="name" />
            </accessor>
          </technique_common>
        </source>
        <sampler id="LeftThigh_0_1-Matrix-animation-transform">
          <input semantic="INPUT" source="#LeftThigh_0_1-Matrix-animation-input" />
          <input semantic="OUTPUT" source="#LeftThigh_0_1-Matrix-animation-output-transform" />
          <input semantic="INTERPOLATION" source="#LeftThigh_0_1-Interpolations" />
        </sampler>
        <channel source="#LeftThigh_0_1-Matrix-animation-transform" target="LeftThigh/matrix" />
      </animation>
      <animation id="RightThigh_0_2-anim" name="RightThigh_0_2">
        <source id="RightThigh_0_2-Matrix-animation-input">
          <float_array id="RightThigh_0_2-Matrix-animation-input-array" count="57">0
0.01666667
0.03333334
0.05
0.06666667
0.08333334
0.1
0.1166667
0.1333333
0.15
0.1666667
0.1833333
0.2
0.2166667
0.2333333
0.25
0.2666667
0.2833334
0.3
0.3166667
0.3333334
0.3500001
0.3666668
0.3833334
0.4000001
0.4166668
0.4333335
0.4500002
0.4666668
0.4833335
0.5000002
0.5166668
0.5333335
0.5500001
0.5666668
0.5833334
0.6000001
0.6166667
0.6333334
0.65
0.6666667
0.6833333
0.7
0.7166666
0.7333333
0.7499999
0.7666666
0.7833332
0.7999999
0.8166665
0.8333332
0.8499998
0.8666665
0.8833331
0.8999998
0.9166664
0.9333331
</float_array>
          <technique_common>
            <accessor count="57" offset="0" source="#RightThigh_0_2-Matrix-animation-input-array" stride="1">
              <param name="TIME" type="float" />
            </accessor>
          </technique_common>
        </source>
        <source id="RightThigh_0_2-Matrix-animation-output-transform">
          <float_array id="RightThigh_0_2-Matrix-animation-output-transform-array" count="912">0.995162 0.03279755 0.09230596 -0.1208377 
0.068838 -0.9045382 -0.4207979 0.05255294 
0.0696912 0.4251286 -0.9024452 -0.002806909 
0 0 0 1 
0.9951359 0.03291237 0.09254497 -0.120838 
0.06917795 -0.9037091 -0.4225205 0.05255294 
0.06972563 0.4268798 -0.9016156 -0.002806943 
0 0 0 1 
0.9951111 0.03279814 0.09285171 -0.1208382 
0.06950225 -0.9018903 -0.426336 0.05255295 
0.0697571 0.4307176 -0.8997859 -0.002806981 
0 0 0 1 
0.9950871 0.03262276 0.09317127 -0.1208385 
0.06981899 -0.8998061 -0.4306663 0.05255295 
0.06978463 0.4350682 -0.8976883 -0.00280702 
0 0 0 1 
0.9950626 0.03255926 0.09345405 -0.1208387 
0.07014114 -0.8982046 -0.4339444 0.05255296 
0.06981003 0.4383695 -0.8960787 -0.002807056 
0 0 0 1 
0.9950364 0.03278318 0.09365466 -0.120839 
0.07048399 -0.8978543 -0.4346131 0.05255296 
0.06983833 0.4390698 -0.8957335 -0.002807089 
0 0 0 1 
0.9950068 0.03347063 0.09372603 -0.1208391 
0.07086335 -0.8995118 -0.4311101 0.05255296 
0.06987622 0.4356119 -0.8974174 -0.002807116 
0 0 0 1 
0.9949725 0.0347911 0.09360906 -0.1208393 
0.07128876 -0.9038633 -0.4218389 0.05255297 
0.06993162 0.4264038 -0.9018247 -0.002807134 
0 0 0 1 
0.9949353 0.03673457 0.09326123 -0.1208393 
0.07172822 -0.9108345 -0.406491 0.05255297 
0.07001133 0.4111337 -0.9088818 -0.002807142 
0 0 0 1 
0.9948984 0.03912387 0.09268223 -0.1208393 
0.07214192 -0.9195554 -0.3862806 0.05255297 
0.0701117 0.3910076 -0.9177123 -0.002807139 
0 0 0 1 
0.9948632 0.04186261 0.09185904 -0.1208392 
0.07251552 -0.9294096 -0.361854 0.05255297 
0.07022458 0.3666671 -0.9276972 -0.002807131 
0 0 0 1 
0.9948316 0.04485516 0.09078348 -0.1208392 
0.07283791 -0.9397969 -0.3338804 0.05255297 
0.07033978 0.3387771 -0.9382331 -0.002807118 
0 0 0 1 
0.9948043 0.04800902 0.08945996 -0.1208391 
0.07310415 -0.9501618 -0.3030638 0.05255297 
0.07044969 0.3080381 -0.9487612 -0.002807106 
0 0 0 1 
0.9947815 0.05123932 0.08790676 -0.120839 
0.0733174 -0.9600222 -0.2701502 0.05255297 
0.07054817 0.2751935 -0.9587961 -0.002807097 
0 0 0 1 
0.9947627 0.05447209 0.08615937 -0.120839 
0.07349087 -0.9689876 -0.2359274 0.05255296 
0.07063393 0.2410307 -0.9679431 -0.002807093 
0 0 0 1 
0.9947525 0.05773184 0.08413001 -0.120839 
0.0735676 -0.9771598 -0.1993637 0.05255296 
0.07069686 0.2045128 -0.9763069 -0.002807095 
0 0 0 1 
0.9947569 0.0610249 0.08171904 -0.120839 
0.07348339 -0.9844779 -0.1593828 0.05255296 
0.0707223 0.1645569 -0.9838282 -0.0028071 
0 0 0 1 
0.9947747 0.06426936 0.07896864 -0.1208391 
0.07325558 -0.9904533 -0.1167694 0.05255295 
0.07070809 0.1219477 -0.9900139 -0.002807107 
0 0 0 1 
0.9948034 0.06739978 0.07593895 -0.1208391 
0.07291232 -0.9947103 -0.07235167 0.05255295 
0.0706588 0.07751484 -0.9944834 -0.002807115 
0 0 0 1 
0.994839 0.07037192 0.07270779 -0.1208392 
0.07249352 -0.9970031 -0.02699085 0.05255294 
0.07058857 0.03212333 -0.9969872 -0.002807123 
0 0 0 1 
0.9948759 0.07316653 0.0693679 -0.1208392 
0.07205041 -0.9972304 0.01843185 0.05255294 
0.07052241 -0.0133398 -0.9974203 -0.00280713 
0 0 0 1 
0.9949073 0.07578921 0.06602263 -0.1208393 
0.07164267 -0.9954365 0.06303109 0.05255294 
0.07049645 -0.05798174 -0.9958248 -0.002807135 
0 0 0 1 
0.9949398 0.07854083 0.06220585 -0.1208393 
0.07125094 -0.991175 0.111779 0.05255294 
0.07043416 -0.1067842 -0.9917834 -0.002807137 
0 0 0 1 
0.9949867 0.08135588 0.05767193 -0.1208393 
0.07076267 -0.9835008 0.1664873 0.05255295 
0.07026318 -0.1615764 -0.9843548 -0.002807138 
0 0 0 1 
0.9950458 0.08383363 0.05290798 -0.1208393 
0.07015851 -0.9726164 0.2215737 0.05255295 
0.07003253 -0.2167704 -0.9737068 -0.002807137 
0 0 0 1 
0.9951085 0.0857656 0.04844397 -0.1208393 
0.06950208 -0.9598863 0.2716374 0.05255296 
0.06979593 -0.2669495 -0.9611789 -0.002807136 
0 0 0 1 
0.9951606 0.08712336 0.04481405 -0.1208393 
0.0689344 -0.9477144 0.3115843 0.05255296 
0.06961525 -0.3069961 -0.9491606 -0.002807135 
0 0 0 1 
0.9951844 0.0879921 0.04252933 -0.1208393 
0.06864718 -0.939136 0.336616 0.05255297 
0.06955844 -0.3320852 -0.9406804 -0.002807134 
0 0 0 1 
0.9951622 0.08845799 0.04207971 -0.1208393 
0.06883646 -0.9371651 0.3420268 0.05255297 
0.06968872 -0.3374854 -0.9387468 -0.002807134 
0 0 0 1 
0.9950966 0.08846679 0.04358666 -0.1208393 
0.06951321 -0.9427084 0.3262945 0.05255297 
0.06995379 -0.3216741 -0.9442621 -0.002807134 
0 0 0 1 
0.9950041 0.08793722 0.04666087 -0.1208393 
0.07051796 -0.9534764 0.2931026 0.05255296 
0.07026272 -0.2883562 -0.954941 -0.002807134 
0 0 0 1 
0.994894 0.08676209 0.05100596 -0.1208393 
0.07172767 -0.9667776 0.2453472 0.05255296 
0.07059631 -0.2404429 -0.9680917 -0.002807134 
0 0 0 1 
0.9947765 0.08481897 0.05629211 -0.1208393 
0.07301174 -0.9798234 0.1860497 0.05255295 
0.07093491 -0.1809731 -0.9809257 -0.002807134 
0 0 0 1 
0.9946604 0.08204636 0.06215036 -0.1208393 
0.07426656 -0.9901707 0.1185143 0.05255295 
0.07126117 -0.1132691 -0.9910046 -0.002807135 
0 0 0 1 
0.9945508 0.07850103 0.06819052 -0.1208393 
0.07543831 -0.996072 0.04635821 0.05255294 
0.07155984 -0.0409626 -0.9965941 -0.002807135 
0 0 0 1 
0.9944487 0.07439175 0.07403611 -0.1208393 
0.07653532 -0.9967124 -0.02657625 0.05255294 
0.07181364 0.03209602 -0.9969009 -0.002807135 
0 0 0 1 
0.9943554 0.0691473 0.08012225 -0.1208393 
0.07759466 -0.9911556 -0.1076517 0.05255294 
0.0719678 0.1132644 -0.9909541 -0.002807135 
0 0 0 1 
0.9943038 0.0618845 0.08645158 -0.1208393 
0.07830591 -0.9762881 -0.2018141 0.05255293 
0.07191049 0.2074402 -0.9756003 -0.002807135 
0 0 0 1 
0.9943252 0.05274279 0.09208312 -0.1208393 
0.07830355 -0.9503209 -0.3012602 0.05255293 
0.07161725 0.3067699 -0.9490845 -0.002807135 
0 0 0 1 
0.994427 0.04227579 0.09628753 -0.1208393 
0.0774176 -0.9139827 -0.3982983 0.05255294 
0.07116478 0.4035446 -0.9121875 -0.002807135 
0 0 0 1 
0.9945915 0.03140107 0.09871867 -0.1208393 
0.07572483 -0.8706564 -0.4860269 0.05255294 
0.07068634 0.4908879 -0.8683495 -0.002807135 
0 0 0 1 
0.9947806 0.021265 0.09951246 -0.1208393 
0.07355965 -0.8259801 -0.5588782 0.05255294 
0.07030882 0.5632977 -0.8232563 -0.002807135 
0 0 0 1 
0.9949479 0.01307254 0.09925296 -0.1208393 
0.07146265 -0.7870407 -0.6127472 0.05255294 
0.070104 0.6167623 -0.7840208 -0.002807135 
0 0 0 1 
0.9950664 0.006953849 0.09868053 -0.1208393 
0.06985869 -0.7556623 -0.6512243 0.05255294 
0.0700387 0.6549242 -0.7524412 -0.002807137 
0 0 0 1 
0.9951463 0.002231426 0.09809326 -0.1208393 
0.06872265 -0.7293954 -0.680631 0.05255294 
0.07002805 0.6840885 -0.7260289 -0.002807142 
0 0 0 1 
0.9951939 -0.001145128 0.09762783 -0.1208393 
0.06802183 -0.7091633 -0.7017547 0.05255294 
0.07003571 0.7050433 -0.7056969 -0.002807147 
0 0 0 1 
0.9952134 -0.003238912 0.09738136 -0.1208394 
0.06771675 -0.6956072 -0.7152229 0.05255294 
0.0700538 0.7184145 -0.6920778 -0.002807151 
0 0 0 1 
0.9952087 -0.004120501 0.09739681 -0.1208394 
0.0677503 -0.6891214 -0.7214711 0.05255294 
0.0700891 0.7246339 -0.6855597 -0.002807152 
0 0 0 1 
0.9951845 -0.003872196 0.09765245 -0.1208393 
0.06803297 -0.6898747 -0.7207239 0.05255294 
0.07015682 0.723918 -0.6863086 -0.002807147 
0 0 0 1 
0.9951497 -0.002590909 0.09804937 -0.1208393 
0.06842826 -0.6978269 -0.7129896 0.05255294 
0.07026682 0.7162615 -0.6942845 -0.002807135 
0 0 0 1 
0.9950761 0.001206375 0.09882106 -0.1208391 
0.06944376 -0.719979 -0.6905116 0.05255294 
0.07031415 0.6939943 -0.7165379 -0.002807115 
0 0 0 1 
0.994962 0.00799222 0.09964968 -0.1208389 
0.07110785 -0.7572064 -0.6492926 0.05255294 
0.07026415 0.6531263 -0.7539811 -0.002807087 
0 0 0 1 
0.9948627 0.01609367 0.09966297 -0.1208387 
0.07257102 -0.8002664 -0.5952361 0.05255294 
0.07017547 0.5994282 -0.7973455 -0.002807054 
0 0 0 1 
0.994825 0.0238822 0.09846947 -0.1208385 
0.07321593 -0.8412226 -0.535708 0.05255294 
0.07003892 0.5401609 -0.8386415 -0.002807018 
0 0 0 1 
0.9948725 0.0299448 0.09630887 -0.1208382 
0.0727618 -0.8743455 -0.4798177 0.05255294 
0.06983723 0.4843791 -0.8720656 -0.00280698 
0 0 0 1 
0.9949965 0.03319443 0.0939338 -0.120838 
0.07123717 -0.8961815 -0.4379304 0.05255294 
0.06964295 0.4424437 -0.8940872 -0.002806943 
0 0 0 1 
0.9951619 0.03279756 0.09230599 -0.1208377 
0.06883803 -0.9045382 -0.4207982 0.05255294 
0.0696912 0.4251289 -0.9024452 -0.002806909 
0 0 0 1 
</float_array>
          <technique_common>
            <accessor count="57" offset="0" source="#RightThigh_0_2-Matrix-animation-output-transform-array" stride="16">
              <param type="float4x4" />
            </accessor>
          </technique_common>
        </source>
        <source id="RightThigh_0_2-Interpolations">
          <Name_array id="RightThigh_0_2-Interpolations-array" count="57">LINEAR
LINEAR
LINEAR
LINEAR
LINEAR
LINEAR
LINEAR
LINEAR
LINEAR
LINEAR
LINEAR
LINEAR
LINEAR
LINEAR
LINEAR
LINEAR
LINEAR
LINEAR
LINEAR
LINEAR
LINEAR
LINEAR
LINEAR
LINEAR
LINEAR
LINEAR
LINEAR
LINEAR
LINEAR
LINEAR
LINEAR
LINEAR
LINEAR
LINEAR
LINEAR
LINEAR
LINEAR
LINEAR
LINEAR
LINEAR
LINEAR
LINEAR
LINEAR
LINEAR
LINEAR
LINEAR
LINEAR
LINEAR
LINEAR
LINEAR
LINEAR
LINEAR
LINEAR
LINEAR
LINEAR
LINEAR
LINEAR</Name_array>
          <technique_common>
            <accessor count="57" offset="0" source="#RightThigh_0_2-Interpolations-array" stride="1">
              <param type="name" />
            </accessor>
          </technique_common>
        </source>
        <sampler id="RightThigh_0_2-Matrix-animation-transform">
          <input semantic="INPUT" source="#RightThigh_0_2-Matrix-animation-input" />
          <input semantic="OUTPUT" source="#RightThigh_0_2-Matrix-animation-output-transform" />
          <input semantic="INTERPOLATION" source="#RightThigh_0_2-Interpolations" />
        </sampler>
        <channel source="#RightThigh_0_2-Matrix-animation-transform" target="RightThigh/matrix" />
      </animation>
      <animation id="LeftUpperArm_0_3-anim" name="LeftUpperArm_0_3">
        <source id="LeftUpperArm_0_3-Matrix-animation-input">
          <float_array id="LeftUpperArm_0_3-Matrix-animation-input-array" count="57">0
0.01666667
0.03333334
0.05
0.06666667
0.08333334
0.1
0.1166667
0.1333333
0.15
0.1666667
0.1833333
0.2
0.2166667
0.2333333
0.25
0.2666667
0.2833334
0.3
0.3166667
0.3333334
0.3500001
0.3666668
0.3833334
0.4000001
0.4166668
0.4333335
0.4500002
0.4666668
0.4833335
0.5000002
0.5166668
0.5333335
0.5500001
0.5666668
0.5833334
0.6000001
0.6166667
0.6333334
0.65
0.6666667
0.6833333
0.7
0.7166666
0.7333333
0.7499999
0.7666666
0.7833332
0.7999999
0.8166665
0.8333332
0.8499998
0.8666665
0.8833331
0.8999998
0.9166664
0.9333331
</float_array>
          <technique_common>
            <accessor count="57" offset="0" source="#LeftUpperArm_0_3-Matrix-animation-input-array" stride="1">
              <param name="TIME" type="float" />
            </accessor>
          </technique_common>
        </source>
        <source id="LeftUpperArm_0_3-Matrix-animation-output-transform">
          <float_array id="LeftUpperArm_0_3-Matrix-animation-output-transform-array" count="912">0.2507684 0.2426205 0.9371504 0.1937937 
0.3795273 -0.9152213 0.135387 0.2713194 
0.8905473 0.3217234 -0.3215896 1.769513E-06 
0 0 0 1 
0.2511398 0.2434919 0.9368247 0.1937939 
0.3713731 -0.9180135 0.1390465 0.2713201 
0.8938741 0.3129914 -0.320976 1.747627E-06 
0 0 0 1 
0.2519307 0.2463116 0.9358748 0.193794 
0.3564474 -0.9226966 0.1468901 0.2713208 
0.8997089 0.2965841 -0.3202527 1.724919E-06 
0 0 0 1 
0.2532087 0.2505556 0.9344022 0.1937942 
0.3364573 -0.928389 0.1577683 0.2713214 
0.9070181 0.2744382 -0.3193774 1.702005E-06 
0 0 0 1 
0.2550086 0.2556852 0.9325212 0.1937943 
0.3131431 -0.93427 0.1705321 0.2713221 
0.914829 0.2485255 -0.3183129 1.679503E-06 
0 0 0 1 
0.2572632 0.2611449 0.9303865 0.1937945 
0.2882982 -0.9396886 0.1840378 0.2713228 
0.9223339 0.2208826 -0.3170348 1.658028E-06 
0 0 0 1 
0.2597681 0.2663721 0.9282061 0.1937946 
0.2637671 -0.944224 0.1971508 0.2713235 
0.9289497 0.1936168 -0.3155394 1.638198E-06 
0 0 0 1 
0.2621718 0.2708095 0.9262442 0.1937947 
0.2414249 -0.9477018 0.2087482 0.2713241 
0.934334 0.1688906 -0.3138407 1.62063E-06 
0 0 0 1 
0.2645265 0.2748145 0.9243934 0.1937948 
0.2201329 -0.9504389 0.2195638 0.2713248 
0.9389183 0.145409 -0.3119119 1.602367E-06 
0 0 0 1 
0.2671728 0.2789953 0.9223777 0.193795 
0.1978816 -0.9526583 0.2308366 0.2713255 
0.9431129 0.1208483 -0.3097323 1.581876E-06 
0 0 0 1 
0.2700661 0.2831792 0.9202576 0.1937951 
0.1752535 -0.954264 0.2422122 0.2713262 
0.946758 0.09586508 -0.3073424 1.561906E-06 
0 0 0 1 
0.2731237 0.2871938 0.9181085 0.1937952 
0.1528328 -0.9552284 0.2533397 0.2713269 
0.9497608 0.07112403 -0.3047881 1.54521E-06 
0 0 0 1 
0.2762232 0.2908704 0.9160213 0.1937953 
0.1312006 -0.955593 0.2638727 0.2713275 
0.9520962 0.0472948 -0.3021193 1.534538E-06 
0 0 0 1 
0.2792061 0.2940458 0.9141012 0.1937954 
0.1109286 -0.9554633 0.2734686 0.271328 
0.9538023 0.02504591 -0.2993892 1.532641E-06 
0 0 0 1 
0.2818833 0.2965642 0.9124646 0.1937954 
0.0925782 -0.9549998 0.2817889 0.2713284 
0.9549717 0.005042732 -0.2966539 1.54227E-06 
0 0 0 1 
0.2839622 0.2983108 0.9112498 0.1937953 
0.07606232 -0.9543848 0.2887291 0.2713287 
0.9558138 -0.01267639 -0.2936994 1.566778E-06 
0 0 0 1 
0.2854152 0.2994148 0.9104335 0.1937952 
0.06084792 -0.9536923 0.2945658 0.2713288 
0.9564705 -0.02867556 -0.290417 1.604835E-06 
0 0 0 1 
0.2864488 0.300075 0.9098912 0.193795 
0.04681891 -0.952937 0.2995317 0.2713289 
0.956951 -0.04320038 -0.2870167 1.652174E-06 
0 0 0 1 
0.2872899 0.3004735 0.9094946 0.1937948 
0.0338616 -0.9521157 0.3038582 0.2713289 
0.957245 -0.05649842 -0.2837076 1.704525E-06 
0 0 0 1 
0.2881792 0.3007778 0.9091126 0.1937946 
0.02186501 -0.9512085 0.3077741 0.2713289 
0.9573268 -0.06881633 -0.280695 1.757619E-06 
0 0 0 1 
0.2893716 0.3011444 0.9086123 0.1937944 
0.01072303 -0.9501833 0.3115074 0.2713289 
0.9571568 -0.08039833 -0.2781852 1.807188E-06 
0 0 0 1 
0.2911315 0.3017191 0.9078592 0.1937942 
0.0003311916 -0.9489974 0.3152847 0.2713288 
0.9566831 -0.09148865 -0.2763829 1.848963E-06 
0 0 0 1 
0.2938143 0.3024883 0.9067381 0.193794 
-0.009706136 -0.9476143 0.3192697 0.2713288 
0.9558132 -0.1026069 -0.2754866 1.891298E-06 
0 0 0 1 
0.2972976 0.3032827 0.9053362 0.1937938 
-0.01942879 -0.9460918 0.3233157 0.2713287 
0.9545872 -0.1137106 -0.2753783 1.940775E-06 
0 0 0 1 
0.3011271 0.3040235 0.9038211 0.1937936 
-0.02841077 -0.9445339 0.3271839 0.2713286 
0.9531608 -0.1242022 -0.2757871 1.99046E-06 
0 0 0 1 
0.3048387 0.3046555 0.9023629 0.1937934 
-0.0362325 -0.9430628 0.3306366 0.2713284 
0.9517147 -0.1334857 -0.2764435 2.03342E-06 
0 0 0 1 
0.3079641 0.3051455 0.9011351 0.1937932 
-0.04247884 -0.9418148 0.3334377 0.2713283 
0.9504492 -0.140966 -0.2770829 2.062724E-06 
0 0 0 1 
0.310033 0.3054745 0.900314 0.193793 
-0.04673888 -0.9409333 0.3353515 0.2713282 
0.9495763 -0.1460497 -0.2774428 2.07144E-06 
0 0 0 1 
0.3105759 0.3056263 0.9000751 0.193793 
-0.04860105 -0.9405566 0.336142 0.2713282 
0.9493053 -0.1481422 -0.2772604 2.052634E-06 
0 0 0 1 
0.3092148 0.305754 0.9005004 0.1937929 
-0.04791044 -0.9406955 0.3358532 0.2713282 
0.9497846 -0.1469942 -0.2762281 2.001108E-06 
0 0 0 1 
0.3062303 0.3059258 0.9014614 0.193793 
-0.04498686 -0.9412471 0.3347099 0.2713283 
0.9508939 -0.1430522 -0.2744757 1.921289E-06 
0 0 0 1 
0.3021507 0.3059841 0.9028171 0.1937931 
-0.04012506 -0.9421619 0.3327478 0.2713284 
0.9524152 -0.1367656 -0.2723973 1.820688E-06 
0 0 0 1 
0.2975114 0.3057741 0.9044277 0.1937932 
-0.03361639 -0.9433819 0.3300019 0.2713285 
0.9541264 -0.1285829 -0.2703878 1.706817E-06 
0 0 0 1 
0.2928548 0.3051554 0.9061548 0.1937933 
-0.02575125 -0.9448444 0.3265067 0.2713287 
0.9558102 -0.1189537 -0.268844 1.587187E-06 
0 0 0 1 
0.28873 0.3040114 0.9078614 0.1937934 
-0.01682054 -0.9464898 0.3222961 0.2713287 
0.9572628 -0.1083273 -0.2681663 1.469308E-06 
0 0 0 1 
0.2856896 0.3022543 0.9094087 0.1937936 
-0.007116578 -0.9482641 0.317404 0.2713288 
0.9582959 -0.09715088 -0.2687581 1.360693E-06 
0 0 0 1 
0.2838569 0.2995348 0.910881 0.1937937 
0.003719938 -0.9502928 0.3113357 0.2713288 
0.9588594 -0.08498637 -0.2708614 1.24895E-06 
0 0 0 1 
0.2828532 0.2958497 0.9123964 0.1937938 
0.0160952 -0.9525725 0.3038872 0.2713288 
0.9590282 -0.07127026 -0.2741998 1.123273E-06 
0 0 0 1 
