<?xml version="1.0" encoding="utf-8"?>
<COLLADA xmlns:xsi="http://www.w3.org/2001/XMLSchema-instance" xmlns:xsd="http://www.w3.org/2001/XMLSchema" version="1.4.1" xmlns="http://www.collada.org/2005/11/COLLADASchema">
  <asset>
    <created>2017-06-02T10:39:51.9227273+03:00</created>
    <modified>2017-06-02T10:39:51.9227273+03:00</modified>
    <unit meter="1" name="meter" />
    <up_axis>Y_UP</up_axis>
    <contributor>
      <authoring_tool>Skele: Character Animation Tools</authoring_tool>
      <comments>https://www.assetstore.unity3d.com/en/#!/content/16899</comments>
    </contributor>
    <revision>1.0</revision>
  </asset>
  <library_animation_clips>
    <animation_clip name="KamaraWave" start="0" end="4.6666665077209473">
      <instance_animation url="KamaraWave_0" />
    </animation_clip>
  </library_animation_clips>
  <library_animations>
    <animation id="KamaraWave_0" name="KamaraWave">
      <animation id="LeftLowerArm_0_0-anim" name="LeftLowerArm_0_0">
        <source id="LeftLowerArm_0_0-Matrix-animation-input">
          <float_array id="LeftLowerArm_0_0-Matrix-animation-input-array" count="281">0
0.01666667
0.03333334
0.05
0.06666667
0.08333334
0.1
0.1166667
0.1333333
0.15
0.1666667
0.1833333
0.2
0.2166667
0.2333333
0.25
0.2666667
0.2833334
0.3
0.3166667
0.3333334
0.3500001
0.3666668
0.3833334
0.4000001
0.4166668
0.4333335
0.4500002
0.4666668
0.4833335
0.5000002
0.5166668
0.5333335
0.5500001
0.5666668
0.5833334
0.6000001
0.6166667
0.6333334
0.65
0.6666667
0.6833333
0.7
0.7166666
0.7333333
0.7499999
0.7666666
0.7833332
0.7999999
0.8166665
0.8333332
0.8499998
0.8666665
0.8833331
0.8999998
0.9166664
0.9333331
0.9499997
0.9666664
0.9833331
0.9999997
1.016666
1.033333
1.05
1.066666
1.083333
1.1
1.116666
1.133333
1.15
1.166666
1.183333
1.2
1.216666
1.233333
1.25
1.266666
1.283333
1.299999
1.316666
1.333333
1.349999
1.366666
1.383333
1.399999
1.416666
1.433333
1.449999
1.466666
1.483333
1.499999
1.516666
1.533333
1.549999
1.566666
1.583333
1.599999
1.616666
1.633332
1.649999
1.666666
1.683332
1.699999
1.716666
1.733332
1.749999
1.766666
1.783332
1.799999
1.816666
1.833332
1.849999
1.866666
1.883332
1.899999
1.916666
1.933332
1.949999
1.966666
1.983332
1.999999
2.016665
2.033332
2.049999
2.066665
2.083332
2.099999
2.116665
2.133332
2.149999
2.166665
2.183332
2.199999
2.216665
2.233332
2.249999
2.266665
2.283332
2.299999
2.316665
2.333332
2.349998
2.366665
2.383332
2.399998
2.416665
2.433332
2.449998
2.466665
2.483332
2.499998
2.516665
2.533332
2.549998
2.566665
2.583332
2.599998
2.616665
2.633332
2.649998
2.666665
2.683331
2.699998
2.716665
2.733331
2.749998
2.766665
2.783331
2.799998
2.816665
2.833331
2.849998
2.866665
2.883331
2.899998
2.916665
2.933331
2.949998
2.966665
2.983331
2.999998
3.016665
3.033331
3.049998
3.066664
3.083331
3.099998
3.116664
3.133331
3.149998
3.166664
3.183331
3.199998
3.216664
3.233331
3.249998
3.266664
3.283331
3.299998
3.316664
3.333331
3.349998
3.366664
3.383331
3.399997
3.416664
3.433331
3.449997
3.466664
3.483331
3.499997
3.516664
3.533331
3.549997
3.566664
3.583331
3.599997
3.616664
3.633331
3.649997
3.666664
3.683331
3.699997
3.716664
3.73333
3.749997
3.766664
3.78333
3.799997
3.816664
3.83333
3.849997
3.866664
3.88333
3.899997
3.916664
3.93333
3.949997
3.966664
3.98333
3.999997
4.016664
4.03333
4.049997
4.066664
4.083331
4.099998
4.116665
4.133332
4.149999
4.166666
4.183332
4.199999
4.216666
4.233333
4.25
4.266667
4.283334
4.300001
4.316668
4.333334
4.350001
4.366668
4.383335
4.400002
4.416669
4.433336
4.450003
4.46667
4.483336
4.500003
4.51667
4.533337
4.550004
4.566671
4.583338
4.600005
4.616672
4.633338
4.650005
4.666667
</float_array>
          <technique_common>
            <accessor count="281" offset="0" source="#LeftLowerArm_0_0-Matrix-animation-input-array" stride="1">
              <param name="TIME" type="float" />
            </accessor>
          </technique_common>
        </source>
        <source id="LeftLowerArm_0_0-Matrix-animation-output-transform">
          <float_array id="LeftLowerArm_0_0-Matrix-animation-output-transform-array" count="4496">0.9806374 0.1757936 -0.0862954 -1.015142E-07 
-0.1315236 0.9177021 0.3748656 0.3055566 
0.1450924 -0.3562573 0.9230542 7.264316E-08 
0 0 0 1 
0.9794375 0.1845129 -0.0815907 -1.615156E-07 
-0.1405636 0.914212 0.3800762 0.3055566 
0.1447202 -0.3607922 0.9213496 8.842377E-08 
0 0 0 1 
0.9780722 0.1936313 -0.07669164 -2.219132E-07 
-0.1500042 0.9104094 0.3855558 0.3055566 
0.1444765 -0.3655973 0.9194918 1.05359E-07 
0 0 0 1 
0.9765362 0.2030949 -0.07162106 -2.826698E-07 
-0.1597897 0.9062949 0.3912755 0.3055566 
0.1443759 -0.3706504 0.9174824 1.233404E-07 
0 0 0 1 
0.9748259 0.2128506 -0.06640181 -3.437484E-07 
-0.1698649 0.9018716 0.3972071 0.3055566 
0.1444317 -0.3759283 0.9153236 1.4226E-07 
0 0 0 1 
0.9729397 0.2228461 -0.06105656 -4.051118E-07 
-0.1801753 0.8971443 0.4033222 0.3055566 
0.1446553 -0.3814073 0.9130188 1.620094E-07 
0 0 0 1 
0.9708784 0.2330299 -0.05560784 -4.667228E-07 
-0.1906669 0.8921208 0.409593 0.3055566 
0.1450564 -0.3870623 0.910572 1.824804E-07 
0 0 0 1 
0.9686444 0.243352 -0.05007799 -5.285442E-07 
-0.2012869 0.8868115 0.4159913 0.3055566 
0.1456421 -0.3928676 0.9079887 2.035648E-07 
0 0 0 1 
0.9662427 0.2537634 -0.04448901 -5.905391E-07 
-0.2119837 0.8812293 0.4224899 0.3055566 
0.1464175 -0.3987968 0.9052751 2.251543E-07 
0 0 0 1 
0.9636801 0.2642166 -0.03886265 -6.526701E-07 
-0.2227069 0.8753901 0.4290613 0.3055567 
0.1473851 -0.4048227 0.902439 2.471406E-07 
0 0 0 1 
0.9609658 0.2746657 -0.03322022 -7.149001E-07 
-0.2334081 0.8693128 0.4356786 0.3055567 
0.1485448 -0.4109183 0.8994891 2.694156E-07 
0 0 0 1 
0.9581108 0.2850665 -0.02758262 -7.771921E-07 
-0.2440403 0.8630189 0.442315 0.3055567 
0.1498935 -0.4170555 0.8964355 2.91871E-07 
0 0 0 1 
0.9551283 0.2953763 -0.02197027 -8.395088E-07 
-0.2545586 0.856533 0.4489442 0.3055567 
0.1514257 -0.4232066 0.8932896 3.143986E-07 
0 0 0 1 
0.9520333 0.3055545 -0.01640305 -9.018131E-07 
-0.2649205 0.8498822 0.4555405 0.3055567 
0.1531331 -0.4293442 0.8900639 3.368901E-07 
0 0 0 1 
0.9488423 0.3155621 -0.01090026 -9.640679E-07 
-0.2750853 0.8430965 0.462078 0.3055567 
0.1550043 -0.4354407 0.8867723 3.592372E-07 
0 0 0 1 
0.9455737 0.3253619 -0.005480595 -1.026236E-06 
-0.2850149 0.8362083 0.4685318 0.3055567 
0.1570254 -0.4414692 0.8834296 3.813318E-07 
0 0 0 1 
0.9422469 0.334919 -0.0001621321 -1.08828E-06 
-0.2946738 0.8292521 0.4748769 0.3055567 
0.1591798 -0.4474035 0.8800522 4.030656E-07 
0 0 0 1 
0.9388829 0.3441998 0.00503771 -1.150164E-06 
-0.3040285 0.822265 0.4810891 0.3055567 
0.1614485 -0.4532179 0.8766572 4.243304E-07 
0 0 0 1 
0.9355036 0.3531727 0.01010227 -1.211849E-06 
-0.3130485 0.8152857 0.4871445 0.3055567 
0.1638099 -0.4588879 0.873263 4.450179E-07 
0 0 0 1 
0.9321319 0.3618076 0.01501544 -1.273299E-06 
-0.3217055 0.8083549 0.4930191 0.3055568 
0.1662403 -0.4643894 0.8698889 4.650199E-07 
0 0 0 1 
0.9287912 0.3700762 0.01976184 -1.334477E-06 
-0.3299735 0.8015144 0.4986902 0.3055568 
0.168714 -0.4696999 0.866555 4.842281E-07 
0 0 0 1 
0.9255057 0.3779515 0.02432673 -1.395345E-06 
-0.3378291 0.7948079 0.5041347 0.3055568 
0.1712034 -0.4747977 0.8632824 5.025343E-07 
0 0 0 1 
0.9223 0.3854078 0.02869602 -1.455867E-06 
-0.3452509 0.7882795 0.50933 0.3055568 
0.1736793 -0.4796624 0.8600927 5.198303E-07 
0 0 0 1 
0.9191988 0.3924207 0.0328561 -1.516004E-06 
-0.3522192 0.7819746 0.5142542 0.3055568 
0.1761113 -0.4842743 0.8570083 5.360077E-07 
0 0 0 1 
0.916227 0.3989665 0.03679404 -1.575721E-06 
-0.3587162 0.7759387 0.518885 0.3055568 
0.1784678 -0.488615 0.8540518 5.509585E-07 
0 0 0 1 
0.9134094 0.4050226 0.0404973 -1.63498E-06 
-0.3647258 0.770218 0.5232009 0.3055568 
0.1807165 -0.492667 0.8512466 5.645743E-07 
0 0 0 1 
0.9107707 0.4105666 0.04395361 -1.693743E-06 
-0.3702326 0.7648587 0.5271801 0.3055568 
0.1828243 -0.4964132 0.848616 5.76747E-07 
0 0 0 1 
0.9083351 0.4155768 0.04715116 -1.751974E-06 
-0.3752222 0.7599066 0.5308014 0.3055568 
0.1847583 -0.4998376 0.8461836 5.873681E-07 
0 0 0 1 
0.9061269 0.4200312 0.05007825 -1.809635E-06 
-0.3796805 0.7554075 0.5340432 0.3055568 
0.1864854 -0.5029246 0.8439727 5.963296E-07 
0 0 0 1 
0.9041693 0.4239081 0.05272321 -1.86669E-06 
-0.3835935 0.7514062 0.5368842 0.3055568 
0.187973 -0.5056584 0.8420069 6.035232E-07 
0 0 0 1 
0.9024854 0.427185 0.05507442 -1.9231E-06 
-0.3869466 0.7479471 0.5393027 0.3055568 
0.1891893 -0.5080236 0.8403091 6.088406E-07 
0 0 0 1 
0.9010969 0.4298389 0.05712005 -1.97883E-06 
-0.3897242 0.7450732 0.5412771 0.3055568 
0.1901033 -0.5100041 0.8389019 6.121736E-07 
0 0 0 1 
0.9000255 0.4318461 0.05884784 -2.033842E-06 
-0.3919094 0.7428264 0.5427853 0.3055567 
0.190686 -0.5115836 0.8378073 6.13414E-07 
0 0 0 1 
0.8992913 0.4331809 0.06024517 -2.088098E-06 
-0.3934829 0.741247 0.5438052 0.3055567 
0.1909095 -0.5127447 0.8370463 6.124535E-07 
0 0 0 1 
0.8989135 0.4338167 0.06129868 -2.141562E-06 
-0.394423 0.7403734 0.5443138 0.3055567 
0.1907486 -0.5134686 0.8366391 6.091839E-07 
0 0 0 1 
0.8989102 0.4337248 0.0619943 -2.194196E-06 
-0.3947049 0.7402424 0.5442877 0.3055567 
0.1901803 -0.5137352 0.8366048 6.03497E-07 
0 0 0 1 
0.8994098 0.4326513 0.0622496 -2.246809E-06 
-0.3941039 0.7410621 0.5436075 0.3055567 
0.1890617 -0.5134585 0.837028 5.947302E-07 
0 0 0 1 
0.9005014 0.4304091 0.0620105 -2.30016E-06 
-0.3924516 0.7429706 0.5421958 0.3055566 
0.1872941 -0.5125841 0.8379608 5.82435E-07 
0 0 0 1 
0.9021404 0.4270651 0.06130347 -2.354139E-06 
-0.3897999 0.7458923 0.5400932 0.3055566 
0.1849292 -0.5111359 0.8393695 5.668238E-07 
0 0 0 1 
0.9042795 0.422682 0.06015335 -2.408636E-06 
-0.3861942 0.7497475 0.5373384 0.3055566 
0.1820234 -0.509135 0.8412187 5.481088E-07 
0 0 0 1 
0.9068694 0.4173198 0.05858406 -2.463541E-06 
-0.381676 0.7544528 0.5339703 0.3055565 
0.1786375 -0.5066013 0.8434712 5.265027E-07 
0 0 0 1 
0.9098589 0.4110367 0.05661864 -2.518745E-06 
-0.376284 0.7599221 0.5300269 0.3055565 
0.1748348 -0.5035543 0.8460885 5.022177E-07 
0 0 0 1 
0.9131959 0.4038897 0.05427986 -2.574138E-06 
-0.3700559 0.7660677 0.5255461 0.3055564 
0.1706806 -0.5000131 0.8490318 4.754662E-07 
0 0 0 1 
0.9168278 0.3959358 0.05159033 -2.62961E-06 
-0.3630296 0.7728004 0.520566 0.3055564 
0.1662417 -0.4959981 0.8522614 4.464608E-07 
0 0 0 1 
0.9207019 0.387232 0.04857297 -2.685052E-06 
-0.3552443 0.7800308 0.5151245 0.3055563 
0.1615843 -0.4915313 0.8557379 4.154137E-07 
0 0 0 1 
0.9247658 0.3778366 0.04525108 -2.740353E-06 
-0.346742 0.7876698 0.5092604 0.3055563 
0.1567744 -0.486637 0.859422 3.825374E-07 
0 0 0 1 
0.928968 0.3678096 0.04164872 -2.795403E-06 
-0.3375682 0.7956294 0.5030124 0.3055562 
0.1518758 -0.4813416 0.8632752 3.480443E-07 
0 0 0 1 
0.9332582 0.3572127 0.03779075 -2.850094E-06 
-0.3277723 0.8038237 0.4964198 0.3055561 
0.1469504 -0.4756746 0.8672596 3.121469E-07 
0 0 0 1 
0.9375881 0.3461109 0.03370305 -2.904314E-06 
-0.3174091 0.8121691 0.489523 0.3055561 
0.1420566 -0.4696685 0.8713388 2.750574E-07 
0 0 0 1 
0.9419112 0.3345717 0.02941268 -2.957955E-06 
-0.3065386 0.8205852 0.4823627 0.305556 
0.1372493 -0.4633589 0.8754777 2.369883E-07 
0 0 0 1 
0.946184 0.322666 0.02494782 -3.010906E-06 
-0.2952266 0.8289961 0.4749807 0.305556 
0.1325785 -0.4567843 0.8796425 1.98152E-07 
0 0 0 1 
0.9503661 0.3104683 0.02033789 -3.063058E-06 
-0.2835443 0.8373302 0.4674191 0.3055559 
0.1280893 -0.449986 0.8838019 1.58761E-07 
0 0 0 1 
0.9544204 0.2980566 0.01561361 -3.1143E-06 
-0.2715692 0.8455212 0.4597215 0.3055559 
0.1238214 -0.4430077 0.8879259 1.190276E-07 
0 0 0 1 
0.9583139 0.2855128 0.01080687 -3.164524E-06 
-0.2593844 0.8535087 0.4519319 0.3055558 
0.1198086 -0.4358957 0.891987 7.916424E-08 
0 0 0 1 
0.9620177 0.2729222 0.005950812 -3.213619E-06 
-0.2470785 0.8612384 0.4440952 0.3055557 
0.1160784 -0.4286977 0.8959599 3.938334E-08 
0 0 0 1 
0.9655071 0.2603742 0.00107963 -3.261475E-06 
-0.2347453 0.8686622 0.4362572 0.3055557 
0.1126523 -0.4214628 0.8998214 -1.027161E-10 
0 0 0 1 
0.9687626 0.2479611 -0.003771357 -3.307983E-06 
-0.2224833 0.8757393 0.4284644 0.3055556 
0.1095453 -0.4142412 0.9035508 -3.908156E-08 
0 0 0 1 
0.971769 0.2357789 -0.00856594 -3.353032E-06 
-0.210395 0.8824348 0.4207641 0.3055556 
0.1067662 -0.4070832 0.9071296 -7.73407E-08 
0 0 0 1 
0.9745158 0.2239263 -0.01326705 -3.396514E-06 
-0.1985869 0.8887212 0.4132042 0.3055555 
0.104318 -0.4000393 0.9105418 -1.146678E-07 
0 0 0 1 
0.9769973 0.2125048 -0.01783692 -3.438318E-06 
-0.1871684 0.8945766 0.405833 0.3055554 
0.102198 -0.3931592 0.9137732 -1.508504E-07 
0 0 0 1 
0.9792117 0.201618 -0.02223715 -3.478335E-06 
-0.1762513 0.8999854 0.3986999 0.3055553 
0.1003982 -0.3864922 0.9168118 -1.856761E-07 
0 0 0 1 
0.9811618 0.1913717 -0.02642893 -3.516453E-06 
-0.1659493 0.904937 0.391854 0.3055553 
0.0989063 -0.3800863 0.9196477 -2.189327E-07 
0 0 0 1 
0.9828529 0.1818728 -0.03037309 -3.552565E-06 
-0.1563771 0.9094256 0.3853455 0.3055552 
0.09770593 -0.3739882 0.9222724 -2.504074E-07 
0 0 0 1 
0.9842934 0.1732294 -0.03403021 -3.58656E-06 
-0.1476502 0.9134485 0.3792243 0.3055552 
0.09677766 -0.3682433 0.9246788 -2.798881E-07 
0 0 0 1 
0.9854934 0.1655504 -0.03736085 -3.618328E-06 
-0.1398841 0.9170058 0.3735407 0.3055551 
0.09609994 -0.3628957 0.9268611 -3.071623E-07 
0 0 0 1 
0.9864636 0.1589445 -0.04032555 -3.647759E-06 
-0.1331938 0.9200984 0.3683453 0.3055551 
0.09564994 -0.357988 0.9288141 -3.320175E-07 
0 0 0 1 
0.9872144 0.1535204 -0.04288498 -3.674744E-06 
-0.1276933 0.9227269 0.3636883 0.305555 
0.0954047 -0.3535622 0.930533 -3.542414E-07 
0 0 0 1 
0.9877545 0.1493859 -0.04500016 -3.699173E-06 
-0.1234949 0.9248903 0.3596202 0.305555 
0.0953424 -0.3496592 0.932013 -3.736217E-07 
0 0 0 1 
0.988089 0.1466474 -0.04663234 -3.720936E-06 
-0.1207088 0.9265835 0.3561913 0.3055549 
0.09544329 -0.3463197 0.9332488 -3.899457E-07 
0 0 0 1 
0.9882189 0.1454098 -0.04774337 -3.739922E-06 
-0.1194429 0.927796 0.3534512 0.3055549 
0.0956914 -0.3435845 0.9342338 -4.030013E-07 
0 0 0 1 
0.9881382 0.1457755 -0.04829558 -3.756023E-06 
-0.1198016 0.9285098 0.3514496 0.3055548 
0.09607566 -0.3414949 0.9349602 -4.125759E-07 
0 0 0 1 
0.9878265 0.1478788 -0.04827722 -3.769978E-06 
-0.1219201 0.9287301 0.3501367 0.3055548 
0.09661432 -0.3399884 0.9354537 -4.189587E-07 
0 0 0 1 
0.9872712 0.1517169 -0.04772282 -3.782574E-06 
-0.1257937 0.9284875 0.3494091 0.3055547 
0.09732132 -0.3389583 0.9357541 -4.226719E-07 
0 0 0 1 
0.9864667 0.1571806 -0.04666538 -3.793779E-06 
-0.1313104 0.927789 0.3492347 0.3055547 
0.09818856 -0.3383807 0.9358726 -4.238516E-07 
0 0 0 1 
0.9854007 0.1641581 -0.04513849 -3.803559E-06 
-0.1383549 0.9266342 0.3495809 0.3055547 
0.09921341 -0.3382322 0.9358182 -4.226344E-07 
0 0 0 1 
0.9840566 0.1725352 -0.04317611 -3.811881E-06 
-0.1468091 0.9250168 0.3504153 0.3055546 
0.1003976 -0.3384898 0.9355987 -4.191564E-07 
0 0 0 1 
0.9824149 0.1821958 -0.04081256 -3.818712E-06 
-0.1565526 0.9229274 0.3517046 0.3055546 
0.1017461 -0.3391305 0.935221 -4.135541E-07 
0 0 0 1 
0.9804551 0.1930219 -0.03808246 -3.824018E-06 
-0.1674628 0.920355 0.3534157 0.3055545 
0.1032664 -0.3401308 0.934691 -4.059638E-07 
0 0 0 1 
0.9781573 0.2048945 -0.0350206 -3.827765E-06 
-0.179416 0.9172887 0.3555152 0.3055545 
0.1049671 -0.3414665 0.9340142 -3.965218E-07 
0 0 0 1 
0.9755036 0.2176934 -0.03166185 -3.829921E-06 
-0.1922871 0.9137194 0.3579697 0.3055544 
0.1068577 -0.3431125 0.9331962 -3.853647E-07 
0 0 0 1 
0.9724787 0.2312981 -0.02804115 -3.830451E-06 
-0.2059506 0.909641 0.3607457 0.3055544 
0.1089472 -0.3450424 0.9322426 -3.726286E-07 
0 0 0 1 
0.9690723 0.2455882 -0.0241934 -3.829323E-06 
-0.2202811 0.9050516 0.3638097 0.3055544 
0.1112437 -0.3472285 0.9311591 -3.584499E-07 
0 0 0 1 
0.9652787 0.2604437 -0.02015341 -3.826502E-06 
-0.2351536 0.8999552 0.3671283 0.3055543 
0.1137534 -0.3496419 0.929952 -3.429651E-07 
0 0 0 1 
0.9610983 0.2757454 -0.01595586 -3.821956E-06 
-0.2504445 0.8943616 0.3706681 0.3055543 
0.1164803 -0.3522523 0.9286283 -3.263105E-07 
0 0 0 1 
0.9565379 0.2913758 -0.01163517 -3.815651E-06 
-0.2660317 0.8882876 0.3743956 0.3055542 
0.1194252 -0.3550282 0.9271961 -3.086224E-07 
0 0 0 1 
0.9516112 0.3072196 -0.007225469 -3.807554E-06 
-0.2817959 0.8817577 0.3782779 0.3055542 
0.1225855 -0.3579374 0.9256639 -2.900371E-07 
0 0 0 1 
0.946339 0.3231639 -0.0027606 -3.797631E-06 
-0.2976205 0.8748042 0.3822819 0.3055542 
0.1259547 -0.3609466 0.9240416 -2.706911E-07 
0 0 0 1 
0.9407492 0.3390987 0.001726054 -3.785848E-06 
-0.3133927 0.8674672 0.3863749 0.3055541 
0.1295219 -0.3640227 0.9223402 -2.507207E-07 
0 0 0 1 
0.9348769 0.3549178 0.006201506 -3.772173E-06 
-0.3290042 0.8597947 0.3905241 0.3055541 
0.133272 -0.3671322 0.9205718 -2.302623E-07 
0 0 0 1 
0.9287642 0.3705184 0.01063326 -3.756572E-06 
-0.3443506 0.851843 0.3946973 0.3055541 
0.1371848 -0.3702423 0.9187497 -2.094522E-07 
0 0 0 1 
0.9224597 0.3858022 0.01498935 -3.739011E-06 
-0.3593334 0.8436754 0.3988624 0.305554 
0.1412359 -0.3733206 0.9168883 -1.884268E-07 
0 0 0 1 
0.9160184 0.4006747 0.01923837 -3.719457E-06 
-0.3738588 0.8353626 0.4029874 0.305554 
0.1453958 -0.3763362 0.9150033 -1.673223E-07 
0 0 0 1 
0.9095006 0.4150463 0.02334941 -3.697877E-06 
-0.3878392 0.8269815 0.4070407 0.305554 
0.1496312 -0.3792595 0.9131116 -1.462754E-07 
0 0 0 1 
0.9029721 0.4288316 0.02729219 -3.674237E-06 
-0.4011919 0.8186154 0.410991 0.3055539 
0.1539041 -0.3820627 0.9112308 -1.254221E-07 
0 0 0 1 
0.8965029 0.4419494 0.03103687 -3.648504E-06 
-0.4138405 0.8103524 0.4148071 0.3055539 
0.158173 -0.3847199 0.9093799 -1.04899E-07 
0 0 0 1 
0.8901669 0.4543224 0.0345542 -3.620644E-06 
-0.4257129 0.802285 0.418458 0.3055539 
0.1623925 -0.3872076 0.9075786 -8.48423E-08 
0 0 0 1 
0.884041 0.4658773 0.03781539 -3.590624E-06 
-0.4367429 0.7945091 0.4219133 0.3055539 
0.1665152 -0.3895042 0.9058472 -6.538846E-08 
0 0 0 1 
0.8782041 0.4765434 0.04079206 -3.558411E-06 
-0.4468676 0.7871233 0.4251423 0.3055539 
0.1704904 -0.3915904 0.9042068 -4.667379E-08 
0 0 0 1 
0.8727368 0.4862531 0.04345609 -3.52397E-06 
-0.4560283 0.780228 0.4281148 0.3055539 
0.1742665 -0.3934487 0.902679 -2.883468E-08 
0 0 0 1 
0.8677201 0.4949404 0.04577964 -3.487269E-06 
-0.4641684 0.7739241 0.4308005 0.3055539 
0.1777906 -0.3950636 0.9012853 -1.200743E-08 
0 0 0 1 
0.8632351 0.5025401 0.04773507 -3.448274E-06 
-0.4712333 0.7683121 0.4331691 0.3055539 
0.1810094 -0.3964211 0.9000477 3.671516E-09 
0 0 0 1 
0.8593612 0.5089875 0.04929457 -3.406952E-06 
-0.4771686 0.7634913 0.4351909 0.3055539 
0.1838708 -0.3975079 0.8989878 1.806578E-08 
0 0 0 1 
0.8561766 0.5142164 0.05043027 -3.36327E-06 
-0.4819186 0.7595586 0.4368353 0.3055539 
0.1863232 -0.3983113 0.8981268 3.103924E-08 
0 0 0 1 
0.8537555 0.5181591 0.05111409 -3.317193E-06 
-0.4854255 0.7566072 0.4380724 0.3055539 
0.188318 -0.3988188 0.8974853 4.245521E-08 
0 0 0 1 
0.8521692 0.5207439 0.05131723 -3.268688E-06 
-0.4876271 0.754726 0.4388717 0.3055539 
0.1898093 -0.3990166 0.8970832 5.217757E-08 
0 0 0 1 
0.8514832 0.521895 0.05101046 -3.217723E-06 
-0.4884554 0.7539976 0.4392025 0.3055539 
0.1907558 -0.3988898 0.8969388 6.006982E-08 
0 0 0 1 
0.8517269 0.5215812 0.05014188 -3.161376E-06 
-0.4878684 0.7544669 0.4390489 0.305554 
0.1911693 -0.3984124 0.8970629 6.642597E-08 
0 0 0 1 
0.8528522 0.5198761 0.04870272 -3.097113E-06 
-0.4859222 0.7560775 0.4384362 0.305554 
0.1911095 -0.3975869 0.8974417 7.167625E-08 
0 0 0 1 
0.8547986 0.5168519 0.04672708 -3.02548E-06 
-0.4826859 0.7587494 0.4373941 0.3055541 
0.1906138 -0.3964383 0.8980551 7.588922E-08 
0 0 0 1 
0.8575013 0.5125754 0.04424836 -2.947019E-06 
-0.4782222 0.7623969 0.4359522 0.3055541 
0.1897236 -0.3949901 0.8988814 7.913332E-08 
0 0 0 1 
0.8608907 0.5071108 0.04129962 -2.862277E-06 
-0.4725899 0.7669296 0.4341402 0.3055542 
0.1884833 -0.393265 0.8998981 8.147703E-08 
0 0 0 1 
0.8648944 0.5005199 0.03791362 -2.771799E-06 
-0.4658447 0.7722534 0.4319875 0.3055542 
0.1869394 -0.3912854 0.9010823 8.298878E-08 
0 0 0 1 
0.8694373 0.4928634 0.03412316 -2.676128E-06 
-0.4580417 0.778272 0.4295234 0.3055543 
0.1851393 -0.3890735 0.9024108 8.373704E-08 
0 0 0 1 
0.8744431 0.484202 0.02996107 -2.57581E-06 
-0.4492355 0.7848876 0.4267772 0.3055544 
0.1831303 -0.3866519 0.9038603 8.379027E-08 
0 0 0 1 
0.8798347 0.4745974 0.02546047 -2.47139E-06 
-0.4394823 0.7920018 0.4237785 0.3055544 
0.1809594 -0.3840443 0.905408 8.321692E-08 
0 0 0 1 
0.885535 0.4641133 0.0206549 -2.363413E-06 
-0.4288404 0.7995172 0.4205568 0.3055545 
0.1786721 -0.3812754 0.9070311 8.208544E-08 
0 0 0 1 
0.891468 0.4528156 0.01557828 -2.252424E-06 
-0.4173716 0.8073373 0.4171418 0.3055546 
0.1763114 -0.3783704 0.9087079 8.04643E-08 
0 0 0 1 
0.8975596 0.4407737 0.01026513 -2.138966E-06 
-0.4051413 0.8153685 0.4135632 0.3055547 
0.1739179 -0.3753564 0.9104176 7.842195E-08 
0 0 0 1 
0.9037377 0.4280604 0.004750557 -2.023586E-06 
-0.3922195 0.8235203 0.4098511 0.3055548 
0.1715289 -0.3722611 0.9121401 7.602684E-08 
0 0 0 1 
0.9099337 0.4147527 -0.000929676 -1.906828E-06 
-0.3786814 0.8317062 0.4060358 0.3055549 
0.1691777 -0.3691136 0.9138567 7.334743E-08 
0 0 0 1 
0.916083 0.4009321 -0.00673914 -1.789236E-06 
-0.3646072 0.8398443 0.4021477 0.305555 
0.1668938 -0.3659436 0.91555 7.045217E-08 
0 0 0 1 
0.9221255 0.3866843 -0.01264079 -1.671357E-06 
-0.3500826 0.8478589 0.3982176 0.305555 
0.1647021 -0.3627812 0.9172039 6.740953E-08 
0 0 0 1 
0.9280064 0.3720998 -0.01859685 -1.553734E-06 
-0.3351982 0.8556799 0.3942764 0.3055551 
0.1626231 -0.3596573 0.9188038 6.428797E-08 
0 0 0 1 
0.9336767 0.3572733 -0.02456902 -1.436912E-06 
-0.3200503 0.8632442 0.3903552 0.3055552 
0.1606726 -0.3566022 0.9203364 6.115592E-08 
0 0 0 1 
0.9390936 0.3423037 -0.03051838 -1.321436E-06 
-0.3047396 0.8704956 0.3864855 0.3055553 
0.1588615 -0.3536459 0.9217904 5.808185E-08 
0 0 0 1 
0.9442209 0.3272941 -0.03640544 -1.207852E-06 
-0.2893718 0.8773856 0.3826988 0.3055554 
0.1571967 -0.3508175 0.9231556 5.513422E-08 
0 0 0 1 
0.9490293 0.3123512 -0.0421903 -1.096704E-06 
-0.2740563 0.883873 0.379027 0.3055555 
0.1556804 -0.3481452 0.9244233 5.23815E-08 
0 0 0 1 
0.9534965 0.2975845 -0.04783263 -9.885362E-07 
-0.2589067 0.8899243 0.375502 0.3055556 
0.154311 -0.3456556 0.9255865 4.989213E-08 
0 0 0 1 
0.9576067 0.2831066 -0.05329172 -8.838945E-07 
-0.2440387 0.8955137 0.3721561 0.3055557 
0.1530833 -0.3433739 0.926639 4.773454E-08 
0 0 0 1 
0.9613513 0.269032 -0.05852666 -7.833228E-07 
-0.2295713 0.9006221 0.3690212 0.3055558 
0.151989 -0.341323 0.9275764 4.597722E-08 
0 0 0 1 
0.9647278 0.2554769 -0.0634963 -6.873668E-07 
-0.215625 0.9052373 0.36613 0.3055559 
0.151017 -0.3395244 0.9283949 4.468863E-08 
0 0 0 1 
0.9677395 0.2425585 -0.06815934 -5.965708E-07 
-0.2023215 0.909353 0.3635148 0.305556 
0.1501545 -0.3379975 0.9290916 4.39372E-08 
0 0 0 1 
0.9703946 0.2303946 -0.07247451 -5.114798E-07 
-0.1897832 0.9129682 0.3612081 0.3055561 
0.1493873 -0.3367599 0.9296646 4.379141E-08 
0 0 0 1 
0.972706 0.219103 -0.07640047 -4.326389E-07 
-0.1781329 0.916086 0.3592422 0.3055561 
0.1487005 -0.3358276 0.9301118 4.43197E-08 
0 0 0 1 
0.9746891 0.208801 -0.07989599 -3.605926E-07 
-0.1674927 0.9187125 0.3576498 0.3055562 
0.1480791 -0.3352153 0.9304318 4.559055E-08 
0 0 0 1 
0.9763617 0.1996048 -0.08292005 -2.958857E-07 
-0.1579838 0.9208556 0.356463 0.3055563 
0.1475091 -0.3349367 0.9306226 4.767237E-08 
0 0 0 1 
0.9777421 0.1916294 -0.08543181 -2.390634E-07 
-0.1497259 0.9225234 0.355714 0.3055564 
0.1469781 -0.3350051 0.930682 5.063364E-08 
0 0 0 1 
0.9788474 0.1849879 -0.08739074 -1.906703E-07 
-0.1428372 0.9237226 0.3554348 0.3055564 
0.146476 -0.3354338 0.9306068 5.454287E-08 
0 0 0 1 
0.9796924 0.1797916 -0.08875673 -1.512512E-07 
-0.1374335 0.9244565 0.3556572 0.3055565 
0.1459959 -0.3362365 0.9303925 5.946842E-08 
0 0 0 1 
0.9802873 0.1761485 -0.0894901 -1.213516E-07 
-0.1336274 0.9247234 0.3564127 0.3055565 
0.1455352 -0.3374285 0.9300331 6.547882E-08 
0 0 0 1 
0.9806362 0.1741641 -0.08955183 -1.015153E-07 
-0.1315287 0.9245148 0.3577324 0.3055566 
0.1450962 -0.3390266 0.9295204 7.264248E-08 
0 0 0 1 
0.9807523 0.1738438 -0.08890059 -9.129478E-08 
-0.1311406 0.9237962 0.3597255 0.3055566 
0.1446621 -0.341143 0.9288134 8.143595E-08 
0 0 0 1 
0.9806578 0.1750582 -0.08755018 -8.96102E-08 
-0.1323292 0.9225616 0.3624483 0.3055566 
0.14422 -0.3438523 0.9278826 9.219387E-08 
0 0 0 1 
0.9803584 0.1777063 -0.08554496 -9.606008E-08 
-0.1349922 0.920831 0.3658512 0.3055567 
0.1437865 -0.3471174 0.9267335 1.047718E-07 
0 0 0 1 
0.9798538 0.1816841 -0.08293001 -1.102428E-07 
-0.1390245 0.9186173 0.3698841 0.3055567 
0.143383 -0.350903 0.9253693 1.190251E-07 
0 0 0 1 
0.9791392 0.1868856 -0.079751 -1.317567E-07 
-0.1443179 0.9159282 0.3744965 0.3055567 
0.1430342 -0.3551747 0.9237922 1.348095E-07 
0 0 0 1 
0.9782066 0.1932036 -0.07605403 -1.602002E-07 
-0.1507627 0.9127679 0.379638 0.3055567 
0.1427671 -0.3598983 0.9220037 1.519803E-07 
0 0 0 1 
0.9770467 0.2005297 -0.07188548 -1.951717E-07 
-0.1582473 0.909139 0.385258 0.3055568 
0.1426096 -0.3650394 0.9200047 1.70393E-07 
0 0 0 1 
0.97565 0.2087556 -0.06729209 -2.362696E-07 
-0.1666594 0.9050438 0.3913058 0.3055568 
0.1425896 -0.3705626 0.9177971 1.899032E-07 
0 0 0 1 
0.9740078 0.2177729 -0.06232061 -2.830923E-07 
-0.1758862 0.9004854 0.397731 0.3055568 
0.1427338 -0.3764317 0.9153831 2.103663E-07 
0 0 0 1 
0.9721134 0.227474 -0.05701781 -3.352381E-07 
-0.1858151 0.8954695 0.4044834 0.3055568 
0.1430672 -0.382609 0.9127662 2.316379E-07 
0 0 0 1 
0.9699632 0.2377526 -0.05143025 -3.923054E-07 
-0.1963343 0.8900055 0.411513 0.3055569 
0.1436115 -0.3890548 0.9099517 2.535734E-07 
0 0 0 1 
0.9675567 0.2485042 -0.04560426 -4.538927E-07 
-0.2073331 0.8841065 0.4187702 0.3055569 
0.1443852 -0.3957286 0.9069464 2.760284E-07 
0 0 0 1 
0.9648975 0.2596263 -0.03958568 -5.195983E-07 
-0.2187031 0.8777911 0.426206 0.3055569 
0.1454023 -0.4025875 0.9037596 2.988583E-07 
0 0 0 1 
0.9619936 0.2710191 -0.03341975 -5.890206E-07 
-0.2303381 0.8710833 0.4337718 0.3055569 
0.1466719 -0.4095879 0.9004027 3.219186E-07 
0 0 0 1 
0.9588577 0.2825858 -0.02715097 -6.617579E-07 
-0.242135 0.8640134 0.4414197 0.3055569 
0.1481977 -0.4166844 0.8968899 3.450648E-07 
0 0 0 1 
0.9555068 0.2942332 -0.02082288 -7.374088E-07 
-0.2539948 0.8566175 0.4491024 0.3055569 
0.1499781 -0.4238315 0.8932376 3.681525E-07 
0 0 0 1 
0.9519628 0.3058714 -0.01447801 -8.155716E-07 
-0.2658222 0.8489384 0.4567734 0.3055569 
0.1520049 -0.4309827 0.8894652 3.910371E-07 
0 0 0 1 
0.9482517 0.3174148 -0.008157723 -8.958444E-07 
-0.2775271 0.8410251 0.464387 0.3055569 
0.1542642 -0.4380917 0.8855948 4.135741E-07 
0 0 0 1 
0.9444041 0.3287816 -0.001902029 -9.778259E-07 
-0.2890241 0.8329328 0.4718982 0.3055569 
0.1567357 -0.4451127 0.881651 4.35619E-07 
0 0 0 1 
0.9404541 0.3398943 0.004250407 -1.061115E-06 
-0.3002333 0.8247224 0.4792627 0.3055569 
0.1593933 -0.4520006 0.8776612 4.570273E-07 
0 0 0 1 
0.9364393 0.3506795 0.01026243 -1.145309E-06 
-0.3110805 0.8164603 0.4864375 0.3055569 
0.1622048 -0.4587116 0.8736551 4.776545E-07 
0 0 0 1 
0.9324006 0.3610679 0.01609833 -1.230007E-06 
-0.3214971 0.8082175 0.4933801 0.3055569 
0.1651328 -0.4652034 0.8696648 4.973562E-07 
0 0 0 1 
0.9283812 0.3709939 0.02172392 -1.314806E-06 
-0.3314201 0.80007 0.5000485 0.3055569 
0.1681343 -0.4714353 0.8657249 5.159876E-07 
0 0 0 1 
0.9244265 0.3803957 0.02710654 -1.399307E-06 
-0.3407919 0.7920969 0.5064022 0.3055569 
0.1711622 -0.4773692 0.8618712 5.334045E-07 
0 0 0 1 
0.9205835 0.3892147 0.0322149 -1.483107E-06 
-0.3495603 0.7843806 0.5124007 0.3055569 
0.1741651 -0.4829687 0.858142 5.494622E-07 
0 0 0 1 
0.9169006 0.397395 0.03701898 -1.565803E-06 
-0.357677 0.7770059 0.5180046 0.3055569 
0.1770885 -0.4881996 0.8545764 5.640165E-07 
0 0 0 1 
0.9134266 0.4048832 0.04149004 -1.646996E-06 
-0.3650984 0.7700592 0.5231747 0.3055568 
0.1798749 -0.4930296 0.8512149 5.769225E-07 
0 0 0 1 
0.9102105 0.4116277 0.04560015 -1.726283E-06 
-0.3717837 0.7636277 0.5278725 0.3055568 
0.1824654 -0.4974284 0.8480986 5.880359E-07 
0 0 0 1 
0.9073015 0.417578 0.04932215 -1.803262E-06 
-0.3776945 0.7577993 0.5320592 0.3055568 
0.1848 -0.5013667 0.8452694 5.972122E-07 
0 0 0 1 
0.9047478 0.4226838 0.05262931 -1.877532E-06 
-0.3827929 0.7526609 0.5356969 0.3055568 
0.1868184 -0.5048166 0.8427687 6.043068E-07 
0 0 0 1 
0.9025968 0.4268949 0.05549506 -1.948692E-06 
-0.3870417 0.7482985 0.5387467 0.3055568 
0.1884614 -0.50775 0.840638 6.091753E-07 
0 0 0 1 
0.9008946 0.4301596 0.05789252 -2.016338E-06 
-0.3904018 0.7447959 0.5411705 0.3055567 
0.1896716 -0.5101388 0.8389178 6.116733E-07 
0 0 0 1 
0.8996854 0.4324245 0.05979417 -2.080071E-06 
-0.3928312 0.7422346 0.5429283 0.3055567 
0.1903942 -0.5119537 0.8376476 6.116559E-07 
0 0 0 1 
0.8990108 0.4336331 0.06117146 -2.139489E-06 
-0.3942833 0.7406922 0.5439813 0.3055567 
0.1905791 -0.5131639 0.8368647 6.089791E-07 
0 0 0 1 
0.8989101 0.433725 0.06199421 -2.194189E-06 
-0.394705 0.7402423 0.5442879 0.3055567 
0.1901805 -0.5137352 0.8366047 6.034979E-07 
0 0 0 1 
0.8994292 0.432608 0.06226878 -2.246802E-06 
-0.3940316 0.7409502 0.5438124 0.3055567 
0.1891195 -0.5136566 0.8368935 5.947317E-07 
0 0 0 1 
0.9005599 0.4302821 0.06204152 -2.300153E-06 
-0.3922776 0.7427853 0.5425755 0.3055566 
0.187377 -0.5129592 0.8377128 5.824369E-07 
0 0 0 1 
0.9022549 0.4268178 0.06133968 -2.354131E-06 
-0.3894977 0.7456689 0.5406193 0.3055566 
0.1850069 -0.5116681 0.8390281 5.668261E-07 
0 0 0 1 
0.9044643 0.4222814 0.0601888 -2.408628E-06 
-0.3857402 0.749518 0.5379844 0.3055566 
0.1820682 -0.5098048 0.8408033 5.481115E-07 
0 0 0 1 
0.9071357 0.4167366 0.05861338 -2.463534E-06 
-0.3810487 0.7542452 0.5347111 0.3055565 
0.1786249 -0.50739 0.8429997 5.265057E-07 
0 0 0 1 
0.9102151 0.4102447 0.05663695 -2.518738E-06 
-0.375464 0.7597606 0.5308393 0.3055565 
0.1747435 -0.504443 0.8455778 5.022211E-07 
0 0 0 1 
0.9136477 0.4028662 0.05428267 -2.574131E-06 
-0.3690257 0.7659727 0.5264083 0.3055564 
0.1704931 -0.5009834 0.8484973 4.7547E-07 
0 0 0 1 
0.9173781 0.3946614 0.05157364 -2.629603E-06 
-0.3617736 0.772788 0.5214579 0.3055564 
0.1659438 -0.4970319 0.851717 4.464648E-07 
0 0 0 1 
0.9213508 0.3856906 0.04853309 -2.685044E-06 
-0.3537491 0.7801136 0.5160273 0.3055563 
0.1611656 -0.4926106 0.8551961 4.15418E-07 
0 0 0 1 
0.925511 0.3760156 0.04518477 -2.740345E-06 
-0.3449961 0.7878564 0.5101567 0.3055563 
0.1562278 -0.4877441 0.8588938 3.825419E-07 
0 0 0 1 
0.9298048 0.3656999 0.04155303 -2.795396E-06 
-0.3355626 0.7959247 0.5038864 0.3055562 
0.1511982 -0.4824596 0.8627698 3.48049E-07 
0 0 0 1 
0.9341798 0.3548092 0.03766319 -2.850086E-06 
-0.3255007 0.804229 0.4972574 0.3055561 
0.1461417 -0.4767871 0.8667852 3.121517E-07 
0 0 0 1 
0.9385857 0.3434121 0.03354163 -2.904307E-06 
-0.3148683 0.8126824 0.4903112 0.3055561 
0.1411202 -0.4707603 0.8709018 2.750623E-07 
0 0 0 1 
0.9429745 0.3315803 0.0292158 -2.957947E-06 
-0.3037285 0.8212019 0.4830903 0.305556 
0.1361912 -0.4644155 0.875083 2.369934E-07 
0 0 0 1 
0.9473014 0.3193888 0.02471447 -3.010899E-06 
-0.2921507 0.8297085 0.475638 0.305556 
0.1314077 -0.4577929 0.8792939 1.981572E-07 
0 0 0 1 
0.9515249 0.3069166 0.02006764 -3.063051E-06 
-0.2802106 0.8381286 0.4679983 0.3055559 
0.1268172 -0.4509351 0.8835015 1.587662E-07 
0 0 0 1 
0.9556071 0.2942463 0.01530664 -3.114293E-06 
-0.2679896 0.8463939 0.460216 0.3055559 
0.1224614 -0.4438877 0.887675 1.190329E-07 
0 0 0 1 
0.9595146 0.2814644 0.01046409 -3.164517E-06 
-0.2555756 0.8544425 0.4523372 0.3055558 
0.1183759 -0.4366984 0.8917856 7.916952E-08 
0 0 0 1 
0.9632186 0.2686613 0.005573817 -3.213612E-06 
-0.2430622 0.8622191 0.4444083 0.3055557 
0.1145895 -0.4294171 0.895807 3.938851E-08 
0 0 0 1 
0.9666948 0.2559311 0.0006708503 -3.261468E-06 
-0.2305483 0.8696753 0.4364771 0.3055557 
0.1111247 -0.4220947 0.8997151 -9.765699E-11 
0 0 0 1 
0.969924 0.2433715 -0.004208744 -3.307976E-06 
-0.2181376 0.8767695 0.4285918 0.3055556 
0.1079971 -0.4147833 0.9034885 -3.907661E-08 
0 0 0 1 
0.972892 0.2310835 -0.009027854 -3.353026E-06 
-0.2059385 0.8834677 0.4208015 0.3055556 
0.1052161 -0.4075352 0.9071078 -7.733587E-08 
0 0 0 1 
0.9755896 0.2191712 -0.01374853 -3.396508E-06 
-0.1940628 0.8897423 0.4131562 0.3055555 
0.1027846 -0.4004027 0.9105564 -1.146631E-07 
0 0 0 1 
0.978012 0.2077411 -0.01833212 -3.438312E-06 
-0.1826254 0.8955726 0.4057061 0.3055554 
0.1006996 -0.3934375 0.9138197 -1.508459E-07 
0 0 0 1 
0.9801593 0.1969025 -0.02273934 -3.478329E-06 
-0.1717439 0.9009438 0.3985025 0.3055553 
0.098953 -0.3866905 0.9168853 -1.856718E-07 
0 0 0 1 
0.9820353 0.186766 -0.02693036 -3.516448E-06 
-0.1615375 0.9058464 0.3915965 0.3055553 
0.09753171 -0.3802113 0.9197429 -2.189285E-07 
0 0 0 1 
0.9836468 0.1774441 -0.03086516 -3.55256E-06 
-0.1521265 0.9102754 0.3850403 0.3055552 
0.09641892 -0.3740482 0.9223835 -2.504036E-07 
0 0 0 1 
0.9850034 0.1690499 -0.03450337 -3.586556E-06 
-0.1436316 0.9142294 0.3788857 0.3055552 
0.09559459 -0.3682479 0.9248 -2.798845E-07 
0 0 0 1 
0.986116 0.1616974 -0.03780466 -3.618324E-06 
-0.1361736 0.9177087 0.3731853 0.3055551 
0.09503676 -0.3628559 0.9269863 -3.07159E-07 
0 0 0 1 
0.9869959 0.1555003 -0.04072865 -3.647755E-06 
-0.1298725 0.9207146 0.3679914 0.3055551 
0.09472226 -0.3579164 0.9289368 -3.320146E-07 
0 0 0 1 
0.9876531 0.1505722 -0.0432352 -3.674741E-06 
-0.124847 0.923247 0.3633565 0.305555 
0.09462816 -0.3534724 0.9306464 -3.542389E-07 
0 0 0 1 
0.9880955 0.1470256 -0.04528441 -3.69917E-06 
-0.1212142 0.9253036 0.3593329 0.305555 
0.09473298 -0.3495662 0.9321101 -3.736195E-07 
0 0 0 1 
0.9883266 0.1449716 -0.04683674 -3.720933E-06 
-0.1190885 0.926877 0.3559729 0.3055549 
0.09501787 -0.3462397 0.9333218 -3.89944E-07 
0 0 0 1 
0.9883442 0.1445193 -0.04785326 -3.73992E-06 
-0.1185814 0.9279534 0.353328 0.3055549 
0.09546831 -0.3435351 0.9342748 -4.030001E-07 
0 0 0 1 
0.9881383 0.145775 -0.04829564 -3.756022E-06 
-0.1198012 0.9285099 0.3514497 0.3055548 
0.09607558 -0.3414949 0.9349602 -4.125751E-07 
0 0 0 1 
0.9876753 0.1489273 -0.0481474 -3.769976E-06 
-0.122935 0.9285408 0.3502837 0.3055548 
0.09687363 -0.3400475 0.9354053 -4.18958E-07 
0 0 0 1 
0.9869292 0.1540139 -0.04744022 -3.782572E-06 
-0.1280177 0.9280665 0.3497196 0.3055547 
0.09788936 -0.3390753 0.9356525 -4.226715E-07 
0 0 0 1 
0.9858868 0.1609101 -0.04620869 -3.793778E-06 
-0.1349214 0.9270861 0.3497247 0.3055547 
0.09911367 -0.3385544 0.9357122 -4.238516E-07 
0 0 0 1 
0.9845276 0.1694879 -0.04448815 -3.803558E-06 
-0.1435142 0.9255905 0.3502653 0.3055547 
0.1005435 -0.3384612 0.9355934 -4.226347E-07 
0 0 0 1 
0.9828262 0.1796165 -0.04231427 -3.81188E-06 
-0.153661 0.9235642 0.3513079 0.3055546 
0.1021807 -0.3387726 0.9353033 -4.19157E-07 
0 0 0 1 
0.9807542 0.1911628 -0.03972317 -3.818711E-06 
-0.1652236 0.9209886 0.3528187 0.3055546 
0.1040304 -0.3394652 0.9348481 -4.13555E-07 
0 0 0 1 
0.9782826 0.2039914 -0.03675122 -3.824017E-06 
-0.1780613 0.9178437 0.3547632 0.3055545 
0.1061005 -0.3405147 0.9342336 -4.05965E-07 
0 0 0 1 
0.9753836 0.2179654 -0.03343496 -3.827765E-06 
-0.1920317 0.9141105 0.3571073 0.3055545 
0.1084003 -0.341896 0.9334648 -3.965233E-07 
0 0 0 1 
0.9720325 0.2329465 -0.02981112 -3.829921E-06 
-0.2069909 0.9097729 0.3598165 0.3055544 
0.1109394 -0.3435827 0.9325467 -3.853663E-07 
0 0 0 1 
0.9682091 0.2487961 -0.02591638 -3.830451E-06 
-0.2227944 0.9048191 0.3628565 0.3055544 
0.1137269 -0.3455469 0.9314846 -3.726304E-07 
0 0 0 1 
0.963899 0.2653753 -0.02178743 -3.829323E-06 
-0.2392977 0.8992437 0.3661927 0.3055544 
0.1167707 -0.3477591 0.9302839 -3.58452E-07 
0 0 0 1 
0.9590948 0.2825459 -0.01746086 -3.826503E-06 
-0.2563567 0.8930486 0.3697908 0.3055543 
0.1200763 -0.3501882 0.928951 -3.429674E-07 
0 0 0 1 
0.9537972 0.300171 -0.01297306 -3.821957E-06 
-0.2738295 0.8862437 0.3736165 0.3055543 
0.1236461 -0.3528019 0.9274926 -3.263129E-07 
0 0 0 1 
0.9480151 0.3181156 -0.008360192 -3.815652E-06 
-0.2915759 0.8788486 0.3776354 0.3055542 
0.1274791 -0.3555664 0.9259166 -3.086249E-07 
0 0 0 1 
0.9417666 0.3362474 -0.003658064 -3.807555E-06 
-0.3094594 0.870892 0.3818137 0.3055542 
0.1315696 -0.3584473 0.9242321 -2.900397E-07 
0 0 0 1 
0.935079 0.3544376 0.00109788 -3.797632E-06 
-0.3273474 0.8624133 0.3861174 0.3055542 
0.1359077 -0.3614097 0.922449 -2.706938E-07 
0 0 0 1 
0.9279889 0.3725615 0.005872615 -3.78585E-06 
-0.3451123 0.8534617 0.390513 0.3055541 
0.1404781 -0.3644184 0.9205787 -2.507235E-07 
0 0 0 1 
0.9205421 0.3904987 0.01063167 -3.772175E-06 
-0.3626319 0.8440967 0.3949668 0.3055541 
0.1452599 -0.3674389 0.9186339 -2.302652E-07 
0 0 0 1 
0.912793 0.4081342 0.01534107 -3.756574E-06 
-0.3797904 0.8343873 0.3994458 0.3055541 
0.1502271 -0.3704377 0.9166285 -2.094551E-07 
0 0 0 1 
0.9048047 0.4253584 0.01996746 -3.739014E-06 
-0.3964789 0.8244121 0.403917 0.305554 
0.1553481 -0.3733827 0.9145777 -1.884297E-07 
0 0 0 1 
0.8966475 0.4420677 0.02447811 -3.71946E-06 
-0.4125957 0.8142583 0.4083479 0.305554 
0.160586 -0.3762437 0.9124981 -1.673253E-07 
0 0 0 1 
0.8883996 0.4581641 0.02884087 -3.697881E-06 
-0.4280466 0.8040209 0.4127061 0.305554 
0.1658985 -0.3789931 0.9104075 -1.462783E-07 
0 0 0 1 
0.8801446 0.4735556 0.03302427 -3.674241E-06 
-0.4427447 0.7938021 0.4169595 0.3055539 
0.1712388 -0.3816059 0.908325 -1.254249E-07 
0 0 0 1 
0.8719718 0.4881561 0.03699746 -3.648508E-06 
-0.4566107 0.78371 0.4210762 0.3055539 
0.1765556 -0.3840599 0.9062704 -1.049017E-07 
0 0 0 1 
0.8639749 0.5018848 0.04073016 -3.620648E-06 
-0.4695724 0.7738575 0.4250249 0.3055539 
0.1817942 -0.3863365 0.9042649 -8.4845E-08 
0 0 0 1 
0.8562513 0.5146657 0.04419267 -3.590629E-06 
-0.4815637 0.7643618 0.4287741 0.3055539 
0.1868962 -0.38842 0.9023302 -6.539105E-08 
0 0 0 1 
0.8489005 0.526427 0.04735569 -3.558416E-06 
-0.4925246 0.7553424 0.432293 0.3055539 
0.191801 -0.3902975 0.9004889 -4.667632E-08 
0 0 0 1 
0.8420236 0.5371006 0.05019037 -3.523975E-06 
-0.5023993 0.7469208 0.4355505 0.3055539 
0.1964462 -0.3919594 0.898764 -2.883704E-08 
0 0 0 1 
0.8357223 0.5466207 0.05266821 -3.487275E-06 
-0.5111362 0.7392181 0.4385161 0.3055539 
0.2007687 -0.3933982 0.8971788 -1.200968E-08 
0 0 0 1 
0.8300976 0.5549228 0.0547607 -3.44828E-06 
-0.5186849 0.7323557 0.4411589 0.3055539 
0.2047048 -0.3946084 0.8957567 3.66947E-09 
0 0 0 1 
0.8252488 0.5619422 0.05643958 -3.406958E-06 
-0.5249959 0.7264521 0.4434485 0.3055539 
0.2081918 -0.3955858 0.8945211 1.806399E-08 
0 0 0 1 
0.8212723 0.5676137 0.05767626 -3.363275E-06 
-0.5300186 0.7216231 0.4453543 0.3055539 
0.2111687 -0.3963265 0.8934948 3.103776E-08 
0 0 0 1 
0.8182611 0.5718681 0.05844186 -3.317198E-06 
-0.533698 0.71798 0.4468457 0.3055539 
0.2135767 -0.3968267 0.8927001 4.245413E-08 
0 0 0 1 
0.816303 0.5746328 0.05870713 -3.268693E-06 
-0.535975 0.7156283 0.4478916 0.3055539 
0.2153608 -0.3970807 0.8921584 5.217683E-08 
0 0 0 1 
0.8154789 0.5758287 0.05844192 -3.217727E-06 
-0.5367818 0.7146662 0.4484612 0.3055539 
0.2164704 -0.3970812 0.8918896 6.00694E-08 
0 0 0 1 
0.8156654 0.5756385 0.05770795 -3.163445E-06 
-0.5362836 0.7149231 0.4486478 0.305554 
0.2170023 -0.3968942 0.8918436 6.6631E-08 
0 0 0 1 
0.8166618 0.5743344 0.05659809 -3.105135E-06 
-0.5347254 0.7161357 0.4485736 0.305554 
0.2170994 -0.3965974 0.891952 7.247371E-08 
0 0 0 1 
0.8184266 0.5719603 0.05512865 -3.042976E-06 
-0.5321485 0.7182544 0.4482504 0.305554 
0.2167851 -0.3961967 0.8922065 7.762964E-08 
0 0 0 1 
0.8209143 0.5685571 0.05331553 -2.97715E-06 
-0.5285899 0.7212258 0.4476896 0.3055541 
0.2160846 -0.3956967 0.8925982 8.213098E-08 
0 0 0 1 
0.8240759 0.5641631 0.05117444 -2.907836E-06 
-0.5240832 0.724993 0.4469026 0.3055541 
0.2150249 -0.3951013 0.8931177 8.600993E-08 
0 0 0 1 
0.8278605 0.558814 0.04872083 -2.835215E-06 
-0.5186592 0.7294963 0.4459009 0.3055542 
0.213634 -0.3944132 0.8937554 8.929869E-08 
0 0 0 1 
0.8322144 0.552545 0.04597015 -2.759468E-06 
-0.5123477 0.7346737 0.4446958 0.3055542 
0.2119414 -0.3936349 0.8945012 9.202944E-08 
0 0 0 1 
