<?xml version="1.0" encoding="utf-8"?>
<COLLADA xmlns:xsi="http://www.w3.org/2001/XMLSchema-instance" xmlns:xsd="http://www.w3.org/2001/XMLSchema" version="1.4.1" xmlns="http://www.collada.org/2005/11/COLLADASchema">
  <asset>
    <created>2017-06-01T10:06:23.8429963+03:00</created>
    <modified>2017-06-01T10:06:23.8429963+03:00</modified>
    <unit meter="1" name="meter" />
    <up_axis>Y_UP</up_axis>
    <contributor>
      <authoring_tool>Skele: Character Animation Tools</authoring_tool>
      <comments>https://www.assetstore.unity3d.com/en/#!/content/16899</comments>
    </contributor>
    <revision>1.0</revision>
  </asset>
  <library_animation_clips>
    <animation_clip name="KamaraTurnOnSpotLeft" start="0" end="1">
      <instance_animation url="KamaraTurnOnSpotLeft_0" />
    </animation_clip>
  </library_animation_clips>
  <library_animations>
    <animation id="KamaraTurnOnSpotLeft_0" name="KamaraTurnOnSpotLeft">
      <animation id="Stomach_0_0-anim" name="Stomach_0_0">
        <source id="Stomach_0_0-Matrix-animation-input">
          <float_array id="Stomach_0_0-Matrix-animation-input-array" count="61">0
0.01666667
0.03333334
0.05
0.06666667
0.08333334
0.1
0.1166667
0.1333333
0.15
0.1666667
0.1833333
0.2
0.2166667
0.2333333
0.25
0.2666667
0.2833334
0.3
0.3166667
0.3333334
0.3500001
0.3666668
0.3833334
0.4000001
0.4166668
0.4333335
0.4500002
0.4666668
0.4833335
0.5000002
0.5166668
0.5333335
0.5500001
0.5666668
0.5833334
0.6000001
0.6166667
0.6333334
0.65
0.6666667
0.6833333
0.7
0.7166666
0.7333333
0.7499999
0.7666666
0.7833332
0.7999999
0.8166665
0.8333332
0.8499998
0.8666665
0.8833331
0.8999998
0.9166664
0.9333331
0.9499997
0.9666664
0.9833331
0.9999997
</float_array>
          <technique_common>
            <accessor count="61" offset="0" source="#Stomach_0_0-Matrix-animation-input-array" stride="1">
              <param name="TIME" type="float" />
            </accessor>
          </technique_common>
        </source>
        <source id="Stomach_0_0-Matrix-animation-output-transform">
          <float_array id="Stomach_0_0-Matrix-animation-output-transform-array" count="976">1 2.4869E-14 1.192093E-07 0.00256335 
1.192093E-07 -3.576279E-07 -1 -0.004764825 
1.776357E-14 1 -3.576279E-07 0.517157 
0 0 0 1 
1 2.4869E-14 1.192093E-07 0.002617039 
1.192093E-07 -3.576279E-07 -1 -0.003246521 
1.776357E-14 1 -3.576279E-07 0.5169836 
0 0 0 1 
1 2.4869E-14 1.192093E-07 0.002366019 
1.192093E-07 -3.576279E-07 -1 -0.001705518 
1.776357E-14 1 -3.576279E-07 0.5168326 
0 0 0 1 
1 2.4869E-14 1.192093E-07 0.002036547 
1.192093E-07 -3.576279E-07 -1 -0.0001526042 
1.776357E-14 1 -3.576279E-07 0.5167187 
0 0 0 1 
1 2.4869E-14 1.192093E-07 0.001854878 
1.192093E-07 -3.576279E-07 -1 0.001401433 
1.776357E-14 1 -3.576279E-07 0.5166563 
0 0 0 1 
1 2.4869E-14 1.192093E-07 0.001885605 
1.192093E-07 -3.576279E-07 -1 0.002906893 
1.776357E-14 1 -3.576279E-07 0.516661 
0 0 0 1 
1 2.4869E-14 1.192093E-07 0.001993819 
1.192093E-07 -3.576279E-07 -1 0.004342768 
1.776357E-14 1 -3.576279E-07 0.516713 
0 0 0 1 
1 2.4869E-14 1.192093E-07 0.00210653 
1.192093E-07 -3.576279E-07 -1 0.005741312 
1.776357E-14 1 -3.576279E-07 0.5167744 
0 0 0 1 
1 2.4869E-14 1.192093E-07 0.002150745 
1.192093E-07 -3.576279E-07 -1 0.00713478 
1.776357E-14 1 -3.576279E-07 0.516807 
0 0 0 1 
1 2.4869E-14 1.192093E-07 0.002265236 
1.192093E-07 -3.576279E-07 -1 0.008603111 
1.776357E-14 1 -3.576279E-07 0.516775 
0 0 0 1 
1 2.4869E-14 1.192093E-07 0.00251207 
1.192093E-07 -3.576279E-07 -1 0.01009419 
1.776357E-14 1 -3.576279E-07 0.5166767 
0 0 0 1 
1 2.4869E-14 1.192093E-07 0.002703199 
1.192093E-07 -3.576279E-07 -1 0.01144221 
1.776357E-14 1 -3.576279E-07 0.5165259 
0 0 0 1 
1 2.4869E-14 1.192093E-07 0.002650575 
1.192093E-07 -3.576279E-07 -1 0.01248133 
1.776357E-14 1 -3.576279E-07 0.5163359 
0 0 0 1 
1 2.4869E-14 1.192093E-07 0.002591095 
1.192093E-07 -3.576279E-07 -1 0.01310745 
1.776357E-14 1 -3.576279E-07 0.5161127 
0 0 0 1 
1 2.4869E-14 1.192093E-07 0.002770835 
1.192093E-07 -3.576279E-07 -1 0.01335211 
1.776357E-14 1 -3.576279E-07 0.5158491 
0 0 0 1 
1 2.4869E-14 1.192093E-07 0.003015518 
1.192093E-07 -3.576279E-07 -1 0.01325296 
1.776357E-14 1 -3.576279E-07 0.5155393 
0 0 0 1 
1 2.4869E-14 1.192093E-07 0.003150867 
1.192093E-07 -3.576279E-07 -1 0.01284762 
1.776357E-14 1 -3.576279E-07 0.5151777 
0 0 0 1 
1 2.4869E-14 1.192093E-07 0.003042747 
1.192093E-07 -3.576279E-07 -1 0.01197139 
1.776357E-14 1 -3.576279E-07 0.5147259 
0 0 0 1 
1 2.4869E-14 1.192093E-07 0.00276234 
1.192093E-07 -3.576279E-07 -1 0.01057958 
1.776357E-14 1 -3.576279E-07 0.5141981 
0 0 0 1 
1 2.4869E-14 1.192093E-07 0.002443335 
1.192093E-07 -3.576279E-07 -1 0.00888994 
1.776357E-14 1 -3.576279E-07 0.5136663 
0 0 0 1 
1 2.4869E-14 1.192093E-07 0.002219424 
1.192093E-07 -3.576279E-07 -1 0.007120181 
1.776357E-14 1 -3.576279E-07 0.5132028 
0 0 0 1 
1 2.4869E-14 1.192093E-07 0.002224297 
1.192093E-07 -3.576279E-07 -1 0.005488032 
1.776357E-14 1 -3.576279E-07 0.5128798 
0 0 0 1 
1 2.4869E-14 1.192093E-07 0.002412869 
1.192093E-07 -3.576279E-07 -1 0.00416615 
1.776357E-14 1 -3.576279E-07 0.5127021 
0 0 0 1 
1 2.4869E-14 1.192093E-07 0.002605743 
1.192093E-07 -3.576279E-07 -1 0.003099696 
1.776357E-14 1 -3.576279E-07 0.512593 
0 0 0 1 
1 2.4869E-14 1.192093E-07 0.002735148 
1.192093E-07 -3.576279E-07 -1 0.002165159 
1.776357E-14 1 -3.576279E-07 0.5125023 
0 0 0 1 
1 2.4869E-14 1.192093E-07 0.002733308 
1.192093E-07 -3.576279E-07 -1 0.00123903 
1.776357E-14 1 -3.576279E-07 0.5123802 
0 0 0 1 
1 2.4869E-14 1.192093E-07 0.002532451 
1.192093E-07 -3.576279E-07 -1 0.0001977963 
1.776357E-14 1 -3.576279E-07 0.5121765 
0 0 0 1 
1 2.4869E-14 1.192093E-07 0.002697519 
1.192093E-07 -3.576279E-07 -1 -0.0008211529 
1.776357E-14 1 -3.576279E-07 0.5119361 
0 0 0 1 
1 2.4869E-14 1.192093E-07 0.003508188 
1.192093E-07 -3.576279E-07 -1 -0.00165339 
1.776357E-14 1 -3.576279E-07 0.5117201 
0 0 0 1 
1 2.4869E-14 1.192093E-07 0.004468828 
1.192093E-07 -3.576279E-07 -1 -0.002381847 
1.776357E-14 1 -3.576279E-07 0.5115022 
0 0 0 1 
1 2.4869E-14 1.192093E-07 0.005083809 
1.192093E-07 -3.576279E-07 -1 -0.003089457 
1.776357E-14 1 -3.576279E-07 0.5112562 
0 0 0 1 
1 2.4869E-14 1.192093E-07 0.004857501 
1.192093E-07 -3.576279E-07 -1 -0.003859153 
1.776357E-14 1 -3.576279E-07 0.5109558 
0 0 0 1 
1 2.4869E-14 1.192093E-07 0.005267302 
1.192093E-07 -3.576279E-07 -1 -0.00463656 
1.776357E-14 1 -3.576279E-07 0.5106105 
0 0 0 1 
1 2.4869E-14 1.192093E-07 0.007088264 
1.192093E-07 -3.576279E-07 -1 -0.00532554 
1.776357E-14 1 -3.576279E-07 0.5102826 
0 0 0 1 
1 2.4869E-14 1.192093E-07 0.008771382 
1.192093E-07 -3.576279E-07 -1 -0.005946368 
1.776357E-14 1 -3.576279E-07 0.5100248 
0 0 0 1 
1 2.4869E-14 1.192093E-07 0.008767648 
1.192093E-07 -3.576279E-07 -1 -0.00651932 
1.776357E-14 1 -3.576279E-07 0.50989 
0 0 0 1 
1 2.4869E-14 1.192093E-07 0.00927607 
1.192093E-07 -3.576279E-07 -1 -0.007027464 
1.776357E-14 1 -3.576279E-07 0.5098542 
0 0 0 1 
1 2.4869E-14 1.192093E-07 0.01203477 
1.192093E-07 -3.576279E-07 -1 -0.00743924 
1.776357E-14 1 -3.576279E-07 0.5099095 
0 0 0 1 
1 2.4869E-14 1.192093E-07 0.01480355 
1.192093E-07 -3.576279E-07 -1 -0.007752988 
1.776357E-14 1 -3.576279E-07 0.5101326 
0 0 0 1 
1 2.4869E-14 1.192093E-07 0.01534224 
1.192093E-07 -3.576279E-07 -1 -0.007967044 
1.776357E-14 1 -3.576279E-07 0.5106005 
0 0 0 1 
1 2.4869E-14 1.192093E-07 0.01490284 
1.192093E-07 -3.576279E-07 -1 -0.008094506 
1.776357E-14 1 -3.576279E-07 0.5113935 
0 0 0 1 
1 2.4869E-14 1.192093E-07 0.01577149 
1.192093E-07 -3.576279E-07 -1 -0.008158452 
1.776357E-14 1 -3.576279E-07 0.5124118 
0 0 0 1 
1 2.4869E-14 1.192093E-07 0.01725934 
1.192093E-07 -3.576279E-07 -1 -0.008172182 
1.776357E-14 1 -3.576279E-07 0.5134614 
0 0 0 1 
1 2.4869E-14 1.192093E-07 0.01867752 
1.192093E-07 -3.576279E-07 -1 -0.008148999 
1.776357E-14 1 -3.576279E-07 0.5143488 
0 0 0 1 
1 2.4869E-14 1.192093E-07 0.01933715 
1.192093E-07 -3.576279E-07 -1 -0.008102203 
1.776357E-14 1 -3.576279E-07 0.5148801 
0 0 0 1 
1 2.4869E-14 1.192093E-07 0.01879456 
1.192093E-07 -3.576279E-07 -1 -0.008040026 
1.776357E-14 1 -3.576279E-07 0.5151268 
0 0 0 1 
1 2.4869E-14 1.192093E-07 0.01762944 
1.192093E-07 -3.576279E-07 -1 -0.007953647 
1.776357E-14 1 -3.576279E-07 0.515325 
0 0 0 1 
1 2.4869E-14 1.192093E-07 0.01668799 
1.192093E-07 -3.576279E-07 -1 -0.007830794 
1.776357E-14 1 -3.576279E-07 0.5155283 
0 0 0 1 
1 2.4869E-14 1.192093E-07 0.01681645 
1.192093E-07 -3.576279E-07 -1 -0.007659195 
1.776357E-14 1 -3.576279E-07 0.5157904 
0 0 0 1 
1 2.4869E-14 1.192093E-07 0.01644965 
1.192093E-07 -3.576279E-07 -1 -0.00741684 
1.776357E-14 1 -3.576279E-07 0.5161008 
0 0 0 1 
1 2.4869E-14 1.192093E-07 0.01452899 
1.192093E-07 -3.576279E-07 -1 -0.007113067 
1.776357E-14 1 -3.576279E-07 0.5163994 
0 0 0 1 
1 2.4869E-14 1.192093E-07 0.01266061 
1.192093E-07 -3.576279E-07 -1 -0.006782623 
1.776357E-14 1 -3.576279E-07 0.5166656 
0 0 0 1 
1 2.4869E-14 1.192093E-07 0.01245066 
1.192093E-07 -3.576279E-07 -1 -0.00646026 
1.776357E-14 1 -3.576279E-07 0.5168785 
0 0 0 1 
1 2.4869E-14 1.192093E-07 0.01219535 
1.192093E-07 -3.576279E-07 -1 -0.006180209 
1.776357E-14 1 -3.576279E-07 0.5170596 
0 0 0 1 
1 2.4869E-14 1.192093E-07 0.01023551 
1.192093E-07 -3.576279E-07 -1 -0.005948095 
1.776357E-14 1 -3.576279E-07 0.5172313 
0 0 0 1 
1 2.4869E-14 1.192093E-07 0.008244358 
1.192093E-07 -3.576279E-07 -1 -0.005755747 
1.776357E-14 1 -3.576279E-07 0.5173744 
0 0 0 1 
1 2.4869E-14 1.192093E-07 0.007895141 
1.192093E-07 -3.576279E-07 -1 -0.005594999 
1.776357E-14 1 -3.576279E-07 0.5174698 
0 0 0 1 
1 2.4869E-14 1.192093E-07 0.007588428 
1.192093E-07 -3.576279E-07 -1 -0.005664094 
1.776357E-14 1 -3.576279E-07 0.5174913 
0 0 0 1 
1 2.4869E-14 1.192093E-07 0.005603333 
1.192093E-07 -3.576279E-07 -1 -0.005857753 
1.776357E-14 1 -3.576279E-07 0.5174359 
0 0 0 1 
1 2.4869E-14 1.192093E-07 0.003431194 
1.192093E-07 -3.576279E-07 -1 -0.005712498 
1.776357E-14 1 -3.576279E-07 0.5173193 
0 0 0 1 
1 2.4869E-14 1.192093E-07 0.002563346 
1.192093E-07 -3.576279E-07 -1 -0.004764852 
1.776357E-14 1 -3.576279E-07 0.517157 
0 0 0 1 
</float_array>
          <technique_common>
            <accessor count="61" offset="0" source="#Stomach_0_0-Matrix-animation-output-transform-array" stride="16">
              <param type="float4x4" />
            </accessor>
          </technique_common>
        </source>
        <source id="Stomach_0_0-Interpolations">
          <Name_array id="Stomach_0_0-Interpolations-array" count="61">LINEAR
LINEAR
LINEAR
LINEAR
LINEAR
LINEAR
LINEAR
LINEAR
LINEAR
LINEAR
LINEAR
LINEAR
LINEAR
LINEAR
LINEAR
LINEAR
LINEAR
LINEAR
LINEAR
LINEAR
LINEAR
LINEAR
LINEAR
LINEAR
LINEAR
LINEAR
LINEAR
LINEAR
LINEAR
LINEAR
LINEAR
LINEAR
LINEAR
LINEAR
LINEAR
LINEAR
LINEAR
LINEAR
LINEAR
LINEAR
LINEAR
LINEAR
LINEAR
LINEAR
LINEAR
LINEAR
LINEAR
LINEAR
LINEAR
LINEAR
LINEAR
LINEAR
LINEAR
LINEAR
LINEAR
LINEAR
LINEAR
LINEAR
LINEAR
LINEAR
LINEAR</Name_array>
          <technique_common>
            <accessor count="61" offset="0" source="#Stomach_0_0-Interpolations-array" stride="1">
              <param type="name" />
            </accessor>
          </technique_common>
        </source>
        <sampler id="Stomach_0_0-Matrix-animation-transform">
          <input semantic="INPUT" source="#Stomach_0_0-Matrix-animation-input" />
          <input semantic="OUTPUT" source="#Stomach_0_0-Matrix-animation-output-transform" />
          <input semantic="INTERPOLATION" source="#Stomach_0_0-Interpolations" />
        </sampler>
        <channel source="#Stomach_0_0-Matrix-animation-transform" target="Stomach/matrix" />
      </animation>
      <animation id="Chest_0_1-anim" name="Chest_0_1">
        <source id="Chest_0_1-Matrix-animation-input">
          <float_array id="Chest_0_1-Matrix-animation-input-array" count="61">0
0.01666667
0.03333334
0.05
0.06666667
0.08333334
0.1
0.1166667
0.1333333
0.15
0.1666667
0.1833333
0.2
0.2166667
0.2333333
0.25
0.2666667
0.2833334
0.3
0.3166667
0.3333334
0.3500001
0.3666668
0.3833334
0.4000001
0.4166668
0.4333335
0.4500002
0.4666668
0.4833335
0.5000002
0.5166668
0.5333335
0.5500001
0.5666668
0.5833334
0.6000001
0.6166667
0.6333334
0.65
0.6666667
0.6833333
0.7
0.7166666
0.7333333
0.7499999
0.7666666
0.7833332
0.7999999
0.8166665
0.8333332
0.8499998
0.8666665
0.8833331
0.8999998
0.9166664
0.9333331
0.9499997
0.9666664
0.9833331
0.9999997
</float_array>
          <technique_common>
            <accessor count="61" offset="0" source="#Chest_0_1-Matrix-animation-input-array" stride="1">
              <param name="TIME" type="float" />
            </accessor>
          </technique_common>
        </source>
        <source id="Chest_0_1-Matrix-animation-output-transform">
          <float_array id="Chest_0_1-Matrix-animation-output-transform-array" count="976">0.9986233 -0.05116891 0.01154589 4.736007E-15 
0.05229038 0.988512 -0.1418084 0.2666135 
-0.004157066 0.1422169 0.9898268 -2.82288E-22 
0 0 0 1 
0.9986004 -0.05132847 0.01274967 4.736007E-15 
0.05262059 0.9884673 -0.1419979 0.2666135 
-0.005314093 0.1424701 0.9897848 -2.82288E-22 
0 0 0 1 
0.9985282 -0.05177644 0.01614208 4.736007E-15 
0.05355232 0.9883405 -0.1425311 0.2666135 
-0.008574117 0.1431858 0.9896587 -2.82288E-22 
0 0 0 1 
0.9983913 -0.05247691 0.02147276 4.736007E-15 
0.05502143 0.9881395 -0.1433632 0.2666135 
-0.01369482 0.144314 0.9894372 -2.82288E-22 
0 0 0 1 
0.998167 -0.05339248 0.02849133 4.736007E-15 
0.05696483 0.9878713 -0.1444474 0.2666135 
-0.02043337 0.1458056 0.9891022 -2.82288E-22 
0 0 0 1 
0.9978308 -0.05448514 0.03694691 4.736007E-15 
0.05931962 0.9875435 -0.1457361 0.2666135 
-0.02854623 0.1476116 0.9886333 -2.82288E-22 
0 0 0 1 
0.9973591 -0.05571706 0.04658777 4.736007E-15 
0.0620225 0.9871629 -0.1471819 0.2666135 
-0.03778918 0.1496827 0.9880117 -2.82288E-22 
0 0 0 1 
0.9967335 -0.05705136 0.05716123 4.736007E-15 
0.06500915 0.9867373 -0.1487387 0.2666135 
-0.04791737 0.1519689 0.9872231 -2.82288E-22 
0 0 0 1 
0.9959432 -0.05845261 0.0684137 4.736007E-15 
0.06821392 0.9862748 -0.1503622 0.2666135 
-0.05868565 0.154419 0.986261 -2.82288E-22 
0 0 0 1 
0.9949869 -0.05988738 0.08009098 4.736007E-15 
0.07156951 0.9857842 -0.1520108 0.2666135 
-0.0698489 0.1569808 0.9851285 -2.82288E-22 
0 0 0 1 
0.9938745 -0.06132458 0.09193875 4.736007E-15 
0.07500702 0.985275 -0.1536456 0.2666135 
-0.08116271 0.1596005 0.9838396 -2.82288E-22 
0 0 0 1 
0.9926278 -0.06273569 0.1037031 4.736007E-15 
0.07845585 0.9847577 -0.1552315 0.2666135 
-0.09238385 0.1622232 0.9824199 -2.82288E-22 
0 0 0 1 
0.9912804 -0.06409489 0.1151308 4.736007E-15 
0.08184385 0.9842434 -0.1567366 0.2666135 
-0.1032708 0.1647927 0.980907 -2.82288E-22 
0 0 0 1 
0.9898773 -0.06537898 0.1259705 4.736007E-15 
0.08509764 0.9837441 -0.1581325 0.2666135 
-0.1135842 0.1672515 0.9793496 -2.82288E-22 
0 0 0 1 
0.9884738 -0.0665672 0.1359722 4.736007E-15 
0.08814278 0.9832723 -0.1593938 0.2666135 
-0.1230873 0.1695416 0.9778063 -2.82288E-22 
0 0 0 1 
0.9871333 -0.06764086 0.1448879 4.736007E-15 
0.09090412 0.9828411 -0.1604982 0.2666135 
-0.1315456 0.171604 0.9763441 -2.82288E-22 
0 0 0 1 
0.9859254 -0.06858278 0.1524715 4.736007E-15 
0.09330609 0.9824641 -0.161425 0.2666135 
-0.1387268 0.1733795 0.9750356 -2.82288E-22 
0 0 0 1 
0.9849221 -0.06937667 0.158478 4.736007E-15 
0.09527315 0.9821551 -0.1621548 0.2666135 
-0.1444003 0.1748085 0.9739561 -2.82288E-22 
0 0 0 1 
0.984195 -0.07000616 0.1626633 4.736007E-15 
0.09673001 0.9819278 -0.1626684 0.2666135 
-0.1483359 0.1758318 0.9731802 -2.82288E-22 
0 0 0 1 
0.9838104 -0.07045384 0.1647827 4.736007E-15 
0.09760196 0.9817956 -0.1629451 0.2666135 
-0.1503028 0.1763902 0.9727772 -2.82288E-22 
0 0 0 1 
0.983825 -0.07070016 0.16459 4.736007E-15 
0.09781546 0.9817716 -0.1629618 0.2666135 
-0.1500683 0.1764253 0.972807 -2.82288E-22 
0 0 0 1 
0.9842801 -0.07072192 0.1618364 4.736007E-15 
0.0972984 0.9818679 -0.1626907 0.2666135 
-0.1473962 0.1758796 0.9733143 -2.82288E-22 
0 0 0 1 
0.9849937 -0.07054441 0.1575148 4.736007E-15 
0.09630165 0.9820138 -0.1624032 0.2666135 
-0.1432251 0.175135 0.974071 -2.82288E-22 
0 0 0 1 
0.9857467 -0.07023333 0.152875 4.736007E-15 
0.09515825 0.9821292 -0.1623791 0.2666135 
-0.1387386 0.174612 0.9748139 -2.82288E-22 
0 0 0 1 
0.986529 -0.06980329 0.1479461 4.736007E-15 
0.09388191 0.9822164 -0.162595 0.2666135 
-0.1339654 0.1742941 0.9755383 -2.82288E-22 
0 0 0 1 
0.9873309 -0.06926893 0.142757 4.736007E-15 
0.09248632 0.982277 -0.1630275 0.2666135 
-0.1289342 0.1741651 0.976239 -2.82288E-22 
0 0 0 1 
0.9881429 -0.06864484 0.137337 4.736007E-15 
0.09098522 0.9823132 -0.1636534 0.2666135 
-0.1236739 0.1742086 0.9769115 -2.82288E-22 
0 0 0 1 
0.9889563 -0.06794563 0.1317152 4.736007E-15 
0.08939254 0.9823264 -0.1644496 0.2666135 
-0.1182137 0.1744078 0.9775518 -2.82288E-22 
0 0 0 1 
0.9897625 -0.06718571 0.1259213 4.736007E-15 
0.08772235 0.9823186 -0.1653932 0.2666135 
-0.1125827 0.1747461 0.9781559 -2.82288E-22 
0 0 0 1 
0.9905541 -0.06637947 0.1199846 4.736007E-15 
0.08598904 0.9822913 -0.1664616 0.2666135 
-0.1068102 0.1752065 0.9787207 -2.82288E-22 
0 0 0 1 
0.9913239 -0.06554104 0.1139349 4.736007E-15 
0.08420721 0.9822466 -0.1676322 0.2666135 
-0.1009254 0.175772 0.9792437 -2.82288E-22 
0 0 0 1 
0.9920658 -0.06468436 0.1078023 4.736007E-15 
0.08239179 0.9821863 -0.1688831 0.2666135 
-0.09495782 0.1764252 0.979723 -2.82288E-22 
0 0 0 1 
0.9927742 -0.06382318 0.1016166 4.736007E-15 
0.08055801 0.9821125 -0.1701923 0.2666135 
-0.08893674 0.1771486 0.9801574 -2.82288E-22 
0 0 0 1 
0.9934444 -0.06297097 0.09540828 4.736007E-15 
0.07872145 0.9820272 -0.1715383 0.2666135 
-0.08289159 0.1779245 0.9805467 -2.82288E-22 
0 0 0 1 
0.9940727 -0.06214098 0.08920767 4.736007E-15 
0.07689808 0.9819329 -0.1728999 0.2666135 
-0.07685178 0.178735 0.9808912 -2.82288E-22 
0 0 0 1 
0.9946558 -0.06134613 0.08304535 4.736007E-15 
0.07510415 0.981832 -0.1742562 0.2666135 
-0.07084664 0.179562 0.9811922 -2.82288E-22 
0 0 0 1 
0.9951915 -0.06059908 0.07695196 4.736007E-15 
0.07335624 0.9817271 -0.1755866 0.2666135 
-0.06490544 0.1803872 0.9814519 -2.82288E-22 
0 0 0 1 
0.9956784 -0.05991227 0.07095831 4.736007E-15 
0.07167134 0.981621 -0.1768709 0.2666135 
-0.05905743 0.1811922 0.9816729 -2.82288E-22 
0 0 0 1 
0.9961156 -0.05929779 0.06509523 4.736007E-15 
0.07006668 0.9815166 -0.1780891 0.2666135 
-0.05333176 0.1819583 0.9818589 -2.82288E-22 
0 0 0 1 
0.9965033 -0.05876752 0.0593936 4.736007E-15 
0.06855979 0.9814169 -0.1792215 0.2666135 
-0.04775748 0.1826669 0.9820143 -2.82288E-22 
0 0 0 1 
0.9968418 -0.0583331 0.05388432 4.736007E-15 
0.06716844 0.9813249 -0.1802489 0.2666135 
-0.04236355 0.1832989 0.982144 -2.82288E-22 
0 0 0 1 
0.9971327 -0.05800597 0.04859832 4.736007E-15 
0.06591068 0.9812439 -0.1811519 0.2666135 
-0.03717891 0.1838357 0.9822536 -2.82288E-22 
0 0 0 1 
0.9973773 -0.05779737 0.04356645 4.736007E-15 
0.06480467 0.981177 -0.1819117 0.2666135 
-0.03223239 0.1842579 0.9823493 -2.82288E-22 
0 0 0 1 
0.9975779 -0.05771843 0.0388195 4.736007E-15 
0.06386876 0.9811274 -0.1825094 0.2666135 
-0.02755273 0.1845466 0.9824375 -2.82288E-22 
0 0 0 1 
0.9977369 -0.05778016 0.03438823 4.736007E-15 
0.06312136 0.9810982 -0.1829262 0.2666135 
-0.02316872 0.1846828 0.9825251 -2.82288E-22 
0 0 0 1 
0.9978638 -0.05783098 0.03038968 4.736007E-15 
0.0624292 0.9811774 -0.1827388 0.2666135 
-0.01924971 0.1842456 0.9826917 -2.82288E-22 
0 0 0 1 
0.9979708 -0.05772059 0.02688386 4.736007E-15 
0.06165706 0.9814299 -0.1816417 0.2666135 
-0.01590016 0.1829306 0.9829972 -2.82288E-22 
0 0 0 1 
0.9980627 -0.05746695 0.02383886 4.736007E-15 
0.06082579 0.9818279 -0.1797613 0.2666135 
-0.01307533 0.180863 0.9834214 -2.82288E-22 
0 0 0 1 
0.9981434 -0.05708985 0.02122297 4.736007E-15 
0.05995433 0.9823427 -0.1772238 0.2666135 
-0.01073055 0.1781671 0.9839417 -2.82288E-22 
0 0 0 1 
0.9982154 -0.05661046 0.01900451 4.736007E-15 
0.05906013 0.9829453 -0.1741558 0.2666135 
-0.008821353 0.1749673 0.9845347 -2.82288E-22 
0 0 0 1 
0.9982806 -0.05605094 0.01715169 4.736007E-15 
0.05815966 0.9836078 -0.1706838 0.2666135 
-0.007303544 0.1713879 0.9851766 -2.82288E-22 
0 0 0 1 
0.99834 -0.05543424 0.01563254 4.736007E-15 
0.0572688 0.9843032 -0.1669349 0.2666135 
-0.006133247 0.167553 0.985844 -2.82288E-22 
0 0 0 1 
0.9983942 -0.05478374 0.0144148 4.736007E-15 
0.05640306 0.9850065 -0.1630363 0.2666135 
-0.005266937 0.1635875 0.9865147 -2.82288E-22 
0 0 0 1 
0.9984435 -0.05412303 0.01346589 4.736007E-15 
0.05557791 0.9856943 -0.1591155 0.2666135 
-0.004661433 0.1596162 0.9871681 -2.82288E-22 
0 0 0 1 
0.9984877 -0.05347572 0.01275283 4.736007E-15 
0.05480896 0.9863456 -0.1553004 0.2666135 
-0.004273899 0.1557645 0.987785 -2.82288E-22 
0 0 0 1 
0.9985266 -0.0528653 0.01224235 4.736007E-15 
0.05411208 0.9869413 -0.151719 0.2666135 
-0.004061805 0.1521579 0.9883478 -2.82288E-22 
0 0 0 1 
0.9985597 -0.05231502 0.01190081 4.736007E-15 
0.05350353 0.987464 -0.1484997 0.2666135 
-0.003982862 0.1489225 0.9888408 -2.82288E-22 
0 0 0 1 
0.9985865 -0.05184778 0.01169438 4.736007E-15 
0.05299992 0.9878977 -0.1457706 0.2666135 
-0.003994966 0.1461844 0.9892493 -2.82288E-22 
0 0 0 1 
0.9986064 -0.05148622 0.01158906 4.736007E-15 
0.05261829 0.9882272 -0.1436603 0.2666135 
-0.004056101 0.1440699 0.9895592 -2.82288E-22 
0 0 0 1 
0.9986189 -0.05125257 0.01155085 4.736007E-15 
0.05237594 0.9884373 -0.1422968 0.2666135 
-0.00412421 0.1427053 0.9897566 -2.82288E-22 
0 0 0 1 
0.9986233 -0.05116891 0.01154589 4.736007E-15 
0.05229038 0.988512 -0.1418084 0.2666135 
-0.00415707 0.1422169 0.9898268 -2.82288E-22 
0 0 0 1 
</float_array>
          <technique_common>
            <accessor count="61" offset="0" source="#Chest_0_1-Matrix-animation-output-transform-array" stride="16">
              <param type="float4x4" />
            </accessor>
          </technique_common>
        </source>
        <source id="Chest_0_1-Interpolations">
          <Name_array id="Chest_0_1-Interpolations-array" count="61">LINEAR
LINEAR
LINEAR
LINEAR
LINEAR
LINEAR
LINEAR
LINEAR
LINEAR
LINEAR
LINEAR
LINEAR
LINEAR
LINEAR
LINEAR
LINEAR
LINEAR
LINEAR
LINEAR
LINEAR
LINEAR
LINEAR
LINEAR
LINEAR
LINEAR
LINEAR
LINEAR
LINEAR
LINEAR
LINEAR
LINEAR
LINEAR
LINEAR
LINEAR
LINEAR
LINEAR
LINEAR
LINEAR
LINEAR
LINEAR
LINEAR
LINEAR
LINEAR
LINEAR
LINEAR
LINEAR
LINEAR
LINEAR
LINEAR
LINEAR
LINEAR
LINEAR
LINEAR
LINEAR
LINEAR
LINEAR
LINEAR
LINEAR
LINEAR
LINEAR
LINEAR</Name_array>
          <technique_common>
            <accessor count="61" offset="0" source="#Chest_0_1-Interpolations-array" stride="1">
              <param type="name" />
            </accessor>
          </technique_common>
        </source>
        <sampler id="Chest_0_1-Matrix-animation-transform">
          <input semantic="INPUT" source="#Chest_0_1-Matrix-animation-input" />
          <input semantic="OUTPUT" source="#Chest_0_1-Matrix-animation-output-transform" />
          <input semantic="INTERPOLATION" source="#Chest_0_1-Interpolations" />
        </sampler>
        <channel source="#Chest_0_1-Matrix-animation-transform" target="Chest/matrix" />
      </animation>
      <animation id="RightThigh_0_2-anim" name="RightThigh_0_2">
        <source id="RightThigh_0_2-Matrix-animation-input">
          <float_array id="RightThigh_0_2-Matrix-animation-input-array" count="61">0
0.01666667
0.03333334
0.05
0.06666667
0.08333334
0.1
0.1166667
0.1333333
0.15
0.1666667
0.1833333
0.2
0.2166667
0.2333333
0.25
0.2666667
0.2833334
0.3
0.3166667
0.3333334
0.3500001
0.3666668
0.3833334
0.4000001
0.4166668
0.4333335
0.4500002
0.4666668
0.4833335
0.5000002
0.5166668
0.5333335
0.5500001
0.5666668
0.5833334
0.6000001
0.6166667
0.6333334
0.65
0.6666667
0.6833333
0.7
0.7166666
0.7333333
0.7499999
0.7666666
0.7833332
0.7999999
0.8166665
0.8333332
0.8499998
0.8666665
0.8833331
0.8999998
0.9166664
0.9333331
0.9499997
0.9666664
0.9833331
0.9999997
</float_array>
          <technique_common>
            <accessor count="61" offset="0" source="#RightThigh_0_2-Matrix-animation-input-array" stride="1">
              <param name="TIME" type="float" />
            </accessor>
          </technique_common>
        </source>
        <source id="RightThigh_0_2-Matrix-animation-output-transform">
          <float_array id="RightThigh_0_2-Matrix-animation-output-transform-array" count="976">0.993692 0.1107411 -0.01601288 -0.1213365 
0.1113248 -0.9928885 0.04217201 0.05255294 
-0.01122852 -0.04368988 -0.9989815 -0.002807304 
0 0 0 1 
0.9922775 0.1117979 -0.05320444 -0.1213365 
0.1140983 -0.9925627 0.0424242 0.05255294 
-0.04806447 -0.04816851 -0.9976814 -0.002807304 
0 0 0 1 
0.9841406 0.1141101 -0.1356141 -0.1213365 
0.12087 -0.9917489 0.04270375 0.05255294 
-0.1296186 -0.05841986 -0.9898403 -0.002807304 
0 0 0 1 
0.9685157 0.1169202 -0.2196666 -0.1213365 
0.1292452 -0.9906979 0.04256643 0.05255294 
-0.2126405 -0.06961912 -0.9746452 -0.002807304 
0 0 0 1 
0.9570306 0.1210072 -0.2634342 -0.1213365 
0.1368298 -0.9896814 0.04251211 0.05255294 
-0.2555645 -0.07673326 -0.9637397 -0.002807304 
0 0 0 1 
0.9543878 0.1259965 -0.2705863 -0.1213365 
0.1428539 -0.9887881 0.04346777 0.05255294 
-0.2620685 -0.08014173 -0.9617131 -0.002807304 
0 0 0 1 
0.9529394 0.1309005 -0.2733493 -0.1213365 
0.1486853 -0.9878454 0.04531458 0.05255294 
-0.2640876 -0.0838275 -0.9608466 -0.002807304 
0 0 0 1 
0.9519355 0.1363476 -0.2741835 -0.1213365 
0.1550627 -0.986752 0.04769374 0.05255294 
-0.2640408 -0.08791954 -0.9604935 -0.002807304 
0 0 0 1 
0.9505752 0.1429455 -0.2755394 -0.1213365 
0.1627272 -0.9853916 0.05021381 0.05255294 
-0.264329 -0.09257244 -0.9599767 -0.002807304 
0 0 0 1 
0.9484989 0.150156 -0.27884 -0.1213365 
0.1710622 -0.9838811 0.05209371 0.05255294 
-0.2665159 -0.09711263 -0.9589229 -0.002807304 
0 0 0 1 
0.9462444 0.1567949 -0.282818 -0.1213365 
0.1786226 -0.9824899 0.05297001 0.05255294 
-0.2695529 -0.1006432 -0.9577094 -0.002807304 
0 0 0 1 
0.9442365 0.1625662 -0.2862498 -0.1213365 
0.1850243 -0.981299 0.05306741 0.05255294 
-0.2722621 -0.1030743 -0.9566837 -0.002807304 
0 0 0 1 
0.9440398 0.1677968 -0.2838703 -0.1213365 
0.1900641 -0.9803595 0.05261934 0.05255294 
-0.2694581 -0.1036313 -0.9574173 -0.002807304 
0 0 0 1 
0.9464424 0.1722145 -0.2730165 -0.1213365 
0.1933572 -0.9797304 0.05233401 0.05255294 
-0.2584627 -0.1023238 -0.9605841 -0.002807304 
0 0 0 1 
0.9505318 0.1755343 -0.2561748 -0.1213365 
0.195229 -0.9793013 0.0534042 0.05255294 
-0.2414914 -0.1007781 -0.9651534 -0.002807304 
0 0 0 1 
0.9553365 0.1778625 -0.2358924 -0.1213365 
0.1962555 -0.9789073 0.05676194 0.05255294 
-0.2208148 -0.1005248 -0.9701194 -0.002807304 
0 0 0 1 
0.9600255 0.1793775 -0.2147608 -0.1213365 
0.1969624 -0.9783613 0.06334283 0.05255294 
-0.1987459 -0.1031135 -0.9746097 -0.002807304 
0 0 0 1 
0.9636698 0.1801755 -0.1970389 -0.1213365 
0.1975439 -0.9776276 0.07223602 0.05255294 
-0.1796106 -0.1085387 -0.9777301 -0.002807304 
0 0 0 1 
0.9661332 0.1802534 -0.1845058 -0.1213365 
0.1978156 -0.9768391 0.08156101 0.05255294 
-0.1655262 -0.1153002 -0.979441 -0.002807304 
0 0 0 1 
0.967848 0.1795928 -0.1759641 -0.1213365 
0.1976219 -0.9760587 0.09084652 0.05255294 
-0.1554315 -0.1227035 -0.9801952 -0.002807304 
0 0 0 1 
0.969142 0.1781692 -0.1701946 -0.1213365 
0.196798 -0.9753683 0.09962387 0.05255294 
-0.1482484 -0.1300474 -0.9803612 -0.002807304 
0 0 0 1 
0.9702768 0.1759654 -0.1659681 -0.1213365 
0.1951627 -0.9748685 0.1074264 0.05255294 
-0.1428898 -0.1366281 -0.9802616 -0.002807304 
0 0 0 1 
0.9711933 0.1727298 -0.1639952 -0.1213365 
0.1926182 -0.9745976 0.1142592 0.05255294 
-0.1400895 -0.1425603 -0.979821 -0.002807304 
0 0 0 1 
0.9718372 0.1685484 -0.1645298 -0.1213365 
0.1893879 -0.9744862 0.120443 0.05255294 
-0.1400276 -0.1482152 -0.9789904 -0.002807304 
0 0 0 1 
0.9724695 0.1639085 -0.1654791 -0.1213365 
0.1856746 -0.9745035 0.1259595 0.05255294 
-0.1406102 -0.1532214 -0.9781359 -0.002807304 
0 0 0 1 
0.973354 0.1593212 -0.1647573 -0.1213365 
0.1816555 -0.9746264 0.130777 0.05255294 
-0.1397374 -0.157226 -0.9776253 -0.002807304 
0 0 0 1 
0.9749225 0.1554597 -0.1590737 -0.1213365 
0.1774418 -0.9748464 0.1348581 0.05255294 
-0.1341037 -0.1597071 -0.978012 -0.002807304 
0 0 0 1 
0.9772488 0.1521678 -0.1475647 -0.1213365 
0.1727102 -0.9752297 0.1381895 0.05255294 
-0.1228781 -0.1605361 -0.9793504 -0.002807304 
0 0 0 1 
0.9801834 0.1477464 -0.1317452 -0.1213365 
0.1660185 -0.9760377 0.1406626 0.05255294 
-0.107803 -0.1597519 -0.981252 -0.002807304 
0 0 0 1 
0.9835708 0.1404831 -0.1131287 -0.1213365 
0.1559484 -0.9774919 0.1420847 0.05255294 
-0.09061933 -0.1573972 -0.983368 -0.002807304 
0 0 0 1 
0.9872687 0.1286466 -0.09324745 -0.1213365 
0.1410881 -0.9797289 0.1422127 0.05255294 
-0.07305999 -0.1535627 -0.9854338 -0.002807304 
0 0 0 1 
0.9911147 0.1104943 -0.07366616 -0.1213365 
0.1200169 -0.9827403 0.1407708 0.05255294 
-0.05683875 -0.1483655 -0.9872972 -0.002807304 
0 0 0 1 
0.9947532 0.08644541 -0.05419153 -0.1213365 
0.09314025 -0.9862424 0.1365658 0.05255294 
-0.04163934 -0.1409007 -0.9891471 -0.002807304 
0 0 0 1 
0.9975647 0.06037601 -0.03409808 -0.1213365 
0.06428691 -0.9896092 0.1286096 0.05255294 
-0.02597812 -0.1304922 -0.9911084 -0.002807304 
0 0 0 1 
0.9992405 0.03554197 -0.01408635 -0.1213365 
0.036948 -0.9924383 0.1170499 0.05255294 
-0.009819384 -0.1174849 -0.9930254 -0.002807304 
0 0 0 1 
0.9998417 0.01524127 0.005232403 -0.1213365 
0.01462654 -0.9946558 0.1022037 0.05255294 
0.006761967 -0.1021139 -0.9947491 -0.002807304 
0 0 0 1 
0.9997207 0.002015535 0.02230762 -0.1213365 
0.0001032428 -0.996347 0.08539463 0.05255294 
0.02239763 -0.08537095 -0.9960968 -0.002807304 
0 0 0 1 
0.9992819 -0.005767577 0.03668332 -0.1213365 
-0.00824287 -0.9976718 0.06769465 0.05255294 
0.03620648 -0.06795037 -0.9970307 -0.002807304 
0 0 0 1 
0.9986963 -0.0111005 0.04925317 -0.1213365 
-0.01351922 -0.9987044 0.04905754 0.05255294 
0.04864344 -0.04966088 -0.9975802 -0.002807304 
0 0 0 1 
0.9979764 -0.0170035 0.06080509 -0.1213365 
-0.01881328 -0.9993928 0.02932481 0.05255294 
0.06026787 -0.03041029 -0.9977183 -0.002807304 
0 0 0 1 
0.9972612 -0.02347174 0.06973232 -0.1213365 
-0.02415587 -0.9996676 0.008993512 0.05255294 
0.06949612 -0.01065363 -0.9975246 -0.002807304 
0 0 0 1 
0.9968058 -0.02843335 0.07425226 -0.1213365 
-0.0277439 -0.9995621 -0.01028994 0.05255294 
0.07451023 0.008197261 -0.997186 -0.002807304 
0 0 0 1 
0.996662 -0.03191008 0.07476769 -0.1213365 
-0.02995899 -0.9991845 -0.02706222 0.05255294 
0.07556819 0.02473263 -0.996833 -0.002807304 
0 0 0 1 
0.9968215 -0.03395654 0.07167562 -0.1213365 
-0.03115155 -0.9987186 -0.03988429 0.05255294 
0.07293607 0.0375258 -0.9966298 -0.002807304 
0 0 0 1 
0.9972306 -0.03468165 0.06535803 -0.1213365 
-0.03161755 -0.9983783 -0.04733371 0.05255294 
0.06689182 0.04513747 -0.9967379 -0.002807304 
0 0 0 1 
0.9978797 -0.03467247 0.05456415 -0.1213365 
-0.03190083 -0.9981961 -0.05085635 0.05255294 
0.0562275 0.04900929 -0.9972135 -0.002807304 
0 0 0 1 
0.9986619 -0.03296324 0.03913062 -0.1213365 
-0.03087858 -0.9981318 -0.05271229 0.05255294 
0.04079397 0.05143495 -0.997842 -0.002807304 
0 0 0 1 
0.9993781 -0.02736487 0.02092115 -0.1213365 
-0.02622958 -0.9982654 -0.05270509 0.05255294 
0.02232651 0.05212507 -0.9983904 -0.002807304 
0 0 0 1 
0.9998465 -0.01571501 0.00178631 -0.1213365 
-0.01560375 -0.9985903 -0.05073111 0.05255294 
0.00258096 0.05069692 -0.9987101 -0.002807304 
0 0 0 1 
0.9997883 0.003523228 -0.01881371 -0.1213365 
0.002630139 -0.9988782 -0.0472816 0.05255294 
-0.01895865 0.04722348 -0.998704 -0.002807304 
0 0 0 1 
0.9987086 0.02741711 -0.04210475 -0.1213365 
0.02559878 -0.9987417 -0.04311736 0.05255294 
-0.04323275 0.04198506 -0.9981815 -0.002807304 
0 0 0 1 
0.9963514 0.05176456 -0.06743763 -0.1213365 
0.04924746 -0.998046 -0.03844828 0.05255294 
-0.06929422 0.03498787 -0.9969816 -0.002807304 
0 0 0 1 
0.9928979 0.07237955 -0.09412201 -0.1213365 
0.0695234 -0.9970253 -0.03326229 0.05255294 
-0.09624689 0.02648314 -0.9950042 -0.002807304 
0 0 0 1 
0.9884406 0.08886569 -0.1226072 -0.1213365 
0.08611204 -0.9959036 -0.02756949 0.05255294 
-0.1245515 0.01669333 -0.9920717 -0.002807304 
0 0 0 1 
0.9834276 0.1023777 -0.149445 -0.1213365 
0.100363 -0.9947296 -0.02096277 0.05255294 
-0.1507993 0.00561678 -0.9885471 -0.002807304 
0 0 0 1 
0.979422 0.1113949 -0.1681347 -0.1213365 
0.1108884 -0.9937548 -0.01241016 0.05255294 
-0.1684625 -0.006489581 -0.9856852 -0.002807304 
0 0 0 1 
0.9783444 0.1145849 -0.1722149 -0.1213365 
0.1161888 -0.9932265 -0.0007526516 0.05255294 
-0.1711298 -0.01927365 -0.9850586 -0.002807304 
0 0 0 1 
0.9828504 0.1137723 -0.1449342 -0.1213365 
0.1169585 -0.9930424 0.01365101 0.05255294 
-0.1423688 -0.03036907 -0.9893464 -0.002807304 
0 0 0 1 
0.9893919 0.1124028 -0.09172573 -0.1213365 
0.1153609 -0.9929387 0.027631 0.05255294 
-0.08796979 -0.03792054 -0.9954002 -0.002807304 
0 0 0 1 
0.9929769 0.1112355 -0.03959133 -0.1213365 
0.1127383 -0.9928941 0.03808538 0.05255294 
-0.03507258 -0.04228259 -0.9984893 -0.002807304 
0 0 0 1 
0.993692 0.1107411 -0.01601293 -0.1213365 
0.1113248 -0.9928885 0.04217201 0.05255294 
-0.01122857 -0.04368989 -0.9989815 -0.002807304 
0 0 0 1 
</float_array>
          <technique_common>
            <accessor count="61" offset="0" source="#RightThigh_0_2-Matrix-animation-output-transform-array" stride="16">
              <param type="float4x4" />
            </accessor>
          </technique_common>
        </source>
        <source id="RightThigh_0_2-Interpolations">
          <Name_array id="RightThigh_0_2-Interpolations-array" count="61">LINEAR
LINEAR
LINEAR
LINEAR
LINEAR
LINEAR
LINEAR
LINEAR
LINEAR
LINEAR
LINEAR
LINEAR
LINEAR
LINEAR
LINEAR
LINEAR
LINEAR
LINEAR
LINEAR
LINEAR
LINEAR
LINEAR
LINEAR
LINEAR
LINEAR
LINEAR
LINEAR
LINEAR
LINEAR
LINEAR
LINEAR
LINEAR
LINEAR
LINEAR
LINEAR
LINEAR
LINEAR
LINEAR
LINEAR
LINEAR
LINEAR
LINEAR
LINEAR
LINEAR
LINEAR
LINEAR
LINEAR
LINEAR
LINEAR
LINEAR
LINEAR
LINEAR
LINEAR
LINEAR
LINEAR
LINEAR
LINEAR
LINEAR
LINEAR
LINEAR
LINEAR</Name_array>
          <technique_common>
            <accessor count="61" offset="0" source="#RightThigh_0_2-Interpolations-array" stride="1">
              <param type="name" />
            </accessor>
          </technique_common>
        </source>
        <sampler id="RightThigh_0_2-Matrix-animation-transform">
          <input semantic="INPUT" source="#RightThigh_0_2-Matrix-animation-input" />
          <input semantic="OUTPUT" source="#RightThigh_0_2-Matrix-animation-output-transform" />
          <input semantic="INTERPOLATION" source="#RightThigh_0_2-Interpolations" />
        </sampler>
        <channel source="#RightThigh_0_2-Matrix-animation-transform" target="RightThigh/matrix" />
      </animation>
      <animation id="LeftThigh_0_3-anim" name="LeftThigh_0_3">
        <source id="LeftThigh_0_3-Matrix-animation-input">
          <float_array id="LeftThigh_0_3-Matrix-animation-input-array" count="61">0
0.01666667
0.03333334
0.05
0.06666667
0.08333334
0.1
0.1166667
0.1333333
0.15
0.1666667
0.1833333
0.2
0.2166667
0.2333333
0.25
0.2666667
0.2833334
0.3
0.3166667
0.3333334
0.3500001
0.3666668
0.3833334
0.4000001
0.4166668
0.4333335
0.4500002
0.4666668
0.4833335
0.5000002
0.5166668
0.5333335
0.5500001
0.5666668
0.5833334
0.6000001
0.6166667
0.6333334
0.65
0.6666667
0.6833333
0.7
0.7166666
0.7333333
0.7499999
0.7666666
0.7833332
0.7999999
0.8166665
0.8333332
0.8499998
0.8666665
0.8833331
0.8999998
0.9166664
0.9333331
0.9499997
0.9666664
0.9833331
0.9999997
</float_array>
          <technique_common>
            <accessor count="61" offset="0" source="#LeftThigh_0_3-Matrix-animation-input-array" stride="1">
              <param name="TIME" type="float" />
            </accessor>
          </technique_common>
        </source>
        <source id="LeftThigh_0_3-Matrix-animation-output-transform">
          <float_array id="LeftThigh_0_3-Matrix-animation-output-transform-array" count="976">0.9971883 -0.02028246 -0.07174617 0.1208393 
-0.01889128 -0.9996212 0.02000864 0.05255294 
-0.07212281 -0.01859754 -0.9972216 -0.002807333 
0 0 0 1 
0.9968477 -0.01979879 -0.07645809 0.1208393 
-0.01870003 -0.9997119 0.0150532 0.05255294 
-0.07673194 -0.01357637 -0.9969588 -0.002807333 
0 0 0 1 
0.9959093 -0.01837942 -0.08814904 0.1208393 
-0.01818048 -0.9998299 0.003053449 0.05255294 
-0.08818772 -0.001438408 -0.996102 -0.002807333 
0 0 0 1 
0.9945077 -0.01608918 -0.1031465 0.1208393 
-0.01739296 -0.9997795 -0.01175786 0.05255294 
-0.1029317 0.01348769 -0.9945962 -0.002807333 
0 0 0 1 
0.9929217 -0.01316373 -0.1178012 0.1208393 
-0.01623396 -0.9995518 -0.02514518 0.05255294 
-0.1174141 0.02688036 -0.9927182 -0.002807333 
0 0 0 1 
0.991504 -0.009709398 -0.129497 0.1208393 
-0.01446354 -0.9992532 -0.03582566 0.05255294 
-0.1290489 0.03739535 -0.9909318 -0.002807333 
0 0 0 1 
0.990205 -0.005654899 -0.1393063 0.1208393 
-0.01215662 -0.9988735 -0.04586796 0.05255294 
-0.1388862 0.04711353 -0.9891859 -0.002807333 
0 0 0 1 
0.9887612 -0.0007373773 -0.1493145 0.1208393 
-0.009205514 -0.9983863 -0.0560319 0.05255294 
-0.1490281 0.05677833 -0.9872002 -0.002807333 
0 0 0 1 
0.9868167 0.005363248 -0.1615813 0.1208393 
-0.005562347 -0.9977312 -0.06708942 0.05255294 
-0.1615701 0.06710567 -0.9845756 -0.002807333 
0 0 0 1 
0.984135 0.01318432 -0.1767749 0.1208393 
-0.001283675 -0.9966739 -0.08148126 0.05255294 
-0.1772563 0.0804178 -0.9808722 -0.002807333 
0 0 0 1 
0.9807358 0.02261618 -0.1938834 0.1208393 
0.003412977 -0.9951003 -0.0988116 0.05255294 
-0.1951627 0.09624915 -0.9760351 -0.002807333 
0 0 0 1 
0.9765386 0.03299131 -0.2126723 0.1208393 
0.008369176 -0.9932547 -0.1156496 0.05255294 
-0.2150472 0.1111596 -0.9702548 -0.002807333 
0 0 0 1 
0.9714758 0.04350908 -0.2329977 0.1208393 
0.01356995 -0.9916054 -0.1285858 0.05255294 
-0.2366298 0.1217597 -0.9639381 -0.002807333 
0 0 0 1 
0.9658885 0.0539484 -0.2531712 0.1208393 
0.0190554 -0.9902068 -0.1383001 0.05255294 
-0.2581458 0.1287619 -0.9574843 -0.002807333 
0 0 0 1 
0.9606348 0.06377991 -0.2702966 0.1208393 
0.02428266 -0.9888347 -0.1470225 0.05255294 
-0.2766481 0.1346753 -0.9514846 -0.002807333 
0 0 0 1 
0.9565333 0.07175837 -0.2825643 0.1208393 
0.02872211 -0.9877155 -0.1535991 0.05255294 
-0.2901071 0.1388108 -0.9468704 -0.002807333 
0 0 0 1 
0.9544693 0.07662512 -0.2882099 0.1208393 
0.03187993 -0.9871068 -0.1568545 0.05255294 
-0.2965047 0.1405288 -0.9446325 -0.002807333 
0 0 0 1 
0.9540091 0.08052713 -0.2886696 0.1208393 
0.03560814 -0.9868596 -0.1576076 0.05255294 
-0.2975597 0.1400841 -0.9443669 -0.002807333 
0 0 0 1 
0.953982 0.08563434 -0.2872861 0.1208393 
0.04118126 -0.9866831 -0.1573537 0.05255294 
-0.2969269 0.1382858 -0.944831 -0.002807333 
0 0 0 1 
0.9541482 0.09072941 -0.2851619 0.1208393 
0.04721941 -0.9866413 -0.1559131 0.05255294 
-0.2954902 0.1353029 -0.9457128 -0.002807333 
0 0 0 1 
0.9542978 0.09459418 -0.2834001 0.1208393 
0.05234225 -0.98682 -0.1531209 0.05255294 
-0.2941411 0.1312929 -0.9466981 -0.002807333 
0 0 0 1 
0.9540942 0.09746947 -0.2831113 0.1208393 
0.05669598 -0.9872391 -0.1488082 0.05255294 
-0.2939947 0.1259294 -0.9474719 -0.002807333 
0 0 0 1 
0.9530156 0.1005733 -0.2856472 0.1208393 
0.06124497 -0.9877626 -0.1434348 0.05255294 
-0.2965691 0.1192046 -0.9475394 -0.002807333 
0 0 0 1 
0.9513542 0.1038339 -0.2899859 0.1208393 
0.06590977 -0.988288 -0.1376297 0.05255294 
-0.3008719 0.1118249 -0.9470824 -0.002807333 
0 0 0 1 
0.9498644 0.1068471 -0.2937513 0.1208393 
0.07057032 -0.9888067 -0.1314549 0.05255294 
-0.3045004 0.1041373 -0.9467992 -0.002807333 
0 0 0 1 
0.9493368 0.1092495 -0.294572 0.1208393 
0.07507552 -0.9893183 -0.1249489 0.05255294 
-0.3050676 0.09650628 -0.9474249 -0.002807333 
0 0 0 1 
0.950728 0.1094255 -0.289984 0.1208393 
0.0778954 -0.9899349 -0.1181535 0.05255294 
-0.2999861 0.08974598 -0.9497093 -0.002807333 
0 0 0 1 
0.9535383 0.1061957 -0.2818428 0.1208393 
0.07773492 -0.9908499 -0.110333 0.05255294 
-0.2909727 0.08330017 -0.9530952 -0.002807333 
0 0 0 1 
0.956522 0.1000599 -0.2738638 0.1208393 
0.07472406 -0.9920299 -0.1014488 0.05255294 
