<?xml version="1.0" encoding="utf-8"?>
<COLLADA xmlns:xsi="http://www.w3.org/2001/XMLSchema-instance" xmlns:xsd="http://www.w3.org/2001/XMLSchema" version="1.4.1" xmlns="http://www.collada.org/2005/11/COLLADASchema">
  <asset>
    <created>2017-06-01T10:06:21.7650191+03:00</created>
    <modified>2017-06-01T10:06:21.7650191+03:00</modified>
    <unit meter="1" name="meter" />
    <up_axis>Y_UP</up_axis>
    <contributor>
      <authoring_tool>Skele: Character Animation Tools</authoring_tool>
      <comments>https://www.assetstore.unity3d.com/en/#!/content/16899</comments>
    </contributor>
    <revision>1.0</revision>
  </asset>
  <library_animation_clips>
    <animation_clip name="KamaraTalkC" start="0" end="7.6833333969116211">
      <instance_animation url="KamaraTalkC_0" />
    </animation_clip>
  </library_animation_clips>
  <library_animations>
    <animation id="KamaraTalkC_0" name="KamaraTalkC">
      <animation id="Chest_0_0-anim" name="Chest_0_0">
        <source id="Chest_0_0-Matrix-animation-input">
          <float_array id="Chest_0_0-Matrix-animation-input-array" count="462">0
0.01666667
0.03333334
0.05
0.06666667
0.08333334
0.1
0.1166667
0.1333333
0.15
0.1666667
0.1833333
0.2
0.2166667
0.2333333
0.25
0.2666667
0.2833334
0.3
0.3166667
0.3333334
0.3500001
0.3666668
0.3833334
0.4000001
0.4166668
0.4333335
0.4500002
0.4666668
0.4833335
0.5000002
0.5166668
0.5333335
0.5500001
0.5666668
0.5833334
0.6000001
0.6166667
0.6333334
0.65
0.6666667
0.6833333
0.7
0.7166666
0.7333333
0.7499999
0.7666666
0.7833332
0.7999999
0.8166665
0.8333332
0.8499998
0.8666665
0.8833331
0.8999998
0.9166664
0.9333331
0.9499997
0.9666664
0.9833331
0.9999997
1.016666
1.033333
1.05
1.066666
1.083333
1.1
1.116666
1.133333
1.15
1.166666
1.183333
1.2
1.216666
1.233333
1.25
1.266666
1.283333
1.299999
1.316666
1.333333
1.349999
1.366666
1.383333
1.399999
1.416666
1.433333
1.449999
1.466666
1.483333
1.499999
1.516666
1.533333
1.549999
1.566666
1.583333
1.599999
1.616666
1.633332
1.649999
1.666666
1.683332
1.699999
1.716666
1.733332
1.749999
1.766666
1.783332
1.799999
1.816666
1.833332
1.849999
1.866666
1.883332
1.899999
1.916666
1.933332
1.949999
1.966666
1.983332
1.999999
2.016665
2.033332
2.049999
2.066665
2.083332
2.099999
2.116665
2.133332
2.149999
2.166665
2.183332
2.199999
2.216665
2.233332
2.249999
2.266665
2.283332
2.299999
2.316665
2.333332
2.349998
2.366665
2.383332
2.399998
2.416665
2.433332
2.449998
2.466665
2.483332
2.499998
2.516665
2.533332
2.549998
2.566665
2.583332
2.599998
2.616665
2.633332
2.649998
2.666665
2.683331
2.699998
2.716665
2.733331
2.749998
2.766665
2.783331
2.799998
2.816665
2.833331
2.849998
2.866665
2.883331
2.899998
2.916665
2.933331
2.949998
2.966665
2.983331
2.999998
3.016665
3.033331
3.049998
3.066664
3.083331
3.099998
3.116664
3.133331
3.149998
3.166664
3.183331
3.199998
3.216664
3.233331
3.249998
3.266664
3.283331
3.299998
3.316664
3.333331
3.349998
3.366664
3.383331
3.399997
3.416664
3.433331
3.449997
3.466664
3.483331
3.499997
3.516664
3.533331
3.549997
3.566664
3.583331
3.599997
3.616664
3.633331
3.649997
3.666664
3.683331
3.699997
3.716664
3.73333
3.749997
3.766664
3.78333
3.799997
3.816664
3.83333
3.849997
3.866664
3.88333
3.899997
3.916664
3.93333
3.949997
3.966664
3.98333
3.999997
4.016664
4.03333
4.049997
4.066664
4.083331
4.099998
4.116665
4.133332
4.149999
4.166666
4.183332
4.199999
4.216666
4.233333
4.25
4.266667
4.283334
4.300001
4.316668
4.333334
4.350001
4.366668
4.383335
4.400002
4.416669
4.433336
4.450003
4.46667
4.483336
4.500003
4.51667
4.533337
4.550004
4.566671
4.583338
4.600005
4.616672
4.633338
4.650005
4.666672
4.683339
4.700006
4.716673
4.73334
4.750007
4.766674
4.78334
4.800007
4.816674
4.833341
4.850008
4.866675
4.883342
4.900009
4.916676
4.933342
4.950009
4.966676
4.983343
5.00001
5.016677
5.033344
5.050011
5.066678
5.083344
5.100011
5.116678
5.133345
5.150012
5.166679
5.183346
5.200013
5.21668
5.233346
5.250013
5.26668
5.283347
5.300014
5.316681
5.333348
5.350015
5.366682
5.383348
5.400015
5.416682
5.433349
5.450016
5.466683
5.48335
5.500017
5.516684
5.53335
5.550017
5.566684
5.583351
5.600018
5.616685
5.633352
5.650019
5.666686
5.683352
5.700019
5.716686
5.733353
5.75002
5.766687
5.783354
5.800021
5.816688
5.833354
5.850021
5.866688
5.883355
5.900022
5.916689
5.933356
5.950023
5.96669
5.983356
6.000023
6.01669
6.033357
6.050024
6.066691
6.083358
6.100025
6.116692
6.133358
6.150025
6.166692
6.183359
6.200026
6.216693
6.23336
6.250027
6.266694
6.28336
6.300027
6.316694
6.333361
6.350028
6.366695
6.383362
6.400029
6.416696
6.433362
6.450029
6.466696
6.483363
6.50003
6.516697
6.533364
6.550031
6.566698
6.583364
6.600031
6.616698
6.633365
6.650032
6.666699
6.683366
6.700033
6.7167
6.733366
6.750033
6.7667
6.783367
6.800034
6.816701
6.833368
6.850035
6.866702
6.883368
6.900035
6.916702
6.933369
6.950036
6.966703
6.98337
7.000037
7.016704
7.03337
7.050037
7.066704
7.083371
7.100038
7.116705
7.133372
7.150039
7.166706
7.183372
7.200039
7.216706
7.233373
7.25004
7.266707
7.283374
7.300041
7.316708
7.333375
7.350041
7.366708
7.383375
7.400042
7.416709
7.433376
7.450043
7.46671
7.483377
7.500043
7.51671
7.533377
7.550044
7.566711
7.583378
7.600045
7.616712
7.633379
7.650045
7.666712
7.683333
</float_array>
          <technique_common>
            <accessor count="462" offset="0" source="#Chest_0_0-Matrix-animation-input-array" stride="1">
              <param name="TIME" type="float" />
            </accessor>
          </technique_common>
        </source>
        <source id="Chest_0_0-Matrix-animation-output-transform">
          <float_array id="Chest_0_0-Matrix-animation-output-transform-array" count="7392">1 0 0 -2.642279E-12 
0 0.9999821 0.005980359 0.2666135 
0 -0.005980358 0.9999821 2.243303E-10 
0 0 0 1 
0.9999997 0.0007457985 -1.136868E-13 7.341423E-09 
-0.0007457919 0.9999909 0.004197795 0.2666135 
3.13071E-06 -0.004197794 0.9999912 1.239782E-08 
0 0 0 1 
0.9999989 0.001508231 1.136868E-13 1.48395E-08 
-0.001508227 0.9999959 0.002383687 0.2666135 
3.59515E-06 -0.002383684 0.9999971 2.482659E-08 
0 0 0 1 
0.9999974 0.002286421 0 2.248347E-08 
-0.00228642 0.9999972 0.0005396943 0.2666135 
1.233968E-06 -0.0005396929 0.9999999 3.749721E-08 
0 0 0 1 
0.9999952 0.003079493 0 3.026525E-08 
-0.00307949 0.9999943 -0.001332513 0.2666135 
-4.103463E-06 0.001332506 0.9999991 5.039624E-08 
0 0 0 1 
0.9999924 0.00388657 -4.547474E-13 3.817671E-08 
-0.003886549 0.9999872 -0.00323127 0.2666135 
-1.255856E-05 0.003231246 0.9999948 6.351026E-08 
0 0 0 1 
0.9999889 0.004706776 0 4.620976E-08 
-0.004706714 0.9999756 -0.005154911 0.2666135 
-2.426301E-05 0.005154854 0.9999867 7.68258E-08 
0 0 0 1 
0.9999847 0.005539236 -1.818989E-12 5.435629E-08 
-0.005539096 0.9999594 -0.007101766 0.2666135 
-3.933836E-05 0.007101656 0.9999748 9.032945E-08 
0 0 0 1 
0.9999796 0.006383074 -1.818989E-12 6.26082E-08 
-0.006382811 0.9999384 -0.00907017 0.2666135 
-5.789557E-05 0.009069985 0.9999589 1.040078E-07 
0 0 0 1 
0.9999738 0.007237412 0 7.095737E-08 
-0.00723697 0.9999126 -0.01105845 0.2666135 
-8.003458E-05 0.01105816 0.9999388 1.178473E-07 
0 0 0 1 
0.9999672 0.008101375 0 7.93957E-08 
-0.008100684 0.9998818 -0.01306495 0.2666135 
-0.000105844 0.01306452 0.9999146 1.318347E-07 
0 0 0 1 
0.9999597 0.008974086 0 8.79151E-08 
-0.008973064 0.9998459 -0.01508798 0.2666135 
-0.0001354008 0.01508737 0.9998862 1.459564E-07 
0 0 0 1 
0.9999514 0.009854669 7.275958E-12 9.650744E-08 
-0.009853223 0.9998047 -0.01712589 0.2666135 
-0.00016877 0.01712506 0.9998533 1.60199E-07 
0 0 0 1 
0.9999423 0.01074225 7.275958E-12 1.051646E-07 
-0.01074028 0.9997584 -0.019177 0.2666135 
-0.0002060042 0.01917589 0.9998161 1.745491E-07 
0 0 0 1 
0.9999323 0.01163595 0 1.138786E-07 
-0.01163332 0.9997067 -0.02123965 0.2666135 
-0.0002471435 0.02123821 0.9997744 1.889933E-07 
0 0 0 1 
0.9999214 0.01253489 0 1.226411E-07 
-0.01253148 0.9996496 -0.02331217 0.2666135 
-0.0002922154 0.02331033 0.9997283 2.035181E-07 
0 0 0 1 
0.9999097 0.0134382 0 1.314442E-07 
-0.01343387 0.9995872 -0.02539287 0.2666135 
-0.0003412345 0.02539058 0.9996775 2.1811E-07 
0 0 0 1 
0.9998971 0.014345 0 1.402798E-07 
-0.01433958 0.9995194 -0.02748011 0.2666135 
-0.0003942022 0.02747728 0.9996223 2.327558E-07 
0 0 0 1 
0.9998837 0.01525441 0 1.491396E-07 
-0.01524774 0.9994463 -0.0295722 0.2666135 
-0.0004511066 0.02956875 0.9995626 2.474418E-07 
0 0 0 1 
0.9998693 0.01616556 0 1.580156E-07 
-0.01615746 0.9993678 -0.03166748 0.2666135 
-0.0005119227 0.03166334 0.9994985 2.621547E-07 
0 0 0 1 
0.9998541 0.01707758 0 1.668998E-07 
-0.01706785 0.999284 -0.03376428 0.2666135 
-0.0005766124 0.03375936 0.9994298 2.768811E-07 
0 0 0 1 
0.9998382 0.01798959 -2.910383E-11 1.75784E-07 
-0.01797802 0.999195 -0.03586094 0.2666135 
-0.0006451234 0.03585513 0.9993568 2.916074E-07 
0 0 0 1 
0.9998214 0.01890069 -2.910383E-11 1.8466E-07 
-0.01888708 0.9991009 -0.03795577 0.2666135 
-0.0007173905 0.03794899 0.9992794 3.063203E-07 
0 0 0 1 
0.9998038 0.01981004 -2.910383E-11 1.935198E-07 
-0.01979415 0.9990017 -0.04004712 0.2666135 
-0.000793335 0.04003926 0.9991978 3.210063E-07 
0 0 0 1 
0.9997854 0.02071673 2.910383E-11 2.023554E-07 
-0.02069834 0.9988975 -0.04213332 0.2666135 
-0.0008728648 0.04212427 0.999112 3.35652E-07 
0 0 0 1 
0.9997663 0.02161992 -2.910383E-11 2.111585E-07 
-0.02159878 0.9987886 -0.04421271 0.2666135 
-0.0009558752 0.04420237 0.9990221 3.50244E-07 
0 0 0 1 
0.9997464 0.02251871 0 2.19921E-07 
-0.02249458 0.998675 -0.04628361 0.2666135 
-0.001042247 0.04627188 0.9989284 3.647688E-07 
0 0 0 1 
0.9997259 0.02341223 -5.820766E-11 2.28635E-07 
-0.02338485 0.9985569 -0.04834437 0.2666135 
-0.001131849 0.04833112 0.9988307 3.79213E-07 
0 0 0 1 
0.9997047 0.0242996 -5.820766E-11 2.372922E-07 
-0.02426873 0.9984345 -0.05039332 0.2666135 
-0.001224538 0.05037844 0.9987295 3.935631E-07 
0 0 0 1 
0.999683 0.02517996 0 2.458845E-07 
-0.02514533 0.998308 -0.0524288 0.2666135 
-0.001320155 0.05241218 0.9986247 4.078057E-07 
0 0 0 1 
0.9996606 0.02605241 0 2.544039E-07 
-0.02601376 0.9981776 -0.05444914 0.2666135 
-0.001418532 0.05443066 0.9985166 4.219274E-07 
0 0 0 1 
0.9996377 0.0269161 0 2.628422E-07 
-0.02687318 0.9980435 -0.0564527 0.2666135 
-0.001519487 0.05643224 0.9984053 4.359148E-07 
0 0 0 1 
0.9996144 0.02777013 -5.820766E-11 2.711914E-07 
-0.02772268 0.997906 -0.05843779 0.2666135 
-0.001622825 0.05841525 0.9982911 4.497543E-07 
0 0 0 1 
0.9995905 0.02861365 -5.820766E-11 2.794433E-07 
-0.02856141 0.9977653 -0.06040278 0.2666135 
-0.001728344 0.06037805 0.9981741 4.634326E-07 
0 0 0 1 
0.9995664 0.02944577 0 2.875898E-07 
-0.02938849 0.9976218 -0.06234601 0.2666135 
-0.001835826 0.06231897 0.9980546 4.769362E-07 
0 0 0 1 
0.9995419 0.03026562 -5.820766E-11 2.956229E-07 
-0.03020306 0.9974756 -0.06426581 0.2666135 
-0.001945045 0.06423636 0.9979328 4.902518E-07 
0 0 0 1 
0.9995171 0.03107232 -1.164153E-10 3.035343E-07 
-0.03100424 0.9973271 -0.06616051 0.2666135 
-0.002055761 0.06612856 0.997809 5.033658E-07 
0 0 0 1 
0.9994922 0.031865 0 3.113161E-07 
-0.03179118 0.9971767 -0.06802849 0.2666135 
-0.002167728 0.06799395 0.9976834 5.162648E-07 
0 0 0 1 
0.9994671 0.03264279 0 3.189601E-07 
-0.03256302 0.9970245 -0.0698681 0.2666135 
-0.00228069 0.06983086 0.9975562 5.289353E-07 
0 0 0 1 
0.9994419 0.0334048 0 3.264581E-07 
-0.03331888 0.9968711 -0.07167768 0.2666135 
-0.002394378 0.07163766 0.9974278 5.413641E-07 
0 0 0 1 
0.9994167 0.03415018 -1.164153E-10 3.338022E-07 
-0.03405792 0.9967167 -0.07345555 0.2666135 
-0.00250852 0.0734127 0.9972985 5.535376E-07 
0 0 0 1 
0.9993916 0.03487803 0 3.409841E-07 
-0.03477927 0.9965617 -0.0752001 0.2666135 
-0.002622831 0.07515435 0.9971685 5.654423E-07 
0 0 0 1 
0.9993666 0.03558749 1.164153E-10 3.479959E-07 
-0.03548209 0.9964064 -0.07690967 0.2666135 
-0.002737022 0.07686095 0.9970381 5.77065E-07 
0 0 0 1 
0.9993417 0.03627769 -2.328306E-10 3.548293E-07 
-0.03616551 0.9962513 -0.07858264 0.2666135 
-0.002850797 0.07853091 0.9969076 5.88392E-07 
0 0 0 1 
0.9993172 0.03694774 -1.164153E-10 3.614763E-07 
-0.03682867 0.9960967 -0.08021731 0.2666135 
-0.002963848 0.08016253 0.9967774 5.9941E-07 
0 0 0 1 
0.999293 0.03759679 -1.164153E-10 3.679287E-07 
-0.03747076 0.9959431 -0.08181208 0.2666135 
-0.003075872 0.08175422 0.9966478 6.101055E-07 
0 0 0 1 
0.9992692 0.03822395 0 3.741785E-07 
-0.0380909 0.9957907 -0.08336528 0.2666135 
-0.003186551 0.08330435 0.996519 6.204651E-07 
0 0 0 1 
0.9992459 0.03882834 1.164153E-10 3.802175E-07 
-0.03868823 0.9956402 -0.08487529 0.2666135 
-0.003295567 0.08481128 0.9963916 6.304754E-07 
0 0 0 1 
0.9992232 0.0394091 -1.164153E-10 3.860377E-07 
-0.03926194 0.9954917 -0.08634046 0.2666135 
-0.0034026 0.08627338 0.9962657 6.401229E-07 
0 0 0 1 
0.9992011 0.03996536 -2.328306E-10 3.916309E-07 
-0.03981116 0.9953458 -0.08775915 0.2666135 
-0.003507326 0.08768903 0.9961417 6.493942E-07 
0 0 0 1 
0.9991797 0.04049624 -1.164153E-10 3.969891E-07 
-0.04033506 0.9952029 -0.08912973 0.2666135 
-0.003609419 0.0890566 0.99602 6.582759E-07 
0 0 0 1 
0.9991591 0.04100086 0 4.021041E-07 
-0.0408328 0.9950634 -0.09045055 0.2666135 
-0.00370855 0.09037448 0.9959009 6.667544E-07 
0 0 0 1 
0.9991394 0.04147835 1.164153E-10 4.069678E-07 
-0.04130351 0.9949278 -0.09171997 0.2666135 
-0.003804393 0.09164103 0.9957848 6.748165E-07 
0 0 0 1 
0.9991207 0.04192785 -2.328306E-10 4.115721E-07 
-0.04174639 0.9947965 -0.09293638 0.2666135 
-0.003896622 0.09285466 0.995672 6.824486E-07 
0 0 0 1 
0.9991029 0.04234847 0 4.15909E-07 
-0.04216057 0.9946697 -0.09409811 0.2666135 
-0.003984911 0.09401369 0.9955629 6.896374E-07 
0 0 0 1 
0.9990863 0.04273935 0 4.199702E-07 
-0.04254522 0.9945482 -0.09520356 0.2666135 
-0.004068938 0.09511656 0.9954578 6.963693E-07 
0 0 0 1 
0.9990708 0.0430996 0 4.237478E-07 
-0.04289949 0.9944322 -0.09625106 0.2666135 
-0.004148382 0.09616161 0.9953571 7.026309E-07 
0 0 0 1 
0.9990565 0.04342835 2.328306E-10 4.272335E-07 
-0.04322255 0.994322 -0.09723897 0.2666135 
-0.004222929 0.09714722 0.9952611 7.084089E-07 
0 0 0 1 
0.9990436 0.04372475 2.328306E-10 4.304194E-07 
-0.04351357 0.9942182 -0.09816571 0.2666135 
-0.004292272 0.09807183 0.9951701 7.136898E-07 
0 0 0 1 
0.9990321 0.04398791 0 4.332972E-07 
-0.04377169 0.9941213 -0.0990296 0.2666135 
-0.004356106 0.09893373 0.9950845 7.1846E-07 
0 0 0 1 
0.9990219 0.04421695 0 4.358589E-07 
-0.04399607 0.9940314 -0.09982899 0.2666135 
-0.004414133 0.09973135 0.9950046 7.227063E-07 
0 0 0 1 
0.9990132 0.04441428 0 4.381806E-07 
-0.04418908 0.9939476 -0.1005749 0.2666135 
-0.004466964 0.1004757 0.9949295 7.265548E-07 
0 0 0 1 
0.9990057 0.04458328 0 4.403451E-07 
-0.04435404 0.9938687 -0.1012799 0.2666135 
-0.004515392 0.1011792 0.994858 7.301426E-07 
0 0 0 1 
0.9989994 0.04472454 0 4.423541E-07 
-0.04449153 0.9937946 -0.1019447 0.2666135 
-0.004559428 0.1018426 0.9947901 7.334728E-07 
0 0 0 1 
0.9989942 0.04483866 0 4.442094E-07 
-0.04460217 0.9937253 -0.1025697 0.2666135 
-0.004599087 0.1024665 0.9947258 7.365481E-07 
0 0 0 1 
0.9989903 0.04492622 2.328306E-10 4.459128E-07 
-0.04468655 0.9936609 -0.1031557 0.2666135 
-0.004634396 0.1030515 0.9946652 7.393717E-07 
0 0 0 1 
0.9989876 0.04498782 2.328306E-10 4.474659E-07 
-0.04474526 0.9936012 -0.1037033 0.2666135 
-0.004665386 0.1035983 0.9946083 7.419462E-07 
0 0 0 1 
0.9989859 0.04502405 2.328306E-10 4.488707E-07 
-0.04477889 0.9935464 -0.1042132 0.2666135 
-0.004692099 0.1041075 0.994555 7.442748E-07 
0 0 0 1 
0.9989854 0.04503551 0 4.501288E-07 
-0.04478806 0.9934962 -0.1046859 0.2666135 
-0.004714583 0.1045797 0.9945053 7.463602E-07 
0 0 0 1 
0.9989859 0.0450228 -2.328306E-10 4.51242E-07 
-0.04477334 0.9934508 -0.1051221 0.2666135 
-0.004732891 0.1050155 0.9944593 7.482055E-07 
0 0 0 1 
0.9989876 0.04498649 2.328306E-10 4.522122E-07 
-0.04473533 0.9934101 -0.1055225 0.2666135 
-0.004747086 0.1054156 0.9944169 7.498135E-07 
0 0 0 1 
0.9989902 0.04492719 0 4.530409E-07 
-0.04467461 0.993374 -0.1058876 0.2666135 
-0.004757232 0.1057807 0.9943781 7.511872E-07 
0 0 0 1 
0.9989939 0.04484548 0 4.5373E-07 
-0.04459178 0.9933424 -0.1062181 0.2666135 
-0.004763403 0.1061113 0.9943429 7.523295E-07 
0 0 0 1 
0.9989986 0.04474197 0 4.542813E-07 
-0.04448744 0.9933153 -0.1065147 0.2666135 
-0.004765678 0.106408 0.9943112 7.532433E-07 
0 0 0 1 
0.9990042 0.04461722 0 4.546965E-07 
-0.04436215 0.9932927 -0.1067779 0.2666135 
-0.004764135 0.1066716 0.9942829 7.539316E-07 
0 0 0 1 
0.9990106 0.04447186 0 4.549775E-07 
-0.0442165 0.9932744 -0.1070084 0.2666135 
-0.004758864 0.1069026 0.9942581 7.543972E-07 
0 0 0 1 
0.999018 0.04430646 0 4.551258E-07 
-0.04405111 0.9932603 -0.1072069 0.2666135 
-0.004749958 0.1071016 0.9942367 7.546432E-07 
0 0 0 1 
0.9990262 0.04412161 0 4.551434E-07 
-0.04386653 0.9932504 -0.1073739 0.2666135 
-0.00473751 0.1072693 0.9942187 7.546723E-07 
0 0 0 1 
0.9990351 0.04391793 2.328306E-10 4.550319E-07 
-0.04366338 0.9932446 -0.1075101 0.2666135 
-0.00472162 0.1074063 0.994204 7.544876E-07 
0 0 0 1 
0.9990449 0.04369598 0 4.547933E-07 
-0.04344222 0.9932429 -0.1076161 0.2666135 
-0.00470239 0.1075133 0.9941925 7.540919E-07 
0 0 0 1 
0.9990553 0.04345637 0 4.544291E-07 
-0.04320364 0.993245 -0.1076925 0.2666135 
-0.004679925 0.1075908 0.9941843 7.534882E-07 
0 0 0 1 
0.9990665 0.04319968 0 4.539411E-07 
-0.04294822 0.993251 -0.10774 0.2666135 
-0.004654333 0.1076394 0.9941791 7.526795E-07 
0 0 0 1 
0.9990782 0.04292651 2.328306E-10 4.533313E-07 
-0.04267655 0.9932606 -0.1077592 0.2666135 
-0.004625725 0.1076598 0.994177 7.516686E-07 
0 0 0 1 
0.9990906 0.04263745 0 4.526012E-07 
-0.04238921 0.9932738 -0.1077507 0.2666135 
-0.004594215 0.1076527 0.9941779 7.504584E-07 
0 0 0 1 
0.9991035 0.04233309 0 4.517527E-07 
-0.04208679 0.9932905 -0.1077152 0.2666135 
-0.004559916 0.1076186 0.9941818 7.490518E-07 
0 0 0 1 
0.999117 0.04201404 0 4.507875E-07 
-0.04176987 0.9933106 -0.1076532 0.2666135 
-0.004522946 0.1075581 0.9941885 7.47452E-07 
0 0 0 1 
0.999131 0.04168086 0 4.497074E-07 
-0.04143903 0.9933339 -0.1075654 0.2666135 
-0.00448342 0.107472 0.994198 7.456616E-07 
0 0 0 1 
0.9991454 0.04133417 -2.328306E-10 4.485141E-07 
-0.04109485 0.9933605 -0.1074525 0.2666135 
-0.004441461 0.1073607 0.9942102 7.436836E-07 
0 0 0 1 
0.9991602 0.04097454 0 4.472094E-07 
-0.04073792 0.99339 -0.107315 0.2666135 
-0.004397184 0.1072249 0.9942251 7.41521E-07 
0 0 0 1 
0.9991754 0.04060258 -2.328306E-10 4.457952E-07 
-0.04036882 0.9934225 -0.1071537 0.2666135 
-0.004350716 0.1070653 0.9942425 7.391768E-07 
0 0 0 1 
0.9991909 0.04021887 0 4.442731E-07 
-0.03998811 0.9934579 -0.106969 0.2666135 
-0.004302172 0.1068824 0.9942623 7.366537E-07 
0 0 0 1 
0.9992067 0.03982402 0 4.426448E-07 
-0.03959642 0.9934958 -0.1067616 0.2666135 
-0.004251678 0.1066769 0.9942846 7.339548E-07 
0 0 0 1 
0.9992228 0.0394186 2.328306E-10 4.409123E-07 
-0.03919428 0.9935364 -0.1065323 0.2666135 
-0.004199353 0.1064494 0.9943092 7.310829E-07 
0 0 0 1 
0.9992391 0.03900322 0 4.390772E-07 
-0.03878231 0.9935794 -0.1062815 0.2666135 
-0.00414532 0.1062006 0.9943361 7.28041E-07 
0 0 0 1 
0.9992556 0.03857847 0 4.371413E-07 
-0.03836109 0.9936248 -0.1060099 0.2666135 
-0.0040897 0.105931 0.9943651 7.24832E-07 
0 0 0 1 
0.9992722 0.03814493 0 4.351063E-07 
-0.03793117 0.9936724 -0.1057181 0.2666135 
-0.004032611 0.1056412 0.9943962 7.214589E-07 
0 0 0 1 
0.999289 0.03770319 2.328306E-10 4.32974E-07 
-0.03749316 0.9937221 -0.1054069 0.2666135 
-0.003974176 0.1053319 0.9944292 7.179245E-07 
0 0 0 1 
0.9993058 0.03725386 -2.328306E-10 4.307463E-07 
-0.03704764 0.9937738 -0.1050767 0.2666135 
-0.003914512 0.1050037 0.9944641 7.142318E-07 
0 0 0 1 
0.9993227 0.03679753 0 4.284248E-07 
-0.03659518 0.9938273 -0.1047282 0.2666135 
-0.003853739 0.1046572 0.9945009 7.103837E-07 
0 0 0 1 
0.9993397 0.03633479 0 4.260113E-07 
-0.03613639 0.9938826 -0.1043621 0.2666135 
-0.003791974 0.1042931 0.9945394 7.063831E-07 
0 0 0 1 
0.9993566 0.03586622 1.164153E-10 4.235076E-07 
-0.03567182 0.9939395 -0.1039789 0.2666135 
-0.003729331 0.103912 0.9945795 7.02233E-07 
0 0 0 1 
0.9993735 0.03539243 1.164153E-10 4.209154E-07 
-0.03520207 0.993998 -0.1035793 0.2666135 
-0.003665925 0.1035144 0.9946212 6.979362E-07 
0 0 0 1 
0.9993903 0.03491401 0 4.182365E-07 
-0.03472772 0.9940579 -0.103164 0.2666135 
-0.003601867 0.1031011 0.9946644 6.934957E-07 
0 0 0 1 
0.9994071 0.03443154 0 4.154728E-07 
-0.03424936 0.994119 -0.1027334 0.2666135 
-0.003537271 0.1026725 0.9947089 6.889145E-07 
0 0 0 1 
0.9994237 0.03394562 -1.164153E-10 4.126258E-07 
-0.03376757 0.9941815 -0.1022884 0.2666135 
-0.003472244 0.1022295 0.9947548 6.841954E-07 
0 0 0 1 
0.9994401 0.03345685 -1.164153E-10 4.096974E-07 
-0.03328294 0.9942449 -0.1018295 0.2666135 
-0.003406893 0.1017724 0.9948019 6.793413E-07 
0 0 0 1 
0.9994565 0.03296581 0 4.066894E-07 
-0.03279604 0.9943093 -0.1013572 0.2666135 
-0.003341323 0.1013021 0.9948501 6.743552E-07 
0 0 0 1 
0.9994726 0.03247311 0 4.036035E-07 
-0.03230748 0.9943746 -0.1008724 0.2666135 
-0.003275639 0.1008192 0.9948994 6.6924E-07 
0 0 0 1 
0.9994885 0.03197932 1.164153E-10 4.004415E-07 
-0.03181782 0.9944407 -0.1003755 0.2666135 
-0.003209939 0.1003241 0.9949496 6.639987E-07 
0 0 0 1 
0.9995042 0.03148505 1.164153E-10 3.972051E-07 
-0.03132766 0.9945074 -0.09986716 0.2666135 
-0.003144323 0.09981763 0.9950008 6.586341E-07 
0 0 0 1 
0.9995196 0.0309909 -2.328306E-10 3.938961E-07 
-0.03083758 0.9945747 -0.09934809 0.2666135 
-0.003078886 0.09930037 0.9950528 6.531492E-07 
0 0 0 1 
0.9995348 0.03049744 0 3.905164E-07 
-0.03034817 0.9946425 -0.09881887 0.2666135 
-0.003013723 0.09877289 0.9951054 6.475469E-07 
0 0 0 1 
0.9995497 0.03000527 -1.164153E-10 3.870675E-07 
-0.02986002 0.9947106 -0.09828011 0.2666135 
-0.002948922 0.09823585 0.9951588 6.418301E-07 
0 0 0 1 
0.9995643 0.029515 0 3.835514E-07 
-0.02937371 0.9947791 -0.09773246 0.2666135 
-0.002884574 0.09768988 0.9952127 6.360018E-07 
0 0 0 1 
0.9995786 0.02902721 0 3.799697E-07 
-0.02888983 0.9948477 -0.09717655 0.2666135 
-0.002820764 0.0971356 0.9952672 6.300648E-07 
0 0 0 1 
0.9995926 0.02854249 0 3.763242E-07 
-0.02840897 0.9949164 -0.09661301 0.2666135 
-0.002757576 0.09657364 0.995322 6.240222E-07 
0 0 0 1 
0.9996062 0.02806144 -1.164153E-10 3.726168E-07 
-0.02793172 0.9949852 -0.09604243 0.2666135 
-0.002695089 0.09600461 0.9953772 6.178767E-07 
0 0 0 1 
0.9996195 0.02758465 0 3.688491E-07 
-0.02745866 0.9950539 -0.09546551 0.2666135 
-0.002633383 0.09542917 0.9954327 6.116314E-07 
0 0 0 1 
0.9996324 0.02711271 1.164153E-10 3.650229E-07 
-0.02699039 0.9951224 -0.09488279 0.2666135 
-0.00257253 0.0948479 0.9954885 6.052891E-07 
0 0 0 1 
0.9996449 0.02664622 0 3.6114E-07 
-0.0265275 0.9951907 -0.09429496 0.2666135 
-0.002512604 0.09426147 0.9955443 5.988528E-07 
0 0 0 1 
0.9996571 0.02618578 0 3.572022E-07 
-0.02607057 0.9952587 -0.0937026 0.2666135 
-0.002453675 0.09367047 0.9956002 5.923254E-07 
0 0 0 1 
0.9996689 0.02573196 0 3.532111E-07 
-0.02562018 0.9953264 -0.09310638 0.2666135 
-0.00239581 0.09307554 0.9956562 5.857099E-07 
0 0 0 1 
0.9996803 0.02528537 -2.328306E-10 3.491687E-07 
-0.02517695 0.9953936 -0.09250692 0.2666135 
-0.002339072 0.09247734 0.995712 5.790092E-07 
0 0 0 1 
0.9996912 0.02484661 0 3.450765E-07 
-0.02474146 0.9954603 -0.09190484 0.2666135 
-0.002283524 0.09187646 0.9957678 5.72226E-07 
0 0 0 1 
0.9997019 0.02441625 0 3.409365E-07 
-0.02431428 0.9955264 -0.09130075 0.2666135 
-0.002229222 0.09127352 0.9958234 5.653636E-07 
0 0 0 1 
0.9997121 0.02399492 -1.164153E-10 3.367503E-07 
-0.02389603 0.9955919 -0.09069531 0.2666135 
-0.002176227 0.09066919 0.9958787 5.584245E-07 
0 0 0 1 
0.9997219 0.02358318 0 3.325198E-07 
-0.02348728 0.9956567 -0.09008913 0.2666135 
-0.002124588 0.09006408 0.9959337 5.514121E-07 
0 0 0 1 
0.9997312 0.02318162 0 3.282466E-07 
-0.02308863 0.9957206 -0.08948284 0.2666135 
-0.002074358 0.08945878 0.9959884 5.443289E-07 
0 0 0 1 
0.9997402 0.02279086 0 3.239326E-07 
-0.02270067 0.9957838 -0.08887708 0.2666135 
-0.002025586 0.08885399 0.9960426 5.37178E-07 
0 0 0 1 
0.9997488 0.02241149 0 3.195796E-07 
-0.022324 0.9958461 -0.08827248 0.2666135 
-0.001978318 0.0882503 0.9960964 5.299624E-07 
0 0 0 1 
0.999757 0.02204408 -5.820766E-11 3.151891E-07 
-0.0219592 0.9959075 -0.08766965 0.2666135 
-0.001932597 0.08764833 0.9961496 5.226849E-07 
0 0 0 1 
0.9997647 0.02168925 0 3.107631E-07 
-0.02160688 0.9959679 -0.08706922 0.2666135 
-0.001888466 0.08704872 0.9962023 5.153485E-07 
0 0 0 1 
0.9997721 0.02134757 0 3.063034E-07 
-0.02126761 0.9960272 -0.08647183 0.2666135 
-0.001845964 0.08645213 0.9962543 5.07956E-07 
0 0 0 1 
0.999779 0.02101965 0 3.018116E-07 
-0.020942 0.9960855 -0.08587813 0.2666135 
-0.001805129 0.08585915 0.9963056 5.005104E-07 
0 0 0 1 
0.9997856 0.02070608 5.820766E-11 2.972896E-07 
-0.02063064 0.9961426 -0.0852887 0.2666135 
-0.001765995 0.08527041 0.9963563 4.930147E-07 
0 0 0 1 
0.9997917 0.02040746 0 2.927391E-07 
-0.02033412 0.9961986 -0.08470422 0.2666135 
-0.001728598 0.08468657 0.9964061 4.854718E-07 
0 0 0 1 
0.9997975 0.02012436 5.820766E-11 2.881618E-07 
-0.02005303 0.9962533 -0.08412529 0.2666135 
-0.001692968 0.08410825 0.9964552 4.778844E-07 
0 0 0 1 
0.9998028 0.01985741 5.820766E-11 2.835595E-07 
-0.01978797 0.9963068 -0.08355255 0.2666135 
-0.001659137 0.08353607 0.9965034 4.702558E-07 
0 0 0 1 
0.9998078 0.01960716 5.820766E-11 2.78934E-07 
-0.01953954 0.9963591 -0.08298661 0.2666135 
-0.001627132 0.08297064 0.9965507 4.625886E-07 
0 0 0 1 
0.9998123 0.01937424 0 2.742871E-07 
-0.01930831 0.9964099 -0.08242814 0.2666135 
-0.001596983 0.08241267 0.996597 4.548859E-07 
0 0 0 1 
0.9998164 0.01915922 0 2.696205E-07 
-0.01909489 0.9964594 -0.08187772 0.2666135 
-0.001568713 0.08186268 0.9966424 4.471506E-07 
0 0 0 1 
0.9998202 0.01895903 0 2.64936E-07 
-0.01889623 0.9965085 -0.08132394 0.2666135 
-0.001541823 0.08130931 0.9966877 4.393855E-07 
0 0 0 1 
0.9998238 0.01876994 5.820766E-11 2.602353E-07 
-0.01870864 0.9965583 -0.08075505 0.2666135 
-0.001515768 0.08074082 0.996734 4.315937E-07 
0 0 0 1 
0.9998271 0.01859162 -5.820766E-11 2.555203E-07 
-0.01853178 0.9966087 -0.08017134 0.2666135 
-0.001490515 0.08015747 0.9967811 4.23778E-07 
0 0 0 1 
0.9998302 0.01842372 0 2.507925E-07 
-0.0183653 0.9966598 -0.07957308 0.2666135 
-0.001466032 0.07955957 0.996829 4.159414E-07 
0 0 0 1 
0.9998332 0.01826588 5.820766E-11 2.46054E-07 
-0.01820885 0.9967114 -0.07896052 0.2666135 
-0.001442284 0.07894734 0.9968777 4.080867E-07 
0 0 0 1 
0.9998358 0.01811777 -5.820766E-11 2.413063E-07 
-0.0180621 0.9967635 -0.07833396 0.2666135 
-0.001419237 0.07832109 0.9969272 4.002171E-07 
0 0 0 1 
0.9998384 0.01797903 0 2.365513E-07 
-0.01792469 0.9968161 -0.07769361 0.2666135 
-0.001396856 0.07768104 0.9969773 3.923351E-07 
0 0 0 1 
0.9998407 0.01784933 0 2.317907E-07 
-0.01779628 0.9968691 -0.0770398 0.2666135 
-0.001375109 0.07702751 0.997028 3.84444E-07 
0 0 0 1 
0.9998428 0.0177283 -5.820766E-11 2.270262E-07 
-0.01767652 0.9969226 -0.07637275 0.2666135 
-0.001353959 0.07636075 0.9970793 3.765465E-07 
0 0 0 1 
0.9998448 0.01761561 -5.820766E-11 2.222598E-07 
-0.01756508 0.9969764 -0.07569275 0.2666135 
-0.001333374 0.075681 0.9971312 3.686457E-07 
0 0 0 1 
0.9998467 0.01751091 -5.820766E-11 2.174931E-07 
-0.0174616 0.9970306 -0.07500007 0.2666135 
-0.00131332 0.07498856 0.9971835 3.607444E-07 
0 0 0 1 
0.9998484 0.01741386 -1.164153E-10 2.127278E-07 
-0.01736574 0.997085 -0.07429498 0.2666135 
-0.001293762 0.0742837 0.9972363 3.528455E-07 
0 0 0 1 
0.9998499 0.0173241 -1.164153E-10 2.079658E-07 
-0.01727715 0.9971398 -0.07357773 0.2666135 
-0.001274668 0.07356668 0.9972895 3.44952E-07 
0 0 0 1 
0.9998513 0.01724129 0 2.032087E-07 
-0.01719548 0.9971947 -0.07284861 0.2666135 
-0.001256004 0.07283777 0.997343 3.370667E-07 
0 0 0 1 
0.9998527 0.01716509 -5.820766E-11 1.984584E-07 
-0.01712041 0.9972498 -0.07210787 0.2666135 
-0.001237738 0.07209724 0.9973968 3.291928E-07 
0 0 0 1 
0.9998538 0.01709513 -1.164153E-10 1.937167E-07 
-0.01705156 0.9973051 -0.0713558 0.2666135 
-0.001219837 0.07134536 0.9974509 3.213328E-07 
0 0 0 1 
0.999855 0.01703109 0 1.889853E-07 
-0.0169886 0.9973605 -0.07059263 0.2666135 
-0.001202269 0.07058238 0.9975052 3.134901E-07 
0 0 0 1 
0.9998559 0.01697261 5.820766E-11 1.842659E-07 
-0.01693119 0.997416 -0.06981865 0.2666135 
-0.001185005 0.06980859 0.9975597 3.056673E-07 
0 0 0 1 
0.9998568 0.01691935 5.820766E-11 1.795603E-07 
-0.01687899 0.9974715 -0.06903416 0.2666135 
-0.001168013 0.06902427 0.9976143 2.978674E-07 
0 0 0 1 
0.9998577 0.01687096 -5.820766E-11 1.748704E-07 
-0.01683163 0.9975269 -0.06823939 0.2666135 
-0.001151264 0.06822967 0.997669 2.900933E-07 
0 0 0 1 
0.9998584 0.01682709 5.820766E-11 1.701978E-07 
-0.01678879 0.9975824 -0.0674346 0.2666135 
-0.001134728 0.06742504 0.9977237 2.82348E-07 
0 0 0 1 
0.9998591 0.0167874 0 1.655443E-07 
-0.0167501 0.9976377 -0.0666201 0.2666135 
-0.001118378 0.0666107 0.9977784 2.746343E-07 
0 0 0 1 
0.9998597 0.01675153 -5.820766E-11 1.609116E-07 
-0.01671523 0.997693 -0.06579612 0.2666135 
-0.001102186 0.06578688 0.9978331 2.669553E-07 
0 0 0 1 
0.9998602 0.01671915 -5.820766E-11 1.563016E-07 
-0.01668383 0.9977481 -0.06496292 0.2666135 
-0.001086125 0.06495384 0.9978877 2.593138E-07 
0 0 0 1 
0.9998607 0.0166899 0 1.517161E-07 
-0.01665556 0.9978031 -0.06412084 0.2666135 
-0.001070171 0.0641119 0.9979421 2.517127E-07 
0 0 0 1 
0.9998612 0.01666345 -5.820766E-11 1.471566E-07 
-0.01663006 0.9978578 -0.06327008 0.2666135 
-0.001054298 0.06326129 0.9979964 2.441551E-07 
0 0 0 1 
0.9998615 0.01663943 -5.820766E-11 1.426251E-07 
-0.01660699 0.9979123 -0.06241092 0.2666135 
-0.001038482 0.06240227 0.9980505 2.366436E-07 
0 0 0 1 
0.9998619 0.01661751 0 1.381233E-07 
-0.01658601 0.9979665 -0.06154365 0.2666135 
-0.001022702 0.06153515 0.9981044 2.291815E-07 
0 0 0 1 
0.9998623 0.01659734 -5.820766E-11 1.33653E-07 
-0.01656677 0.9980204 -0.06066852 0.2666135 
-0.001006936 0.06066016 0.998158 2.217714E-07 
0 0 0 1 
0.9998626 0.01657857 0 1.292159E-07 
-0.01654892 0.998074 -0.05978581 0.2666135 
-0.0009911635 0.05977759 0.9982112 2.144164E-07 
0 0 0 1 
0.9998628 0.01656086 -2.910383E-11 1.248137E-07 
-0.01653211 0.9981272 -0.05889579 0.2666135 
-0.0009753648 0.05888771 0.9982641 2.071195E-07 
0 0 0 1 
0.9998631 0.01654386 0 1.204482E-07 
-0.01651601 0.99818 -0.05799872 0.2666135 
-0.0009595227 0.05799079 0.9983166 1.998835E-07 
0 0 0 1 
0.9998634 0.01652721 0 1.161214E-07 
-0.01650025 0.9982324 -0.05709488 0.2666135 
-0.0009436191 0.05708707 0.9983687 1.927113E-07 
0 0 0 1 
0.9998637 0.01651059 -5.820766E-11 1.118348E-07 
-0.01648451 0.9982842 -0.05618454 0.2666135 
-0.0009276397 0.05617688 0.9984204 1.856057E-07 
0 0 0 1 
0.999864 0.01649363 -5.820766E-11 1.075902E-07 
-0.01646842 0.9983357 -0.05526796 0.2666135 
-0.0009115692 0.05526044 0.9984716 1.7857E-07 
0 0 0 1 
0.9998643 0.01647599 -2.910383E-11 1.033894E-07 
-0.01645164 0.9983866 -0.05434541 0.2666135 
-0.0008953945 0.05433803 0.9985222 1.716068E-07 
0 0 0 1 
0.9998646 0.01645733 0 9.923417E-08 
-0.01643384 0.998437 -0.05341716 0.2666135 
-0.0008791039 0.05340993 0.9985723 1.647192E-07 
0 0 0 1 
0.9998649 0.0164373 -5.820766E-11 9.51263E-08 
-0.01641464 0.9984868 -0.05248351 0.2666135 
-0.000862687 0.05247641 0.9986218 1.579098E-07 
0 0 0 1 
0.9998652 0.01641555 -2.910383E-11 9.106751E-08 
-0.01639372 0.9985361 -0.05154468 0.2666135 
-0.000846134 0.05153773 0.9986707 1.51182E-07 
0 0 0 1 
0.9998657 0.01639173 -2.910383E-11 8.705948E-08 
-0.01637073 0.9985847 -0.05060096 0.2666135 
-0.0008294374 0.05059417 0.998719 1.445385E-07 
0 0 0 1 
0.9998661 0.0163655 2.910383E-11 8.310414E-08 
-0.01634532 0.9986327 -0.04965264 0.2666135 
-0.0008125904 0.04964598 0.9987665 1.379821E-07 
0 0 0 1 
0.9998665 0.01633651 0 7.92032E-08 
-0.01631713 0.9986801 -0.04869997 0.2666135 
-0.0007955875 0.04869347 0.9988135 1.315159E-07 
0 0 0 1 
0.9998671 0.01630442 -5.820766E-11 7.53584E-08 
-0.01628583 0.9987268 -0.04774322 0.2666135 
-0.0007784257 0.04773687 0.9988596 1.251429E-07 
0 0 0 1 
0.9998677 0.01626888 0 7.157149E-08 
-0.01625107 0.9987729 -0.04678267 0.2666135 
-0.0007611017 0.04677647 0.9989051 1.188658E-07 
0 0 0 1 
0.9998683 0.01622953 0 6.78443E-08 
-0.01621249 0.9988182 -0.04581858 0.2666135 
-0.0007436142 0.04581254 0.9989498 1.126874E-07 
0 0 0 1 
0.999869 0.01618605 -2.910383E-11 6.417852E-08 
-0.01616976 0.9988627 -0.04485124 0.2666135 
-0.0007259643 0.04484535 0.9989937 1.066111E-07 
0 0 0 1 
0.9998698 0.01613807 -2.910383E-11 6.057596E-08 
-0.01612252 0.9989066 -0.04388089 0.2666135 
-0.0007081527 0.04387517 0.9990368 1.006395E-07 
0 0 0 1 
0.9998706 0.01608525 -2.910383E-11 5.703828E-08 
-0.01607043 0.9989497 -0.04290781 0.2666135 
-0.0006901828 0.04290226 0.999079 9.477554E-08 
0 0 0 1 
0.9998716 0.01602724 0 5.356739E-08 
-0.01601315 0.9989921 -0.04193229 0.2666135 
-0.000672059 0.0419269 0.9991205 8.902214E-08 
0 0 0 1 
0.9998726 0.0159637 0 5.016497E-08 
-0.01595031 0.9990336 -0.04095459 0.2666135 
-0.000653787 0.04094937 0.999161 8.338236E-08 
0 0 0 1 
0.9998737 0.01589429 -2.910383E-11 4.683278E-08 
-0.01588158 0.9990744 -0.03997498 0.2666135 
-0.0006353739 0.03996992 0.9992007 7.785894E-08 
0 0 0 1 
0.9998749 0.01581864 0 4.357261E-08 
-0.01580661 0.9991144 -0.03899371 0.2666135 
-0.0006168276 0.03898883 0.9992394 7.245501E-08 
0 0 0 1 
0.9998762 0.01573643 0 4.038623E-08 
-0.01572506 0.9991535 -0.03801109 0.2666135 
-0.000598159 0.03800638 0.9992773 6.717329E-08 
0 0 0 1 
0.9998776 0.01564729 0 3.727544E-08 
-0.01563656 0.9991918 -0.03702736 0.2666135 
-0.0005793779 0.03702282 0.9993142 6.201668E-08 
0 0 0 1 
0.9998791 0.01555089 -2.910383E-11 3.424191E-08 
-0.01554079 0.9992294 -0.03604282 0.2666135 
-0.000560498 0.03603845 0.9993502 5.698831E-08 
0 0 0 1 
0.9998807 0.01544688 0 3.128744E-08 
-0.01543739 0.999266 -0.0350577 0.2666135 
-0.0005415321 0.03505351 0.9993853 5.209108E-08 
0 0 0 1 
0.9998824 0.01533491 0 2.841384E-08 
-0.015326 0.9993018 -0.03407231 0.2666135 
-0.0005224957 0.0340683 0.9994194 4.732783E-08 
0 0 0 1 
0.9998842 0.01521462 2.910383E-11 2.562282E-08 
-0.01520629 0.9993367 -0.0330869 0.2666135 
-0.0005034048 0.03308307 0.9994525 4.270134E-08 
0 0 0 1 
0.9998862 0.01508569 -1.455192E-11 2.291617E-08 
-0.01507792 0.9993708 -0.03210174 0.2666135 
-0.000484277 0.03209809 0.9994846 3.821492E-08 
0 0 0 1 
0.9998883 0.01494776 -1.455192E-11 2.029566E-08 
-0.01494052 0.999404 -0.03111712 0.2666135 
-0.0004651312 0.03111364 0.9995158 3.387106E-08 
0 0 0 1 
0.9998904 0.01480048 0 1.776303E-08 
-0.01479376 0.9994363 -0.03013329 0.2666135 
-0.0004459871 0.03012999 0.9995459 2.967295E-08 
0 0 0 1 
0.9998928 0.0146435 0 1.53199E-08 
-0.01463728 0.9994678 -0.02915054 0.2666135 
-0.000426866 0.02914741 0.999575 2.562354E-08 
0 0 0 1 
0.9998952 0.01447649 1.455192E-11 1.296834E-08 
-0.01447074 0.9994984 -0.02816912 0.2666135 
-0.00040779 0.02816617 0.9996032 2.172555E-08 
0 0 0 1 
0.9998978 0.01429909 -1.455192E-11 1.07099E-08 
-0.0142938 0.9995281 -0.02718931 0.2666135 
-0.0003887824 0.02718653 0.9996303 1.798207E-08 
0 0 0 1 
0.9999005 0.01411095 -1.455192E-11 8.546465E-09 
-0.01410611 0.9995568 -0.02621139 0.2666135 
-0.0003698677 0.02620878 0.9996564 1.439594E-08 
0 0 0 1 
0.9999032 0.01391174 0 6.479667E-09 
-0.0139073 0.9995847 -0.02523563 0.2666135 
-0.0003510714 0.02523318 0.9996815 1.096993E-08 
0 0 0 1 
0.9999061 0.01370109 0 4.511435E-09 
-0.01369706 0.9996117 -0.02426229 0.2666135 
-0.0003324198 0.02426001 0.9997056 7.707285E-09 
0 0 0 1 
0.9999092 0.01347867 0 2.643361E-09 
-0.01347501 0.9996378 -0.02329165 0.2666135 
-0.0003139404 0.02328953 0.9997287 4.610854E-09 
0 0 0 1 
0.9999123 0.01324413 0 8.772645E-10 
-0.01324083 0.9996631 -0.02232397 0.2666135 
-0.0002956616 0.02232201 0.9997508 1.683475E-09 
0 0 0 1 
0.9999155 0.01299712 0 -7.850645E-10 
-0.01299416 0.9996874 -0.02135954 0.2666135 
-0.0002776126 0.02135774 0.9997718 -1.07201E-09 
0 0 0 1 
0.9999189 0.0127373 0 -2.341835E-09 
-0.01273465 0.9997107 -0.02039861 0.2666135 
-0.0002598232 0.02039696 0.9997919 -3.652531E-09 
0 0 0 1 
0.9999223 0.01246431 -7.275958E-12 -3.791342E-09 
-0.01246195 0.9997333 -0.01944147 0.2666135 
-0.0002423246 0.01943996 0.999811 -6.055245E-09 
0 0 0 1 
0.9999259 0.01217781 0 -5.131795E-09 
-0.01217574 0.9997548 -0.01848839 0.2666135 
-0.0002251483 0.01848702 0.9998291 -8.277141E-09 
0 0 0 1 
0.9999295 0.01187747 -7.275958E-12 -6.361518E-09 
-0.01187564 0.9997756 -0.01753963 0.2666135 
-0.0002083264 0.01753839 0.9998462 -1.031532E-08 
0 0 0 1 
0.9999335 0.01152843 7.275958E-12 -7.478548E-09 
-0.01152685 0.9997968 -0.01653393 0.2666135 
-0.0001906102 0.01653283 0.9998633 -1.216694E-08 
0 0 0 1 
0.9999384 0.011102 0 -8.481351E-09 
-0.01110068 0.9998194 -0.01541997 0.2666135 
-0.0001711926 0.01541902 0.9998811 -1.382921E-08 
0 0 0 1 
0.9999437 0.01060707 0 -9.367938E-09 
-0.010606 0.9998427 -0.014213 0.2666135 
-0.0001507582 0.0142122 0.999899 -1.529901E-08 
0 0 0 1 
0.9999495 0.0100525 0 -1.013669E-08 
-0.01005166 0.9998658 -0.01292824 0.2666135 
-0.0001299612 0.01292759 0.9999164 -1.657315E-08 
0 0 0 1 
0.9999554 0.009447194 3.637979E-12 -1.078584E-08 
-0.00944656 0.9998882 -0.01158095 0.2666135 
-0.0001094075 0.01158044 0.9999329 -1.764909E-08 
0 0 0 1 
0.9999613 0.00880002 3.637979E-12 -1.131355E-08 
-0.008799563 0.9999093 -0.01018638 0.2666135 
-8.964034E-05 0.01018598 0.9999481 -1.852391E-08 
0 0 0 1 
0.999967 0.008119863 0 -1.171816E-08 
-0.008119551 0.9999286 -0.008759762 0.2666135 
-7.112807E-05 0.008759473 0.9999616 -1.919449E-08 
0 0 0 1 
0.9999725 0.007415608 0 -1.199777E-08 
-0.00741541 0.9999457 -0.007316355 0.2666135 
-5.425522E-05 0.007316153 0.9999732 -1.965805E-08 
0 0 0 1 
0.9999776 0.006696132 1.818989E-12 -1.215076E-08 
-0.006696017 0.9999603 -0.005871403 0.2666135 
-3.931569E-05 0.005871271 0.9999828 -1.991157E-08 
0 0 0 1 
0.9999822 0.005970321 0 -1.217532E-08 
-0.005970262 0.9999723 -0.004440159 0.2666135 
-2.650917E-05 0.004440079 0.9999902 -1.995227E-08 
0 0 0 1 
0.9999862 0.005247057 0 -1.206971E-08 
-0.005247033 0.9999816 -0.003037872 0.2666135 
-1.593989E-05 0.003037829 0.9999954 -1.977719E-08 
0 0 0 1 
0.9999897 0.004535225 -2.273737E-13 -1.183207E-08 
-0.004535218 0.9999883 -0.00167979 0.2666135 
-7.618226E-06 0.001679773 0.9999986 -1.938344E-08 
0 0 0 1 
0.9999926 0.003843706 -5.684342E-14 -1.146068E-08 
-0.003843706 0.9999925 -0.000381167 0.2666135 
-1.465094E-06 0.0003811642 0.9999999 -1.876771E-08 
0 0 0 1 
0.9999949 0.003181381 0 -1.095378E-08 
-0.00318138 0.9999945 0.0008427511 0.2666135 
2.681113E-06 -0.0008427467 0.9999996 -1.79275E-08 
0 0 0 1 
0.9999967 0.002557138 2.273737E-13 -1.030963E-08 
-0.002557134 0.9999947 0.001976716 0.2666135 
5.054736E-06 -0.001976709 0.999998 -1.68597E-08 
0 0 0 1 
0.999998 0.001979855 -2.273737E-13 -9.526502E-09 
-0.001979846 0.9999934 0.003005473 0.2666135 
5.9504E-06 -0.003005466 0.9999955 -1.556151E-08 
0 0 0 1 
0.9999989 0.001458419 0 -8.602512E-09 
-0.001458408 0.9999912 0.003913784 0.2666135 
5.707939E-06 -0.00391378 0.9999924 -1.402998E-08 
0 0 0 1 
0.9999995 0.00100171 0 -7.535959E-09 
-0.001001699 0.9999884 0.004686394 0.2666135 
4.694409E-06 -0.004686391 0.999989 -1.226209E-08 
0 0 0 1 
0.9999998 0.0006186127 0 -6.325166E-09 
-0.0006186041 0.9999856 0.005308065 0.2666135 
3.283637E-06 -0.005308063 0.9999859 -1.025495E-08 
0 0 0 1 
0.9999999 0.0003180095 -5.684342E-14 -4.9682E-09 
-0.0003180042 0.9999833 0.005763546 0.2666135 
1.832862E-06 -0.005763545 0.9999834 -8.005657E-09 
0 0 0 1 
1 0.0001087828 -2.842171E-14 -3.463441E-09 
-0.0001087809 0.9999817 0.006037593 0.2666135 
6.567866E-07 -0.006037592 0.9999818 -5.511424E-09 
0 0 0 1 
1 -1.851729E-07 0 -1.809013E-09 
1.851695E-07 0.9999812 0.006114963 0.2666135 
-1.132326E-09 -0.006114963 0.9999813 -2.769298E-09 
0 0 0 1 
1 -1.248357E-08 0 -3.467449E-12 
1.248335E-08 0.9999821 0.005980405 0.2666135 
-7.465679E-11 -0.005980405 0.9999821 2.238494E-10 
0 0 0 1 
1 8.138606E-05 0 2.065996E-09 
-8.138475E-05 0.9999838 0.005686025 0.2666135 
