<?xml version="1.0" encoding="utf-8"?>
<COLLADA xmlns:xsi="http://www.w3.org/2001/XMLSchema-instance" xmlns:xsd="http://www.w3.org/2001/XMLSchema" version="1.4.1" xmlns="http://www.collada.org/2005/11/COLLADASchema">
  <asset>
    <created>2017-06-01T10:06:15.4645183+03:00</created>
    <modified>2017-06-01T10:06:15.4645183+03:00</modified>
    <unit meter="1" name="meter" />
    <up_axis>Y_UP</up_axis>
    <contributor>
      <authoring_tool>Skele: Character Animation Tools</authoring_tool>
      <comments>https://www.assetstore.unity3d.com/en/#!/content/16899</comments>
    </contributor>
    <revision>1.0</revision>
  </asset>
  <library_animation_clips>
    <animation_clip name="KamaraIdleC" start="0" end="3.7166666984558105">
      <instance_animation url="KamaraIdleC_0" />
    </animation_clip>
  </library_animation_clips>
  <library_animations>
    <animation id="KamaraIdleC_0" name="KamaraIdleC">
      <animation id="RightUpperArm_0_0-anim" name="RightUpperArm_0_0">
        <source id="RightUpperArm_0_0-Matrix-animation-input">
          <float_array id="RightUpperArm_0_0-Matrix-animation-input-array" count="224">0
0.01666667
0.03333334
0.05
0.06666667
0.08333334
0.1
0.1166667
0.1333333
0.15
0.1666667
0.1833333
0.2
0.2166667
0.2333333
0.25
0.2666667
0.2833334
0.3
0.3166667
0.3333334
0.3500001
0.3666668
0.3833334
0.4000001
0.4166668
0.4333335
0.4500002
0.4666668
0.4833335
0.5000002
0.5166668
0.5333335
0.5500001
0.5666668
0.5833334
0.6000001
0.6166667
0.6333334
0.65
0.6666667
0.6833333
0.7
0.7166666
0.7333333
0.7499999
0.7666666
0.7833332
0.7999999
0.8166665
0.8333332
0.8499998
0.8666665
0.8833331
0.8999998
0.9166664
0.9333331
0.9499997
0.9666664
0.9833331
0.9999997
1.016666
1.033333
1.05
1.066666
1.083333
1.1
1.116666
1.133333
1.15
1.166666
1.183333
1.2
1.216666
1.233333
1.25
1.266666
1.283333
1.299999
1.316666
1.333333
1.349999
1.366666
1.383333
1.399999
1.416666
1.433333
1.449999
1.466666
1.483333
1.499999
1.516666
1.533333
1.549999
1.566666
1.583333
1.599999
1.616666
1.633332
1.649999
1.666666
1.683332
1.699999
1.716666
1.733332
1.749999
1.766666
1.783332
1.799999
1.816666
1.833332
1.849999
1.866666
1.883332
1.899999
1.916666
1.933332
1.949999
1.966666
1.983332
1.999999
2.016665
2.033332
2.049999
2.066665
2.083332
2.099999
2.116665
2.133332
2.149999
2.166665
2.183332
2.199999
2.216665
2.233332
2.249999
2.266665
2.283332
2.299999
2.316665
2.333332
2.349998
2.366665
2.383332
2.399998
2.416665
2.433332
2.449998
2.466665
2.483332
2.499998
2.516665
2.533332
2.549998
2.566665
2.583332
2.599998
2.616665
2.633332
2.649998
2.666665
2.683331
2.699998
2.716665
2.733331
2.749998
2.766665
2.783331
2.799998
2.816665
2.833331
2.849998
2.866665
2.883331
2.899998
2.916665
2.933331
2.949998
2.966665
2.983331
2.999998
3.016665
3.033331
3.049998
3.066664
3.083331
3.099998
3.116664
3.133331
3.149998
3.166664
3.183331
3.199998
3.216664
3.233331
3.249998
3.266664
3.283331
3.299998
3.316664
3.333331
3.349998
3.366664
3.383331
3.399997
3.416664
3.433331
3.449997
3.466664
3.483331
3.499997
3.516664
3.533331
3.549997
3.566664
3.583331
3.599997
3.616664
3.633331
3.649997
3.666664
3.683331
3.699997
3.716664
</float_array>
          <technique_common>
            <accessor count="224" offset="0" source="#RightUpperArm_0_0-Matrix-animation-input-array" stride="1">
              <param name="TIME" type="float" />
            </accessor>
          </technique_common>
        </source>
        <source id="RightUpperArm_0_0-Matrix-animation-output-transform">
          <float_array id="RightUpperArm_0_0-Matrix-animation-output-transform-array" count="3584">0.9029499 -0.3023035 -0.3054394 -0.1933005 
-0.319432 -0.9475867 -0.006457675 0.2713284 
-0.2874782 0.1033981 -0.9521895 -1.206567E-06 
0 0 0 1 
0.9029918 -0.3022567 -0.305362 -0.1933006 
-0.3193751 -0.947606 -0.006460949 0.2713284 
-0.28741 0.1033592 -0.9522144 -1.178916E-06 
0 0 0 1 
0.903033 -0.3022099 -0.3052862 -0.1933006 
-0.3193209 -0.9476241 -0.006472665 0.2713284 
-0.2873404 0.1033293 -0.9522386 -1.151048E-06 
0 0 0 1 
0.9030739 -0.3021631 -0.3052117 -0.1933006 
-0.3192694 -0.9476413 -0.006492402 0.2713284 
-0.2872694 0.1033079 -0.9522623 -1.122972E-06 
0 0 0 1 
0.9031143 -0.3021167 -0.3051383 -0.1933006 
-0.3192205 -0.9476576 -0.006519753 0.2713284 
-0.2871968 0.1032945 -0.9522858 -1.0947E-06 
0 0 0 1 
0.9031541 -0.3020704 -0.305066 -0.1933007 
-0.3191741 -0.9476729 -0.006554316 0.2713284 
-0.2871229 0.1032887 -0.9523086 -1.066242E-06 
0 0 0 1 
0.9031938 -0.3020239 -0.3049949 -0.1933007 
-0.3191296 -0.9476879 -0.006595686 0.2713284 
-0.2870478 0.1032901 -0.9523314 -1.037608E-06 
0 0 0 1 
0.9032328 -0.3019776 -0.3049248 -0.1933007 
-0.3190876 -0.9477014 -0.00664344 0.2713284 
-0.2869716 0.1032983 -0.9523531 -1.008809E-06 
0 0 0 1 
0.9032716 -0.3019315 -0.3048557 -0.1933008 
-0.3190475 -0.9477146 -0.006697174 0.2713284 
-0.2868941 0.1033128 -0.952375 -9.798562E-07 
0 0 0 1 
0.90331 -0.3018855 -0.3047874 -0.1933008 
-0.3190094 -0.947727 -0.006756495 0.2713284 
-0.2868156 0.1033333 -0.9523965 -9.50759E-07 
0 0 0 1 
0.903348 -0.3018398 -0.3047201 -0.1933008 
-0.3189731 -0.9477389 -0.006820984 0.2713284 
-0.2867362 0.1033593 -0.9524177 -9.215286E-07 
0 0 0 1 
0.9033859 -0.3017938 -0.3046532 -0.1933008 
-0.3189382 -0.9477499 -0.006890226 0.2713284 
-0.2866556 0.1033901 -0.9524383 -8.921753E-07 
0 0 0 1 
0.9034234 -0.3017481 -0.3045872 -0.1933009 
-0.3189048 -0.9477606 -0.006963826 0.2713284 
-0.2865745 0.1034256 -0.9524589 -8.627096E-07 
0 0 0 1 
0.9034607 -0.3017024 -0.3045218 -0.1933009 
-0.3188727 -0.947771 -0.007041376 0.2713284 
-0.2864925 0.1034653 -0.9524793 -8.331422E-07 
0 0 0 1 
0.9034978 -0.3016567 -0.3044572 -0.1933009 
-0.3188418 -0.9477808 -0.007122457 0.2713284 
-0.2864101 0.1035088 -0.9524994 -8.034834E-07 
0 0 0 1 
0.9035346 -0.3016114 -0.304393 -0.1933009 
-0.3188123 -0.9477902 -0.007206663 0.2713284 
-0.286327 0.1035557 -0.9525194 -7.737439E-07 
0 0 0 1 
0.9035713 -0.3015656 -0.3043292 -0.193301 
-0.3187831 -0.9477993 -0.0072936 0.2713284 
-0.2862434 0.1036053 -0.952539 -7.439343E-07 
0 0 0 1 
0.903608 -0.3015201 -0.3042654 -0.193301 
-0.3187549 -0.947808 -0.007382839 0.2713285 
-0.286159 0.1036573 -0.9525587 -7.140649E-07 
0 0 0 1 
0.9036443 -0.3014748 -0.3042023 -0.193301 
-0.3187276 -0.9478164 -0.007473986 0.2713285 
-0.2860747 0.1037115 -0.952578 -6.841464E-07 
0 0 0 1 
0.9036807 -0.3014293 -0.3041394 -0.1933011 
-0.3187004 -0.9478249 -0.007566619 0.2713285 
-0.2859901 0.1037672 -0.9525974 -6.541892E-07 
0 0 0 1 
0.9037169 -0.3013841 -0.3040767 -0.1933011 
-0.318674 -0.947833 -0.007660355 0.2713285 
-0.2859052 0.1038241 -0.9526168 -6.24204E-07 
0 0 0 1 
0.9037532 -0.3013387 -0.304014 -0.1933011 
-0.3186476 -0.9478412 -0.007754761 0.2713285 
-0.2858202 0.1038817 -0.9526361 -5.942013E-07 
0 0 0 1 
0.9037892 -0.3012935 -0.3039513 -0.1933012 
-0.3186213 -0.9478492 -0.00784945 0.2713285 
-0.285735 0.1039396 -0.9526553 -5.641915E-07 
0 0 0 1 
0.9038255 -0.3012483 -0.3038886 -0.1933012 
-0.3185951 -0.9478573 -0.007943994 0.2713285 
-0.2856499 0.1039974 -0.9526746 -5.341851E-07 
0 0 0 1 
0.9038616 -0.3012028 -0.3038259 -0.1933012 
-0.3185685 -0.9478653 -0.008038002 0.2713285 
-0.285565 0.1040546 -0.9526936 -5.041929E-07 
0 0 0 1 
0.9038978 -0.3011574 -0.3037633 -0.1933012 
-0.3185415 -0.9478735 -0.008131052 0.2713285 
-0.2854804 0.1041109 -0.9527128 -4.742253E-07 
0 0 0 1 
0.9039341 -0.3011122 -0.3037001 -0.1933013 
-0.3185143 -0.9478821 -0.008222735 0.2713285 
-0.2853958 0.1041657 -0.9527324 -4.442927E-07 
0 0 0 1 
0.9039706 -0.3010668 -0.3036365 -0.1933013 
-0.3184864 -0.9478905 -0.008312653 0.2713285 
-0.2853115 0.1042185 -0.9527516 -4.144057E-07 
0 0 0 1 
0.9040071 -0.3010215 -0.3035729 -0.1933013 
-0.3184578 -0.9478995 -0.008400406 0.2713285 
-0.2852278 0.1042692 -0.9527712 -3.84575E-07 
0 0 0 1 
0.9040437 -0.3009759 -0.3035089 -0.1933014 
-0.3184282 -0.9479087 -0.008485562 0.2713285 
-0.2851447 0.1043171 -0.9527909 -3.548109E-07 
0 0 0 1 
0.9040806 -0.3009305 -0.3034441 -0.1933014 
-0.3183978 -0.9479181 -0.008567723 0.2713285 
-0.2850618 0.1043619 -0.9528107 -3.251241E-07 
0 0 0 1 
0.9041176 -0.300885 -0.303379 -0.1933014 
-0.3183661 -0.947928 -0.008646498 0.2713285 
-0.2849798 0.104403 -0.9528307 -2.955251E-07 
0 0 0 1 
0.904155 -0.3008391 -0.3033131 -0.1933015 
-0.318333 -0.9479383 -0.008721459 0.2713285 
-0.2848984 0.1044401 -0.9528509 -2.660244E-07 
0 0 0 1 
0.9041923 -0.3007938 -0.3032466 -0.1933015 
-0.3182988 -0.9479492 -0.008792191 0.2713285 
-0.2848178 0.1044729 -0.9528715 -2.366324E-07 
0 0 0 1 
0.9042302 -0.3007478 -0.3031794 -0.1933015 
-0.3182627 -0.9479608 -0.008858315 0.2713285 
-0.284738 0.1045007 -0.9528924 -2.073599E-07 
0 0 0 1 
0.9042682 -0.3007022 -0.3031113 -0.1933015 
-0.3182252 -0.9479728 -0.008919398 0.2713285 
-0.2846591 0.1045232 -0.9529135 -1.782172E-07 
0 0 0 1 
0.9043067 -0.300656 -0.3030423 -0.1933016 
-0.3181856 -0.9479855 -0.008975043 0.2713285 
-0.2845813 0.1045399 -0.9529348 -1.49215E-07 
0 0 0 1 
0.9043454 -0.3006101 -0.3029724 -0.1933016 
-0.3181442 -0.9479991 -0.009024843 0.2713285 
-0.2845045 0.1045505 -0.9529566 -1.203636E-07 
0 0 0 1 
0.9043844 -0.300564 -0.3029017 -0.1933016 
-0.3181007 -0.9480135 -0.009068388 0.2713285 
-0.284429 0.1045546 -0.952979 -9.167377E-08 
0 0 0 1 
0.904424 -0.3005177 -0.3028295 -0.1933017 
-0.318055 -0.9480281 -0.009105257 0.2713285 
-0.2843545 0.1045514 -0.9530013 -6.315588E-08 
0 0 0 1 
0.9044637 -0.3004712 -0.3027567 -0.1933017 
-0.3180068 -0.9480439 -0.009135055 0.2713285 
-0.2842818 0.104541 -0.953024 -3.482057E-08 
0 0 0 1 
0.9045042 -0.3004246 -0.3026822 -0.1933017 
-0.317956 -0.9480609 -0.009157377 0.2713285 
-0.28421 0.1045225 -0.9530476 -6.67842E-09 
0 0 0 1 
0.9045448 -0.3003781 -0.3026069 -0.1933017 
-0.317903 -0.9480785 -0.009171805 0.2713285 
-0.2841401 0.1044959 -0.9530712 2.126035E-08 
0 0 0 1 
0.9045861 -0.3003313 -0.3025298 -0.1933018 
-0.3178468 -0.9480973 -0.009177945 0.2713285 
-0.2840712 0.1044604 -0.9530957 4.898482E-08 
0 0 0 1 
0.904628 -0.3002841 -0.3024515 -0.1933018 
-0.3177876 -0.9481171 -0.00917537 0.2713285 
-0.2840042 0.1044156 -0.9531205 7.648475E-08 
0 0 0 1 
0.9046704 -0.3002366 -0.3023717 -0.1933018 
-0.3177252 -0.9481382 -0.009163695 0.2713285 
-0.2839388 0.1043613 -0.953146 1.037494E-07 
0 0 0 1 
0.9047131 -0.3001895 -0.3022906 -0.1933018 
-0.3176602 -0.9481601 -0.009142487 0.2713285 
-0.2838755 0.104297 -0.9531719 1.307683E-07 
0 0 0 1 
0.9047566 -0.3001417 -0.3022078 -0.1933019 
-0.3175913 -0.9481835 -0.009111351 0.2713285 
-0.2838137 0.1042221 -0.9531985 1.57531E-07 
0 0 0 1 
0.9048008 -0.3000941 -0.3021229 -0.1933019 
-0.3175193 -0.9482082 -0.009069889 0.2713285 
-0.2837535 0.1041363 -0.9532259 1.840269E-07 
0 0 0 1 
0.9048455 -0.3000457 -0.3020369 -0.1933019 
-0.3174433 -0.948234 -0.009017664 0.2713285 
-0.2836959 0.1040392 -0.9532536 2.102455E-07 
0 0 0 1 
0.9048909 -0.2999978 -0.3019486 -0.1933019 
-0.3173642 -0.948261 -0.008954297 0.2713285 
-0.2836399 0.1039304 -0.9532821 2.361762E-07 
0 0 0 1 
0.904937 -0.2999492 -0.3018586 -0.193302 
-0.3172807 -0.9482897 -0.008879378 0.2713285 
-0.283586 0.1038092 -0.9533114 2.618086E-07 
0 0 0 1 
0.9049838 -0.2999001 -0.301767 -0.193302 
-0.3171929 -0.9483199 -0.008792466 0.2713285 
-0.2835348 0.1036754 -0.9533411 2.87132E-07 
0 0 0 1 
0.9050313 -0.2998512 -0.3016732 -0.193302 
-0.3171015 -0.9483513 -0.008693187 0.2713285 
-0.2834856 0.1035286 -0.9533717 3.121361E-07 
0 0 0 1 
0.9050797 -0.2998018 -0.3015771 -0.193302 
-0.3170055 -0.9483842 -0.00858112 0.2713285 
-0.2834384 0.1033682 -0.9534029 3.368102E-07 
0 0 0 1 
0.9051288 -0.2997522 -0.3014792 -0.193302 
-0.3169051 -0.9484193 -0.008455879 0.2713285 
-0.2833939 0.103194 -0.9534354 3.611437E-07 
0 0 0 1 
0.9051787 -0.2997025 -0.3013789 -0.1933021 
-0.3168004 -0.9484555 -0.008317011 0.2713285 
-0.2833517 0.1030053 -0.9534684 3.851262E-07 
0 0 0 1 
0.9052295 -0.2996522 -0.3012763 -0.1933021 
-0.3166907 -0.9484934 -0.008164148 0.2713285 
-0.2833121 0.1028018 -0.953502 4.087473E-07 
0 0 0 1 
0.9052812 -0.2996013 -0.3011716 -0.1933021 
-0.3165757 -0.9485332 -0.00799686 0.2713285 
-0.2832753 0.1025831 -0.9535366 4.319961E-07 
0 0 0 1 
0.9053336 -0.2995504 -0.3010643 -0.1933021 
-0.3164563 -0.9485744 -0.007814745 0.2713285 
-0.283241 0.1023487 -0.9535717 4.548623E-07 
0 0 0 1 
0.905387 -0.2994992 -0.3009546 -0.1933021 
-0.3163318 -0.9486176 -0.007617391 0.2713285 
-0.2832094 0.1020982 -0.9536081 4.773354E-07 
0 0 0 1 
0.9054416 -0.2994473 -0.3008422 -0.1933021 
-0.3162015 -0.9486628 -0.007404405 0.2713285 
-0.2831805 0.101831 -0.9536452 4.994048E-07 
0 0 0 1 
0.9054969 -0.2993952 -0.3007274 -0.1933022 
-0.3160661 -0.9487095 -0.007175367 0.2713285 
-0.2831547 0.101547 -0.9536831 5.210601E-07 
0 0 0 1 
0.9055533 -0.2993427 -0.30061 -0.1933022 
-0.3159251 -0.9487584 -0.006929874 0.2713285 
-0.2831318 0.1012456 -0.9537221 5.422904E-07 
0 0 0 1 
0.9056108 -0.2992895 -0.3004898 -0.1933022 
-0.315778 -0.9488096 -0.006667505 0.2713285 
-0.2831119 0.1009263 -0.953762 5.630857E-07 
0 0 0 1 
0.9056692 -0.2992363 -0.3003666 -0.1933022 
-0.3156258 -0.9488618 -0.006387874 0.2713285 
-0.2830949 0.1005888 -0.9538024 5.834349E-07 
0 0 0 1 
0.9057298 -0.2991813 -0.3002384 -0.1933022 
-0.3154644 -0.9489174 -0.006085753 0.2713285 
-0.2830808 0.1002266 -0.9538447 6.037006E-07 
0 0 0 1 
0.9057937 -0.2991239 -0.3001031 -0.1933022 
-0.3152917 -0.9489769 -0.005756691 0.2713285 
-0.2830689 0.0998344 -0.9538894 6.242423E-07 
0 0 0 1 
0.9058604 -0.2990646 -0.299961 -0.1933022 
-0.3151086 -0.94904 -0.00540141 0.2713285 
-0.2830595 0.09941324 -0.9539363 6.450445E-07 
0 0 0 1 
0.90593 -0.2990028 -0.2998122 -0.1933022 
-0.3149147 -0.9491062 -0.005020603 0.2713285 
-0.2830525 0.09896357 -0.9539849 6.660921E-07 
0 0 0 1 
0.9060026 -0.2989387 -0.2996565 -0.1933023 
-0.3147103 -0.9491761 -0.004614982 0.2713285 
-0.2830472 0.09848619 -0.9540359 6.8737E-07 
0 0 0 1 
0.906078 -0.2988726 -0.2994947 -0.1933023 
-0.3144961 -0.949249 -0.004185266 0.2713285 
-0.2830442 0.09798208 -0.9540886 7.088628E-07 
0 0 0 1 
0.9061559 -0.2988043 -0.2993269 -0.1933023 
-0.3142721 -0.9493251 -0.003732137 0.2713285 
-0.2830434 0.09745201 -0.9541432 7.305555E-07 
0 0 0 1 
0.9062365 -0.2987341 -0.2991529 -0.1933023 
-0.3140389 -0.9494041 -0.003256336 0.2713285 
-0.2830442 0.09689666 -0.9541995 7.524328E-07 
0 0 0 1 
0.9063197 -0.2986618 -0.2989731 -0.1933023 
-0.3137965 -0.9494858 -0.002758555 0.2713285 
-0.2830469 0.09631685 -0.9542574 7.744794E-07 
0 0 0 1 
0.9064052 -0.2985877 -0.2987881 -0.1933023 
-0.3135453 -0.9495701 -0.002239503 0.2713285 
-0.2830516 0.09571353 -0.9543168 7.966804E-07 
0 0 0 1 
0.9064931 -0.2985115 -0.2985975 -0.1933023 
-0.3132855 -0.9496571 -0.001699898 0.2713285 
-0.2830577 0.09508722 -0.9543777 8.190204E-07 
0 0 0 1 
0.906583 -0.2984336 -0.2984021 -0.1933023 
-0.3130176 -0.9497462 -0.001140434 0.2713285 
-0.2830659 0.09443902 -0.9544395 8.414843E-07 
0 0 0 1 
0.9066753 -0.2983539 -0.2982013 -0.1933023 
-0.3127418 -0.9498375 -0.0005618296 0.2713285 
-0.2830752 0.09376939 -0.9545028 8.640568E-07 
0 0 0 1 
0.9067696 -0.2982724 -0.297996 -0.1933023 
-0.3124583 -0.949931 3.521517E-05 0.2713285 
-0.2830862 0.09307941 -0.9545669 8.867228E-07 
0 0 0 1 
0.9068658 -0.2981893 -0.2977861 -0.1933023 
-0.3121676 -0.9500263 0.0006499774 0.2713285 
-0.2830985 0.09236976 -0.9546322 9.094671E-07 
0 0 0 1 
0.9069639 -0.2981048 -0.297572 -0.1933023 
-0.3118701 -0.9501235 0.001281761 0.2713285 
-0.2831122 0.09164129 -0.9546985 9.322745E-07 
0 0 0 1 
0.9070639 -0.2980183 -0.2973538 -0.1933024 
-0.3115655 -0.9502222 0.001929842 0.2713285 
-0.2831274 0.0908947 -0.9547653 9.551297E-07 
0 0 0 1 
0.9071656 -0.2979305 -0.2971317 -0.1933024 
-0.3112545 -0.9503228 0.002593528 0.2713285 
-0.2831436 0.09013086 -0.9548331 9.780177E-07 
0 0 0 1 
0.9072689 -0.2978413 -0.2969055 -0.1933024 
-0.3109377 -0.9504241 0.003272105 0.2713285 
-0.2831607 0.08935044 -0.9549012 1.000923E-06 
0 0 0 1 
0.9073737 -0.2977508 -0.2966762 -0.1933024 
-0.310615 -0.9505273 0.00396486 0.2713285 
-0.2831793 0.08855449 -0.9549699 1.023831E-06 
0 0 0 1 
0.9074799 -0.2976587 -0.2964432 -0.1933024 
-0.3102866 -0.9506311 0.004671081 0.2713285 
-0.2831985 0.08774347 -0.955039 1.046726E-06 
0 0 0 1 
0.9075876 -0.2975658 -0.2962072 -0.1933024 
-0.3099535 -0.9507361 0.00539007 0.2713285 
-0.2832187 0.08691849 -0.9551086 1.069593E-06 
0 0 0 1 
0.9076965 -0.2974713 -0.2959682 -0.1933024 
-0.3096151 -0.950842 0.006121102 0.2713285 
-0.2832398 0.08608014 -0.9551783 1.092416E-06 
0 0 0 1 
0.9078066 -0.2973756 -0.2957265 -0.1933024 
-0.309272 -0.9509485 0.006863493 0.2713285 
-0.2832617 0.08522923 -0.9552481 1.115182E-06 
0 0 0 1 
0.9079176 -0.2972792 -0.2954823 -0.1933024 
-0.308925 -0.9510555 0.007616505 0.2713285 
-0.2832843 0.08436672 -0.9553178 1.137873E-06 
0 0 0 1 
0.9080297 -0.2971816 -0.2952361 -0.1933024 
-0.3085738 -0.9511631 0.008379432 0.2713285 
-0.2833079 0.08349337 -0.9553877 1.160476E-06 
0 0 0 1 
0.9081427 -0.2970829 -0.2949877 -0.1933024 
-0.3082189 -0.951271 0.009151596 0.2713285 
-0.283332 0.08260984 -0.9554572 1.182975E-06 
0 0 0 1 
0.9082565 -0.2969838 -0.294737 -0.1933024 
-0.3078609 -0.9513791 0.009932245 0.2713286 
-0.2833563 0.08171698 -0.9555268 1.205354E-06 
0 0 0 1 
0.9083711 -0.2968835 -0.2944851 -0.1933024 
-0.3074996 -0.9514875 0.01072071 0.2713286 
-0.2833816 0.08081567 -0.955596 1.227599E-06 
0 0 0 1 
0.9084861 -0.2967828 -0.2942314 -0.1933024 
-0.3071359 -0.9515956 0.01151625 0.2713286 
-0.2834071 0.0799067 -0.9556649 1.249695E-06 
0 0 0 1 
0.9086019 -0.296681 -0.2939764 -0.1933024 
-0.3067693 -0.951704 0.01231817 0.2713286 
-0.2834329 0.07899062 -0.9557335 1.271625E-06 
0 0 0 1 
0.9087179 -0.2965789 -0.2937206 -0.1933024 
-0.3064007 -0.9518117 0.01312575 0.2713286 
-0.2834595 0.07806863 -0.9558012 1.293376E-06 
0 0 0 1 
0.9088346 -0.2964765 -0.2934635 -0.1933024 
-0.3060307 -0.9519194 0.0139383 0.2713286 
-0.2834859 0.07714124 -0.9558688 1.314932E-06 
0 0 0 1 
0.908951 -0.2963732 -0.2932064 -0.1933024 
-0.3056587 -0.9520264 0.0147551 0.2713286 
-0.2835132 0.07620944 -0.9559353 1.336277E-06 
0 0 0 1 
0.909068 -0.2962698 -0.2929484 -0.1933024 
-0.3052857 -0.952133 0.01557544 0.2713286 
-0.2835404 0.07527382 -0.9560013 1.357396E-06 
0 0 0 1 
0.9091848 -0.2961664 -0.2926904 -0.1933024 
-0.304912 -0.952239 0.01639861 0.2713286 
-0.2835678 0.07433547 -0.9560667 1.378275E-06 
0 0 0 1 
0.9093017 -0.2960624 -0.2924322 -0.1933024 
-0.3045375 -0.9523441 0.0172239 0.2713286 
-0.2835954 0.07339484 -0.956131 1.398898E-06 
0 0 0 1 
0.9094185 -0.2959583 -0.2921744 -0.1933024 
-0.3041627 -0.9524487 0.0180506 0.2713286 
-0.2836233 0.07245302 -0.9561947 1.41925E-06 
0 0 0 1 
0.9095349 -0.2958544 -0.2919171 -0.1933024 
-0.3037881 -0.9525521 0.018878 0.2713286 
-0.2836514 0.07151075 -0.9562573 1.439315E-06 
0 0 0 1 
0.9096511 -0.2957506 -0.2916603 -0.1933024 
-0.3034139 -0.952655 0.01970541 0.2713286 
-0.2836794 0.07056877 -0.9563193 1.459079E-06 
0 0 0 1 
0.9097669 -0.2956469 -0.2914041 -0.1933024 
-0.3030404 -0.9527561 0.02053209 0.2713286 
-0.2837073 0.06962784 -0.9563796 1.478527E-06 
0 0 0 1 
0.909882 -0.2955436 -0.2911495 -0.1933024 
-0.3026682 -0.9528564 0.02135736 0.2713286 
-0.2837356 0.06868901 -0.9564392 1.497642E-06 
0 0 0 1 
0.9099966 -0.2954403 -0.2908956 -0.1933024 
-0.3022969 -0.9529553 0.02218048 0.2713286 
-0.2837635 0.06775272 -0.9564976 1.51641E-06 
0 0 0 1 
0.9101104 -0.2953379 -0.2906438 -0.1933024 
-0.3019278 -0.9530528 0.02300077 0.2713286 
-0.2837919 0.0668202 -0.9565548 1.534816E-06 
0 0 0 1 
0.9102234 -0.2952357 -0.2903934 -0.1933024 
-0.3015602 -0.9531493 0.02381749 0.2713286 
-0.28382 0.06589188 -0.9566109 1.552845E-06 
0 0 0 1 
0.9103356 -0.2951341 -0.2901448 -0.1933024 
-0.301195 -0.953244 0.02462997 0.2713286 
-0.283848 0.06496865 -0.9566657 1.570481E-06 
0 0 0 1 
0.9104466 -0.2950334 -0.2898988 -0.1933024 
-0.3008326 -0.9533373 0.02543749 0.2713286 
-0.2838762 0.06405153 -0.9567191 1.587709E-06 
0 0 0 1 
0.9105567 -0.2949336 -0.2896549 -0.1933024 
-0.3004731 -0.9534289 0.02623931 0.2713286 
-0.2839041 0.06314112 -0.9567714 1.604513E-06 
0 0 0 1 
0.9106654 -0.2948346 -0.2894138 -0.1933024 
-0.3001168 -0.953519 0.02703476 0.2713286 
-0.2839322 0.06223835 -0.9568225 1.62088E-06 
0 0 0 1 
0.9107728 -0.2947367 -0.2891753 -0.1933024 
-0.2997644 -0.953607 0.02782311 0.2713286 
-0.2839601 0.06134394 -0.9568717 1.636793E-06 
0 0 0 1 
0.9108789 -0.2946399 -0.2889399 -0.1933024 
-0.2994156 -0.9536937 0.02860366 0.2713286 
-0.2839878 0.06045865 -0.95692 1.652238E-06 
0 0 0 1 
0.9109833 -0.2945443 -0.2887078 -0.1933024 
-0.2990712 -0.9537781 0.02937569 0.2713286 
-0.2840156 0.05958342 -0.9569665 1.667199E-06 
0 0 0 1 
0.9110863 -0.2944502 -0.2884792 -0.1933024 
-0.2987314 -0.9538611 0.0301385 0.2713286 
-0.2840433 0.05871905 -0.9570119 1.68166E-06 
0 0 0 1 
0.9111872 -0.2943573 -0.2882544 -0.1933024 
-0.2983964 -0.9539415 0.03089139 0.2713286 
-0.284071 0.05786626 -0.9570554 1.695608E-06 
0 0 0 1 
0.9112867 -0.2942661 -0.2880335 -0.1933024 
-0.2980668 -0.9540203 0.03163365 0.2713286 
-0.2840985 0.05702591 -0.9570977 1.709026E-06 
0 0 0 1 
0.911384 -0.2941766 -0.2878166 -0.1933024 
-0.2977426 -0.954097 0.03236455 0.2713286 
-0.2841258 0.05619874 -0.9571385 1.7219E-06 
0 0 0 1 
0.9114794 -0.2940889 -0.2876044 -0.1933024 
-0.2974244 -0.9541717 0.03308341 0.2713286 
-0.2841533 0.05538575 -0.9571778 1.734214E-06 
0 0 0 1 
0.9115726 -0.2940029 -0.2873968 -0.1933024 
-0.2971124 -0.9542441 0.03378951 0.2713286 
-0.2841809 0.05458757 -0.9572154 1.745952E-06 
0 0 0 1 
0.9116635 -0.2939192 -0.2871939 -0.1933024 
-0.2968071 -0.9543144 0.03448213 0.2713286 
-0.2842081 0.0538051 -0.9572517 1.757101E-06 
0 0 0 1 
0.911752 -0.2938377 -0.2869961 -0.1933024 
-0.2965088 -0.9543821 0.03516059 0.2713286 
-0.2842354 0.05303912 -0.9572862 1.767644E-06 
0 0 0 1 
0.9118382 -0.2937581 -0.2868038 -0.1933024 
-0.2962174 -0.9544479 0.03582416 0.2713286 
-0.284263 0.05229045 -0.9573192 1.777567E-06 
0 0 0 1 
0.9119218 -0.2936811 -0.2866167 -0.1933023 
-0.2959338 -0.9545115 0.03647216 0.2713286 
-0.2842902 0.05155982 -0.9573507 1.786854E-06 
0 0 0 1 
0.9120028 -0.2936064 -0.2864358 -0.1933023 
-0.2956578 -0.9545729 0.03710384 0.2713286 
-0.2843176 0.05084818 -0.957381 1.79549E-06 
0 0 0 1 
0.9120809 -0.2935344 -0.2862607 -0.1933023 
-0.2953902 -0.9546315 0.03771852 0.2713286 
-0.2843451 0.05015628 -0.9574092 1.80346E-06 
0 0 0 1 
0.9121563 -0.2934653 -0.2860914 -0.1933023 
-0.2951313 -0.9546878 0.03831548 0.2713286 
-0.2843722 0.04948485 -0.957436 1.810749E-06 
0 0 0 1 
0.9122285 -0.2933987 -0.285929 -0.1933023 
-0.2948811 -0.9547417 0.03889403 0.2713286 
-0.2843998 0.04883485 -0.9574611 1.817341E-06 
0 0 0 1 
0.9122978 -0.293335 -0.2857733 -0.1933023 
-0.29464 -0.9547932 0.03945347 0.2713286 
-0.2844274 0.04820695 -0.9574848 1.823222E-06 
0 0 0 1 
0.912364 -0.2932744 -0.2856244 -0.1933023 
-0.2944085 -0.9548422 0.03999304 0.2713286 
-0.2844551 0.04760207 -0.9575068 1.828375E-06 
0 0 0 1 
0.9124267 -0.2932171 -0.2854827 -0.1933023 
-0.294187 -0.9548885 0.0405121 0.2713286 
-0.2844829 0.04702099 -0.9575272 1.832786E-06 
0 0 0 1 
0.9124861 -0.2931633 -0.2853481 -0.1933023 
-0.2939759 -0.9549323 0.0410099 0.2713286 
-0.2845107 0.04646452 -0.9575462 1.836441E-06 
0 0 0 1 
0.912542 -0.2931125 -0.2852215 -0.1933023 
-0.2937751 -0.9549734 0.04148575 0.2713286 
-0.2845389 0.04593347 -0.9575633 1.839322E-06 
0 0 0 1 
0.9125943 -0.2930654 -0.2851026 -0.1933023 
-0.2935851 -0.9550121 0.04193893 0.2713286 
-0.2845672 0.04542864 -0.9575791 1.841416E-06 
0 0 0 1 
0.912643 -0.2930218 -0.2849915 -0.1933023 
-0.2934062 -0.9550483 0.04236876 0.2713286 
-0.2845955 0.04495073 -0.9575933 1.842708E-06 
0 0 0 1 
0.9126878 -0.2929823 -0.2848889 -0.1933023 
-0.2932393 -0.9550814 0.04277451 0.2713286 
-0.2846242 0.04450086 -0.9576058 1.843181E-06 
0 0 0 1 
0.9127287 -0.2929461 -0.2847946 -0.1933023 
-0.2930837 -0.9551118 0.04315545 0.2713286 
-0.284653 0.04407945 -0.9576164 1.842821E-06 
0 0 0 1 
0.9127655 -0.2929145 -0.2847093 -0.1933022 
-0.2929408 -0.9551396 0.04351094 0.2713286 
-0.2846821 0.04368766 -0.9576259 1.841612E-06 
0 0 0 1 
0.9127982 -0.2928869 -0.284633 -0.1933022 
-0.2928103 -0.9551646 0.04384023 0.2713286 
-0.2847115 0.04332622 -0.9576337 1.83954E-06 
0 0 0 1 
0.9128268 -0.292863 -0.2845657 -0.1933022 
-0.2926922 -0.9551869 0.04414259 0.2713286 
-0.2847411 0.04299567 -0.9576398 1.836589E-06 
0 0 0 1 
0.9128509 -0.292844 -0.2845079 -0.1933022 
-0.2925881 -0.9552059 0.04441734 0.2713286 
-0.284771 0.04269721 -0.957644 1.832744E-06 
0 0 0 1 
0.9128707 -0.2928292 -0.2844596 -0.1933022 
-0.2924969 -0.9552224 0.04466379 0.2713286 
-0.284801 0.04243129 -0.957647 1.82799E-06 
0 0 0 1 
0.9128859 -0.292819 -0.2844214 -0.1933022 
-0.2924199 -0.9552359 0.04488124 0.2713286 
-0.2848316 0.04219906 -0.9576482 1.822312E-06 
0 0 0 1 
0.9128965 -0.2928133 -0.2843932 -0.1933022 
-0.2923568 -0.9552463 0.04506892 0.2713286 
-0.2848623 0.04200104 -0.9576477 1.815694E-06 
0 0 0 1 
0.9129024 -0.2928127 -0.2843753 -0.1933022 
-0.2923085 -0.9552539 0.0452262 0.2713286 
-0.2848932 0.04183821 -0.957646 1.80812E-06 
0 0 0 1 
0.9129034 -0.2928166 -0.2843679 -0.1933022 
-0.2922747 -0.9552582 0.0453523 0.2713286 
-0.2849246 0.04171129 -0.957642 1.799578E-06 
0 0 0 1 
0.9128994 -0.2928259 -0.2843712 -0.1933022 
-0.2922566 -0.9552591 0.04544656 0.2713286 
-0.2849561 0.04162124 -0.9576365 1.79005E-06 
0 0 0 1 
0.9128903 -0.2928401 -0.2843858 -0.1933021 
-0.2922537 -0.955257 0.04550826 0.2713286 
-0.2849881 0.04156877 -0.9576291 1.779521E-06 
0 0 0 1 
0.9128761 -0.2928593 -0.2844114 -0.1933021 
-0.2922666 -0.9552518 0.0455367 0.2713286 
-0.2850203 0.04155459 -0.9576202 1.767978E-06 
0 0 0 1 
0.9128568 -0.2928836 -0.2844485 -0.1933021 
-0.2922954 -0.9552431 0.04553116 0.2713286 
-0.2850528 0.04157955 -0.9576094 1.755403E-06 
0 0 0 1 
0.912832 -0.2929136 -0.2844971 -0.1933021 
-0.292341 -0.955231 0.04549092 0.2713286 
-0.2850854 0.0416446 -0.9575968 1.741782E-06 
0 0 0 1 
0.9128016 -0.292949 -0.2845579 -0.1933021 
-0.2924033 -0.9552156 0.0454153 0.2713286 
-0.2851185 0.0417505 -0.9575824 1.727101E-06 
0 0 0 1 
0.9127653 -0.2929905 -0.2846318 -0.1933021 
-0.2924838 -0.9551963 0.04530223 0.2713286 
-0.2851524 0.04189988 -0.9575658 1.711068E-06 
0 0 0 1 
0.9127225 -0.2930388 -0.2847196 -0.1933021 
-0.2925834 -0.9551732 0.04515068 0.2713286 
-0.2851873 0.04209421 -0.957547 1.693429E-06 
0 0 0 1 
0.9126731 -0.2930934 -0.2848216 -0.1933021 
-0.2927017 -0.9551457 0.04496153 0.2713286 
-0.2852241 0.04233256 -0.9575254 1.67422E-06 
0 0 0 1 
0.9126172 -0.293155 -0.2849372 -0.193302 
-0.2928387 -0.9551144 0.04473565 0.2713286 
-0.285262 0.04261413 -0.9575017 1.653477E-06 
0 0 0 1 
0.9125553 -0.2932225 -0.2850657 -0.193302 
-0.2929934 -0.955079 0.0444739 0.2713286 
-0.285301 0.04293746 -0.9574756 1.631237E-06 
0 0 0 1 
0.9124876 -0.2932959 -0.2852071 -0.193302 
-0.2931652 -0.9550403 0.04417714 0.2713286 
-0.2853411 0.04330172 -0.9574475 1.607535E-06 
0 0 0 1 
0.9124139 -0.2933754 -0.2853612 -0.193302 
-0.2933544 -0.9549975 0.04384625 0.2713286 
-0.2853825 0.04370607 -0.9574167 1.582407E-06 
0 0 0 1 
0.9123346 -0.2934604 -0.2855273 -0.193302 
-0.29356 -0.9549507 0.04348208 0.2713286 
-0.2854248 0.04414918 -0.9573836 1.555891E-06 
0 0 0 1 
0.9122495 -0.293551 -0.2857057 -0.193302 
-0.2937818 -0.9549004 0.04308551 0.2713286 
-0.2854684 0.0446304 -0.9573483 1.528022E-06 
0 0 0 1 
0.9121593 -0.2936472 -0.2858952 -0.1933019 
-0.2940193 -0.9548468 0.0426574 0.2713286 
-0.2855122 0.04514838 -0.9573111 1.498836E-06 
0 0 0 1 
0.9120638 -0.2937479 -0.2860963 -0.1933019 
-0.2942716 -0.9547895 0.04219862 0.2713286 
-0.2855574 0.04570222 -0.9572713 1.46837E-06 
0 0 0 1 
0.911963 -0.2938541 -0.2863083 -0.1933019 
-0.2945392 -0.9547283 0.04171004 0.2713286 
-0.2856033 0.04629103 -0.9572292 1.43666E-06 
0 0 0 1 
0.9118576 -0.2939647 -0.2865306 -0.1933019 
-0.2948208 -0.9546639 0.04119252 0.2713286 
-0.2856495 0.04691347 -0.9571852 1.403743E-06 
0 0 0 1 
0.9117472 -0.2940801 -0.2867634 -0.1933019 
-0.2951164 -0.954596 0.04064693 0.2713286 
-0.2856966 0.04756889 -0.9571388 1.369653E-06 
0 0 0 1 
0.9116324 -0.2941996 -0.2870057 -0.1933019 
-0.2954251 -0.9545248 0.04007412 0.2713286 
-0.2857437 0.04825588 -0.9570904 1.334428E-06 
0 0 0 1 
0.9115129 -0.2943234 -0.2872581 -0.1933018 
-0.2957473 -0.9544498 0.03947497 0.2713286 
-0.2857919 0.04897387 -0.9570394 1.298105E-06 
0 0 0 1 
0.9113893 -0.2944512 -0.2875192 -0.1933018 
-0.2960817 -0.9543719 0.03885036 0.2713286 
-0.2858396 0.04972136 -0.9569867 1.260718E-06 
0 0 0 1 
0.9112614 -0.294583 -0.2877894 -0.1933018 
-0.2964284 -0.9542904 0.03820113 0.2713286 
-0.285888 0.05049774 -0.9569315 1.222304E-06 
0 0 0 1 
0.9111295 -0.2947181 -0.2880684 -0.1933018 
-0.2967866 -0.9542057 0.03752815 0.2713286 
-0.2859367 0.05130184 -0.9568742 1.182901E-06 
0 0 0 1 
0.9109939 -0.2948568 -0.2883554 -0.1933017 
-0.297156 -0.9541178 0.03683232 0.2713286 
-0.2859853 0.05213251 -0.9568147 1.142543E-06 
0 0 0 1 
0.9108545 -0.2949986 -0.2886504 -0.1933017 
-0.2975361 -0.9540269 0.03611447 0.2713286 
-0.2860339 0.05298889 -0.9567532 1.101267E-06 
0 0 0 1 
0.9107117 -0.2951435 -0.2889529 -0.1933017 
-0.2979265 -0.9539328 0.03537546 0.2713286 
-0.2860824 0.05386991 -0.9566895 1.059109E-06 
0 0 0 1 
0.9105654 -0.2952912 -0.2892626 -0.1933017 
-0.2983268 -0.9538354 0.0346162 0.2713286 
-0.2861308 0.05477449 -0.9566236 1.016106E-06 
0 0 0 1 
0.9104159 -0.2954418 -0.2895791 -0.1933016 
-0.2987365 -0.9537351 0.03383751 0.2713286 
-0.2861788 0.05570168 -0.9565557 9.722937E-07 
0 0 0 1 
0.9102635 -0.2955945 -0.2899025 -0.1933016 
-0.299155 -0.9536321 0.03304029 0.2713286 
-0.2862267 0.0566504 -0.9564859 9.277084E-07 
0 0 0 1 
0.910108 -0.2957498 -0.290232 -0.1933016 
-0.2995822 -0.9535256 0.03222541 0.2713286 
-0.2862743 0.05761974 -0.9564136 8.823862E-07 
0 0 0 1 
0.9099498 -0.2959071 -0.2905676 -0.1933016 
-0.3000173 -0.9534166 0.03139371 0.2713286 
-0.2863216 0.0586086 -0.9563393 8.363635E-07 
0 0 0 1 
0.9097891 -0.2960663 -0.2909084 -0.1933016 
-0.3004599 -0.9533051 0.03054607 0.2713286 
-0.2863679 0.05961583 -0.9562635 7.896767E-07 
0 0 0 1 
0.9096259 -0.2962275 -0.2912544 -0.1933015 
-0.3009101 -0.9531899 0.02968336 0.2713286 
-0.2864138 0.06064065 -0.9561849 7.423616E-07 
0 0 0 1 
0.9094605 -0.2963899 -0.2916057 -0.1933015 
-0.3013666 -0.9530727 0.02880644 0.2713286 
-0.2864593 0.06168189 -0.9561047 6.944548E-07 
0 0 0 1 
0.9092929 -0.296554 -0.2919613 -0.1933015 
-0.3018295 -0.9529528 0.02791619 0.2713286 
-0.2865039 0.06273857 -0.9560227 6.459923E-07 
0 0 0 1 
0.9091233 -0.2967194 -0.2923212 -0.1933015 
-0.3022984 -0.9528301 0.02701347 0.2713286 
-0.2865478 0.06380969 -0.9559386 5.970104E-07 
0 0 0 1 
0.9089518 -0.2968858 -0.2926852 -0.1933014 
-0.3027726 -0.9527051 0.02609916 0.2713286 
-0.2865911 0.0648942 -0.9558527 5.475456E-07 
0 0 0 1 
0.9087786 -0.2970534 -0.2930529 -0.1933014 
-0.303252 -0.9525775 0.02517411 0.2713286 
-0.2866335 0.06599119 -0.9557649 4.976337E-07 
0 0 0 1 
0.908604 -0.2972212 -0.2934237 -0.1933014 
-0.3037355 -0.9524475 0.02423919 0.2713285 
-0.2866751 0.06709938 -0.9556751 4.473112E-07 
0 0 0 1 
0.9084281 -0.2973899 -0.2937975 -0.1933013 
-0.3042232 -0.9523155 0.02329529 0.2713285 
-0.2867156 0.06821793 -0.9555839 3.966143E-07 
0 0 0 1 
0.9082508 -0.2975592 -0.294174 -0.1933013 
-0.3047147 -0.9521814 0.02234326 0.2713285 
-0.2867553 0.0693459 -0.9554909 3.45579E-07 
0 0 0 1 
0.9080725 -0.2977285 -0.2945527 -0.1933013 
-0.3052092 -0.9520448 0.02138397 0.2713285 
-0.2867939 0.07048201 -0.955396 2.942419E-07 
0 0 0 1 
0.9078933 -0.2978983 -0.2949333 -0.1933013 
-0.3057068 -0.9519065 0.02041829 0.2713285 
-0.2868314 0.0716255 -0.9552998 2.426392E-07 
0 0 0 1 
0.9077133 -0.2980678 -0.2953157 -0.1933012 
-0.3062066 -0.9517661 0.0194471 0.2713285 
-0.2868679 0.07277521 -0.9552018 1.908068E-07 
0 0 0 1 
0.9075325 -0.2982374 -0.2956999 -0.1933012 
-0.3067085 -0.9516239 0.01847125 0.2713285 
-0.2869039 0.07393041 -0.9551023 1.387814E-07 
0 0 0 1 
0.9073515 -0.2984066 -0.2960844 -0.1933012 
-0.3072116 -0.95148 0.01749161 0.2713285 
-0.286938 0.07508954 -0.9550015 8.659879E-08 
0 0 0 1 
0.9071701 -0.2985753 -0.29647 -0.1933012 
-0.3077157 -0.9513348 0.01650907 0.2713285 
-0.2869714 0.07625199 -0.9548995 3.429534E-08 
0 0 0 1 
0.9069885 -0.2987433 -0.2968561 -0.1933011 
-0.3082204 -0.951188 0.01552449 0.2713285 
-0.2870037 0.07741661 -0.9547961 -1.809258E-08 
0 0 0 1 
0.9068069 -0.2989108 -0.297242 -0.1933011 
-0.3087255 -0.9510396 0.01453874 0.2713285 
-0.2870347 0.07858238 -0.9546915 -7.052881E-08 
0 0 0 1 
0.9066253 -0.2990777 -0.2976278 -0.1933011 
-0.3092306 -0.9508901 0.01355267 0.2713285 
-0.2870646 0.07974845 -0.9545859 -1.229773E-07 
0 0 0 1 
0.9064441 -0.2992432 -0.2980132 -0.1933011 
-0.3097346 -0.9507397 0.01256718 0.2713285 
-0.2870936 0.08091361 -0.954479 -1.754014E-07 
0 0 0 1 
0.9062632 -0.2994078 -0.2983977 -0.193301 
-0.3102378 -0.9505879 0.01158312 0.2713285 
-0.2871214 0.08207688 -0.9543713 -2.277652E-07 
0 0 0 1 
0.9060828 -0.2995713 -0.298781 -0.193301 
-0.3107395 -0.9504355 0.01060137 0.2713285 
-0.2871479 0.08323733 -0.9542627 -2.800323E-07 
0 0 0 1 
0.9059033 -0.2997334 -0.2991627 -0.193301 
-0.3112392 -0.9502826 0.009622782 0.2713285 
-0.2871733 0.08439385 -0.9541537 -3.321666E-07 
0 0 0 1 
0.9057246 -0.2998938 -0.2995427 -0.193301 
-0.3117362 -0.9501291 0.008648246 0.2713285 
-0.2871977 0.08554543 -0.9540438 -3.841319E-07 
0 0 0 1 
0.9055468 -0.300053 -0.2999209 -0.1933009 
-0.312231 -0.9499748 0.007678624 0.2713285 
-0.2872213 0.08669125 -0.9539332 -4.358919E-07 
0 0 0 1 
0.9053701 -0.3002103 -0.3002963 -0.1933009 
-0.3127224 -0.9498203 0.006714783 0.2713285 
-0.2872435 0.08783002 -0.9538222 -4.874103E-07 
0 0 0 1 
0.9051947 -0.3003659 -0.3006693 -0.1933009 
-0.3132101 -0.949666 0.005757603 0.2713285 
-0.2872647 0.08896091 -0.953711 -5.386507E-07 
0 0 0 1 
0.9050207 -0.3005197 -0.3010393 -0.1933009 
-0.3136939 -0.9495117 0.004807937 0.2713285 
-0.2872852 0.09008295 -0.9535996 -5.895772E-07 
0 0 0 1 
0.9048484 -0.3006712 -0.3014057 -0.1933008 
-0.314173 -0.9493576 0.003866665 0.2713285 
-0.2873043 0.09119482 -0.9534883 -6.401535E-07 
0 0 0 1 
0.9046776 -0.300821 -0.3017687 -0.1933008 
-0.3146478 -0.9492036 0.002934657 0.2713285 
-0.2873228 0.09229595 -0.9533766 -6.903431E-07 
0 0 0 1 
0.9045087 -0.3009684 -0.3021279 -0.1933008 
-0.3151168 -0.9490506 0.002012774 0.2713285 
-0.2873403 0.09338504 -0.9532655 -7.401104E-07 
0 0 0 1 
0.9043416 -0.3011137 -0.3024831 -0.1933008 
-0.3155807 -0.9488978 0.0011019 0.2713285 
-0.2873573 0.09446134 -0.9531541 -7.894182E-07 
0 0 0 1 
0.9041768 -0.3012566 -0.3028332 -0.1933007 
-0.3160383 -0.948746 0.0002028942 0.2713285 
-0.2873728 0.09552345 -0.9530436 -8.38231E-07 
0 0 0 1 
0.9040142 -0.301397 -0.3031789 -0.1933007 
-0.3164895 -0.9485953 -0.0006833858 0.2713285 
-0.2873881 0.09657074 -0.9529334 -8.865127E-07 
0 0 0 1 
0.9038539 -0.3015346 -0.3035197 -0.1933007 
-0.3169335 -0.948446 -0.001556039 0.2713285 
-0.2874028 0.097602 -0.9528238 -9.342264E-07 
0 0 0 1 
0.9036962 -0.3016699 -0.3038549 -0.1933006 
-0.3173705 -0.9482983 -0.002414223 0.2713284 
-0.2874167 0.09861632 -0.9527153 -9.813361E-07 
0 0 0 1 
0.9035411 -0.3018023 -0.3041842 -0.1933006 
-0.3177997 -0.9481519 -0.003257058 0.2713284 
-0.2874297 0.09961255 -0.9526077 -1.027806E-06 
0 0 0 1 
0.9033889 -0.3019321 -0.3045075 -0.1933006 
-0.318221 -0.9480074 -0.004083681 0.2713284 
-0.2874423 0.1005899 -0.9525012 -1.073599E-06 
0 0 0 1 
0.9032394 -0.3020589 -0.3048248 -0.1933006 
-0.3186337 -0.9478649 -0.004893213 0.2713284 
-0.2874546 0.1015472 -0.9523959 -1.11868E-06 
0 0 0 1 
0.903093 -0.3021829 -0.3051355 -0.1933006 
-0.3190377 -0.9477246 -0.005684789 0.2713284 
-0.2874666 0.1024836 -0.952292 -1.163012E-06 
0 0 0 1 
0.9029499 -0.3023034 -0.3054394 -0.1933005 
-0.319432 -0.9475867 -0.006457541 0.2713284 
-0.2874782 0.103398 -0.9521895 -1.206559E-06 
0 0 0 1 
</float_array>
          <technique_common>
            <accessor count="224" offset="0" source="#RightUpperArm_0_0-Matrix-animation-output-transform-array" stride="16">
              <param type="float4x4" />
            </accessor>
          </technique_common>
        </source>
        <source id="RightUpperArm_0_0-Interpolations">
          <Name_array id="RightUpperArm_0_0-Interpolations-array" count="224">LINEAR
LINEAR
LINEAR
LINEAR
LINEAR
LINEAR
LINEAR
LINEAR
LINEAR
LINEAR
LINEAR
LINEAR
LINEAR
LINEAR
LINEAR
LINEAR
LINEAR
LINEAR
LINEAR
LINEAR
LINEAR
LINEAR
LINEAR
LINEAR
LINEAR
LINEAR
LINEAR
LINEAR
LINEAR
LINEAR
LINEAR
LINEAR
LINEAR
LINEAR
LINEAR
LINEAR
LINEAR
LINEAR
LINEAR
LINEAR
LINEAR
LINEAR
LINEAR
LINEAR
LINEAR
LINEAR
LINEAR
LINEAR
LINEAR
LINEAR
LINEAR
LINEAR
LINEAR
LINEAR
LINEAR
LINEAR
LINEAR
LINEAR
LINEAR
LINEAR
LINEAR
LINEAR
LINEAR
LINEAR
LINEAR
LINEAR
LINEAR
LINEAR
LINEAR
LINEAR
LINEAR
LINEAR
LINEAR
LINEAR
LINEAR
LINEAR
LINEAR
LINEAR
LINEAR
LINEAR
LINEAR
LINEAR
LINEAR
LINEAR
LINEAR
LINEAR
LINEAR
LINEAR
LINEAR
LINEAR
LINEAR
LINEAR
LINEAR
LINEAR
LINEAR
LINEAR
LINEAR
LINEAR
LINEAR
LINEAR
LINEAR
LINEAR
LINEAR
LINEAR
LINEAR
LINEAR
LINEAR
LINEAR
LINEAR
LINEAR
LINEAR
LINEAR
LINEAR
LINEAR
LINEAR
LINEAR
LINEAR
LINEAR
LINEAR
LINEAR
LINEAR
LINEAR
LINEAR
LINEAR
LINEAR
LINEAR
LINEAR
LINEAR
LINEAR
LINEAR
LINEAR
LINEAR
LINEAR
LINEAR
LINEAR
LINEAR
LINEAR
LINEAR
LINEAR
LINEAR
LINEAR
LINEAR
LINEAR
LINEAR
LINEAR
LINEAR
LINEAR
LINEAR
LINEAR
LINEAR
LINEAR
LINEAR
LINEAR
LINEAR
LINEAR
LINEAR
LINEAR
LINEAR
LINEAR
LINEAR
LINEAR
LINEAR
LINEAR
LINEAR
LINEAR
LINEAR
LINEAR
LINEAR
LINEAR
LINEAR
LINEAR
LINEAR
LINEAR
LINEAR
LINEAR
LINEAR
LINEAR
LINEAR
LINEAR
LINEAR
LINEAR
LINEAR
LINEAR
LINEAR
LINEAR
LINEAR
LINEAR
LINEAR
LINEAR
LINEAR
LINEAR
LINEAR
LINEAR
LINEAR
LINEAR
LINEAR
LINEAR
LINEAR
LINEAR
LINEAR
LINEAR
LINEAR
LINEAR
LINEAR
LINEAR
LINEAR
LINEAR
LINEAR
LINEAR
LINEAR
LINEAR
LINEAR
LINEAR
LINEAR
LINEAR
LINEAR
LINEAR
LINEAR
LINEAR
LINEAR
LINEAR
LINEAR
LINEAR
LINEAR</Name_array>
          <technique_common>
            <accessor count="224" offset="0" source="#RightUpperArm_0_0-Interpolations-array" stride="1">
              <param type="name" />
            </accessor>
          </technique_common>
        </source>
        <sampler id="RightUpperArm_0_0-Matrix-animation-transform">
          <input semantic="INPUT" source="#RightUpperArm_0_0-Matrix-animation-input" />
          <input semantic="OUTPUT" source="#RightUpperArm_0_0-Matrix-animation-output-transform" />
          <input semantic="INTERPOLATION" source="#RightUpperArm_0_0-Interpolations" />
        </sampler>
        <channel source="#RightUpperArm_0_0-Matrix-animation-transform" target="RightUpperArm/matrix" />
      </animation>
      <animation id="LeftUpperArm_0_1-anim" name="LeftUpperArm_0_1">
        <source id="LeftUpperArm_0_1-Matrix-animation-input">
          <float_array id="LeftUpperArm_0_1-Matrix-animation-input-array" count="224">0
0.01666667
0.03333334
0.05
0.06666667
0.08333334
0.1
0.1166667
0.1333333
0.15
0.1666667
0.1833333
0.2
0.2166667
0.2333333
0.25
0.2666667
0.2833334
0.3
0.3166667
0.3333334
0.3500001
0.3666668
0.3833334
0.4000001
0.4166668
0.4333335
0.4500002
0.4666668
0.4833335
0.5000002
0.5166668
0.5333335
0.5500001
0.5666668
0.5833334
0.6000001
0.6166667
0.6333334
0.65
0.6666667
0.6833333
0.7
0.7166666
0.7333333
0.7499999
0.7666666
0.7833332
0.7999999
0.8166665
0.8333332
0.8499998
0.8666665
0.8833331
0.8999998
0.9166664
0.9333331
0.9499997
0.9666664
0.9833331
0.9999997
1.016666
1.033333
1.05
1.066666
1.083333
1.1
1.116666
1.133333
1.15
1.166666
1.183333
1.2
1.216666
1.233333
1.25
1.266666
1.283333
1.299999
1.316666
1.333333
1.349999
1.366666
1.383333
1.399999
1.416666
1.433333
1.449999
1.466666
1.483333
1.499999
1.516666
1.533333
1.549999
1.566666
1.583333
1.599999
1.616666
1.633332
1.649999
1.666666
1.683332
1.699999
1.716666
1.733332
1.749999
1.766666
1.783332
1.799999
1.816666
1.833332
1.849999
1.866666
1.883332
1.899999
1.916666
1.933332
1.949999
1.966666
1.983332
1.999999
2.016665
2.033332
2.049999
2.066665
2.083332
2.099999
2.116665
2.133332
2.149999
2.166665
2.183332
2.199999
2.216665
2.233332
2.249999
2.266665
2.283332
2.299999
2.316665
2.333332
2.349998
