<?xml version="1.0" encoding="utf-8"?>
<COLLADA xmlns:xsi="http://www.w3.org/2001/XMLSchema-instance" xmlns:xsd="http://www.w3.org/2001/XMLSchema" version="1.4.1" xmlns="http://www.collada.org/2005/11/COLLADASchema">
  <asset>
    <created>2017-06-01T10:06:09.5473289+03:00</created>
    <modified>2017-06-01T10:06:09.5473289+03:00</modified>
    <unit meter="1" name="meter" />
    <up_axis>Y_UP</up_axis>
    <contributor>
      <authoring_tool>Skele: Character Animation Tools</authoring_tool>
      <comments>https://www.assetstore.unity3d.com/en/#!/content/16899</comments>
    </contributor>
    <revision>1.0</revision>
  </asset>
  <library_animation_clips>
    <animation_clip name="KamaraClap" start="0" end="2">
      <instance_animation url="KamaraClap_0" />
    </animation_clip>
  </library_animation_clips>
  <library_animations>
    <animation id="KamaraClap_0" name="KamaraClap">
      <animation id="Chest_0_0-anim" name="Chest_0_0">
        <source id="Chest_0_0-Matrix-animation-input">
          <float_array id="Chest_0_0-Matrix-animation-input-array" count="121">0
0.01666667
0.03333334
0.05
0.06666667
0.08333334
0.1
0.1166667
0.1333333
0.15
0.1666667
0.1833333
0.2
0.2166667
0.2333333
0.25
0.2666667
0.2833334
0.3
0.3166667
0.3333334
0.3500001
0.3666668
0.3833334
0.4000001
0.4166668
0.4333335
0.4500002
0.4666668
0.4833335
0.5000002
0.5166668
0.5333335
0.5500001
0.5666668
0.5833334
0.6000001
0.6166667
0.6333334
0.65
0.6666667
0.6833333
0.7
0.7166666
0.7333333
0.7499999
0.7666666
0.7833332
0.7999999
0.8166665
0.8333332
0.8499998
0.8666665
0.8833331
0.8999998
0.9166664
0.9333331
0.9499997
0.9666664
0.9833331
0.9999997
1.016666
1.033333
1.05
1.066666
1.083333
1.1
1.116666
1.133333
1.15
1.166666
1.183333
1.2
1.216666
1.233333
1.25
1.266666
1.283333
1.299999
1.316666
1.333333
1.349999
1.366666
1.383333
1.399999
1.416666
1.433333
1.449999
1.466666
1.483333
1.499999
1.516666
1.533333
1.549999
1.566666
1.583333
1.599999
1.616666
1.633332
1.649999
1.666666
1.683332
1.699999
1.716666
1.733332
1.749999
1.766666
1.783332
1.799999
1.816666
1.833332
1.849999
1.866666
1.883332
1.899999
1.916666
1.933332
1.949999
1.966666
1.983332
1.999999
</float_array>
          <technique_common>
            <accessor count="121" offset="0" source="#Chest_0_0-Matrix-animation-input-array" stride="1">
              <param name="TIME" type="float" />
            </accessor>
          </technique_common>
        </source>
        <source id="Chest_0_0-Matrix-animation-output-transform">
          <float_array id="Chest_0_0-Matrix-animation-output-transform-array" count="1936">1 0 0 4.358589E-07 
0 0.999793 -0.02034408 0.2666135 
0 0.02034408 0.9997931 7.227064E-07 
0 0 0 1 
1 -2.41447E-18 -1.497047E-16 4.358589E-07 
-5.392801E-19 0.9998053 -0.01972737 0.2666135 
1.497232E-16 0.01972737 0.9998054 7.227064E-07 
0 0 0 1 
1 -4.686996E-18 -3.025142E-16 4.358589E-07 
-1.089745E-18 0.9998177 -0.01909294 0.2666135 
3.025485E-16 0.01909294 0.9998177 7.227064E-07 
0 0 0 1 
1 -6.793209E-18 -4.575828E-16 4.358589E-07 
-1.648347E-18 0.9998298 -0.01844563 0.2666135 
4.576302E-16 0.01844562 0.9998299 7.227064E-07 
0 0 0 1 
1 -8.713697E-18 -6.140644E-16 4.358589E-07 
-2.212039E-18 0.9998417 -0.01779025 0.2666135 
6.141223E-16 0.01779024 0.9998417 7.227064E-07 
0 0 0 1 
1 -1.04342E-17 -7.711134E-16 4.358589E-07 
-2.777776E-18 0.9998532 -0.01713165 0.2666135 
7.71179E-16 0.01713164 0.9998533 7.227064E-07 
0 0 0 1 
1 -1.194566E-17 -9.278837E-16 4.358589E-07 
-3.342507E-18 0.9998642 -0.01647464 0.2666135 
9.279547E-16 0.01647464 0.9998643 7.227064E-07 
0 0 0 1 
1 -1.324431E-17 -1.083529E-15 4.358589E-07 
-3.903187E-18 0.9998747 -0.01582407 0.2666135 
1.083603E-15 0.01582407 0.9998748 7.227064E-07 
0 0 0 1 
1 -1.433153E-17 -1.237204E-15 4.358589E-07 
-4.45677E-18 0.9998847 -0.01518477 0.2666135 
1.237279E-15 0.01518477 0.9998847 7.227064E-07 
0 0 0 1 
1 -1.521375E-17 -1.388061E-15 4.358589E-07 
-5.000202E-18 0.9998939 -0.01456156 0.2666135 
1.388135E-15 0.01456156 0.999894 7.227064E-07 
0 0 0 1 
1 -1.590216E-17 -1.535255E-15 4.358589E-07 
-5.530434E-18 0.9999025 -0.01395928 0.2666135 
1.535327E-15 0.01395928 0.9999025 7.227064E-07 
0 0 0 1 
1 -1.641249E-17 -1.677939E-15 4.358589E-07 
-6.044423E-18 0.9999104 -0.01338276 0.2666135 
1.678008E-15 0.01338276 0.9999105 7.227064E-07 
0 0 0 1 
1 -1.676452E-17 -1.815267E-15 4.358589E-07 
-6.539122E-18 0.9999176 -0.01283683 0.2666135 
1.815333E-15 0.01283683 0.9999176 7.227064E-07 
0 0 0 1 
1 -1.698166E-17 -1.946393E-15 4.358589E-07 
-7.011473E-18 0.9999239 -0.01232632 0.2666135 
1.946454E-15 0.01232631 0.999924 7.227064E-07 
0 0 0 1 
1 -1.709037E-17 -2.070469E-15 4.358589E-07 
-7.45843E-18 0.9999297 -0.01185606 0.2666135 
2.070526E-15 0.01185606 0.9999297 7.227064E-07 
0 0 0 1 
1 -1.708698E-17 -2.193578E-15 4.358589E-07 
-7.901905E-18 0.999935 -0.01139133 0.2666135 
2.19363E-15 0.01139133 0.9999351 7.227064E-07 
0 0 0 1 
1 -1.694272E-17 -2.321146E-15 4.358589E-07 
-8.36144E-18 0.9999405 -0.01090115 0.2666135 
2.321192E-15 0.01090115 0.9999406 7.227064E-07 
0 0 0 1 
1 -1.665446E-17 -2.451346E-15 4.358589E-07 
-8.830465E-18 0.9999459 -0.01039593 0.2666135 
2.451386E-15 0.01039593 0.9999459 7.227064E-07 
0 0 0 1 
1 -1.622784E-17 -2.582353E-15 4.358589E-07 
-9.302384E-18 0.9999511 -0.009886112 0.2666135 
2.582387E-15 0.009886111 0.9999511 7.227064E-07 
0 0 0 1 
1 -1.567754E-17 -2.712341E-15 4.358589E-07 
-9.770645E-18 0.999956 -0.009382114 0.2666135 
2.712369E-15 0.009382113 0.999956 7.227064E-07 
0 0 0 1 
1 -1.502734E-17 -2.839483E-15 4.358589E-07 
-1.022864E-17 0.9999604 -0.008894361 0.2666135 
2.839505E-15 0.00889436 0.9999604 7.227064E-07 
0 0 0 1 
1 -1.430969E-17 -2.961955E-15 4.358589E-07 
-1.066982E-17 0.9999644 -0.008433284 0.2666135 
2.96197E-15 0.008433283 0.9999644 7.227064E-07 
0 0 0 1 
1 -1.356493E-17 -3.077928E-15 4.358589E-07 
-1.108759E-17 0.9999679 -0.008009313 0.2666135 
3.077938E-15 0.008009312 0.9999679 7.227064E-07 
0 0 0 1 
1 -1.28401E-17 -3.185579E-15 4.358589E-07 
-1.147538E-17 0.9999708 -0.007632868 0.2666135 
3.185584E-15 0.007632867 0.9999709 7.227064E-07 
0 0 0 1 
1 -1.218742E-17 -3.283079E-15 4.358589E-07 
-1.18266E-17 0.9999732 -0.007314382 0.2666135 
3.283081E-15 0.007314381 0.9999732 7.227064E-07 
0 0 0 1 
1 -1.166237E-17 -3.368605E-15 4.358589E-07 
-1.21347E-17 0.999975 -0.007064281 0.2666135 
3.368604E-15 0.007064281 0.999975 7.227064E-07 
0 0 0 1 
1 -1.132136E-17 -3.440329E-15 4.358589E-07 
-1.239307E-17 0.9999762 -0.006892991 0.2666135 
3.440326E-15 0.006892991 0.9999762 7.227064E-07 
0 0 0 1 
1 -1.121906E-17 -3.496426E-15 4.358589E-07 
-1.259514E-17 0.9999768 -0.00681094 0.2666135 
3.496421E-15 0.006810939 0.9999768 7.227064E-07 
0 0 0 1 
1 -1.140533E-17 -3.535069E-15 4.358589E-07 
-1.273434E-17 0.9999766 -0.006828554 0.2666135 
3.535064E-15 0.006828554 0.9999767 7.227064E-07 
0 0 0 1 
1 -1.192176E-17 -3.554433E-15 4.358589E-07 
-1.28041E-17 0.9999757 -0.006956263 0.2666135 
3.55443E-15 0.006956263 0.9999758 7.227064E-07 
0 0 0 1 
1 -1.279783E-17 -3.552691E-15 4.358589E-07 
-1.279782E-17 0.999974 -0.007204489 0.2666135 
3.55269E-15 0.007204489 0.9999741 7.227064E-07 
0 0 0 1 
1 -1.787589E-17 -3.532847E-15 4.358589E-07 
-8.91454E-18 0.9999712 -0.007583097 0.2666135 
3.53288E-15 0.007583097 0.9999713 7.227064E-07 
0 0 0 1 
1 -3.042235E-17 -3.499589E-15 4.358589E-07 
2.11469E-18 0.9999672 -0.008088568 0.2666135 
3.499721E-15 0.008088567 0.9999673 7.227064E-07 
0 0 0 1 
1 -4.958593E-17 -3.453629E-15 4.358589E-07 
1.949855E-17 0.999962 -0.008711272 0.2666135 
3.45393E-15 0.008711271 0.999962 7.227064E-07 
0 0 0 1 
1 -7.450952E-17 -3.395673E-15 4.358589E-07 
4.244571E-17 0.9999554 -0.009441575 0.2666135 
3.396225E-15 0.009441574 0.9999554 7.227064E-07 
0 0 0 1 
1 -1.043322E-16 -3.32643E-15 4.358589E-07 
7.016477E-17 0.9999472 -0.01026984 0.2666135 
3.327326E-15 0.01026984 0.9999472 7.227064E-07 
0 0 0 1 
1 -1.38191E-16 -3.246607E-15 4.358589E-07 
1.018643E-16 0.9999374 -0.01118644 0.2666135 
3.24795E-15 0.01118644 0.9999374 7.227064E-07 
0 0 0 1 
1 -1.752226E-16 -3.156912E-15 4.358589E-07 
1.36753E-16 0.9999257 -0.01218173 0.2666135 
3.158813E-15 0.01218173 0.9999258 7.227064E-07 
0 0 0 1 
1 -2.145653E-16 -3.058055E-15 4.358589E-07 
1.740392E-16 0.9999122 -0.01324608 0.2666135 
3.060629E-15 0.01324608 0.9999123 7.227064E-07 
0 0 0 1 
1 -2.553597E-16 -2.950745E-15 4.358589E-07 
2.129316E-16 0.9998967 -0.01436985 0.2666135 
2.954109E-15 0.01436985 0.9998968 7.227064E-07 
0 0 0 1 
1 -2.967509E-16 -2.835689E-15 4.358589E-07 
2.526388E-16 0.9998791 -0.01554342 0.2666135 
2.839959E-15 0.01554342 0.9998792 7.227064E-07 
0 0 0 1 
1 -3.378887E-16 -2.713598E-15 4.358589E-07 
2.923692E-16 0.9998595 -0.01675713 0.2666135 
2.718879E-15 0.01675713 0.9998596 7.227064E-07 
0 0 0 1 
1 -3.779297E-16 -2.585179E-15 4.358589E-07 
3.313317E-16 0.9998379 -0.01800137 0.2666135 
2.591563E-15 0.01800137 0.9998379 7.227064E-07 
0 0 0 1 
1 -4.160372E-16 -2.451143E-15 4.358589E-07 
3.687351E-16 0.9998143 -0.01926648 0.2666135 
2.458704E-15 0.01926648 0.9998144 7.227064E-07 
0 0 0 1 
1 -4.513824E-16 -2.3122E-15 4.358589E-07 
4.03788E-16 0.9997889 -0.02054285 0.2666135 
2.320984E-15 0.02054285 0.999789 7.227064E-07 
0 0 0 1 
1 -4.831455E-16 -2.169057E-15 4.358589E-07 
4.356999E-16 0.9997618 -0.02182084 0.2666135 
2.179084E-15 0.02182084 0.9997619 7.227064E-07 
0 0 0 1 
1 -5.105151E-16 -2.022426E-15 4.358589E-07 
4.636795E-16 0.9997333 -0.02309081 0.2666135 
2.033675E-15 0.0230908 0.9997334 7.227064E-07 
0 0 0 1 
1 -5.326894E-16 -1.873014E-15 4.358589E-07 
4.869366E-16 0.9997036 -0.02434313 0.2666135 
1.885426E-15 0.02434313 0.9997036 7.227064E-07 
0 0 0 1 
1 -5.488764E-16 -1.721532E-15 4.358589E-07 
5.046805E-16 0.999673 -0.02556818 0.2666135 
1.735003E-15 0.02556818 0.9996731 7.227064E-07 
0 0 0 1 
1 -5.582934E-16 -1.568688E-15 4.358589E-07 
5.161212E-16 0.999642 -0.02675633 0.2666135 
1.583065E-15 0.02675632 0.999642 7.227064E-07 
0 0 0 1 
1 -5.601671E-16 -1.415192E-15 4.358589E-07 
5.204682E-16 0.9996107 -0.02789794 0.2666135 
1.430268E-15 0.02789794 0.9996108 7.227064E-07 
0 0 0 1 
1 -5.537341E-16 -1.26175E-15 4.358589E-07 
5.169318E-16 0.9995798 -0.0289834 0.2666135 
1.277269E-15 0.0289834 0.9995799 7.227064E-07 
0 0 0 1 
1 -5.382399E-16 -1.109072E-15 4.358589E-07 
5.047221E-16 0.9995497 -0.03000308 0.2666135 
1.124722E-15 0.03000308 0.9995498 7.227064E-07 
0 0 0 1 
1 -5.129379E-16 -9.578659E-16 4.358589E-07 
4.830489E-16 0.999521 -0.03094736 0.2666135 
9.732813E-16 0.03094736 0.999521 7.227064E-07 
0 0 0 1 
1 -4.770906E-16 -8.088385E-16 4.358589E-07 
4.511229E-16 0.999494 -0.03180661 0.2666135 
8.236039E-16 0.03180661 0.999494 7.227064E-07 
0 0 0 1 
1 -4.299668E-16 -6.626967E-16 4.358589E-07 
4.081539E-16 0.9994693 -0.03257122 0.2666135 
6.763497E-16 0.03257121 0.9994694 7.227064E-07 
0 0 0 1 
1 -3.708419E-16 -5.201481E-16 4.358589E-07 
3.533517E-16 0.9994476 -0.03323155 0.2666135 
5.321844E-16 0.03323155 0.9994477 7.227064E-07 
0 0 0 1 
1 -2.989968E-16 -3.81898E-16 4.358589E-07 
2.859265E-16 0.9994293 -0.03377802 0.2666135 
3.917796E-16 0.03377802 0.9994293 7.227064E-07 
0 0 0 1 
1 -2.137164E-16 -2.486529E-16 4.358589E-07 
2.050872E-16 0.9994149 -0.03420096 0.2666135 
2.558168E-16 0.03420096 0.999415 7.227064E-07 
0 0 0 1 
1 -1.142882E-16 -1.211196E-16 4.358589E-07 
1.100427E-16 0.999405 -0.03449079 0.2666135 
1.249894E-16 0.03449079 0.999405 7.227064E-07 
0 0 0 1 
1 -2.000648E-21 -3.073126E-21 4.358589E-07 
1.893001E-21 0.9993998 -0.03463785 0.2666135 
3.14058E-21 0.03463785 0.9993999 7.227064E-07 
0 0 0 1 
1 1.374448E-16 1.21396E-16 4.358589E-07 
-1.331574E-16 0.9993998 -0.03463806 0.2666135 
-1.26084E-16 0.03463806 0.9993999 7.227064E-07 
0 0 0 1 
1 3.042525E-16 2.497281E-16 4.358589E-07 
-2.954558E-16 0.9994047 -0.03449979 0.2666135 
-2.60076E-16 0.03449979 0.9994047 7.227064E-07 
0 0 0 1 
1 4.979787E-16 3.842207E-16 4.358589E-07 
-4.845341E-16 0.9994138 -0.03423222 0.2666135 
-4.010424E-16 0.03423221 0.9994139 7.227064E-07 
0 0 0 1 
1 7.161817E-16 5.241003E-16 4.358589E-07 
-6.980335E-16 0.9994271 -0.03384446 0.2666135 
-5.480388E-16 0.03384446 0.9994271 7.227064E-07 
0 0 0 1 
1 9.564219E-16 6.685932E-16 4.358589E-07 
-9.335954E-16 0.9994438 -0.03334569 0.2666135 
-7.001139E-16 0.03334569 0.9994439 7.227064E-07 
0 0 0 1 
1 1.216263E-15 8.16925E-16 4.358589E-07 
-1.188861E-15 0.9994637 -0.03274503 0.2666135 
-8.563135E-16 0.03274503 0.9994637 7.227064E-07 
0 0 0 1 
1 1.493274E-15 9.683216E-16 4.358589E-07 
-1.461471E-15 0.9994861 -0.03205165 0.2666135 
-1.015686E-15 0.03205164 0.9994862 7.227064E-07 
0 0 0 1 
1 1.785029E-15 1.122008E-15 4.358589E-07 
-1.749065E-15 0.9995108 -0.03127467 0.2666135 
-1.177286E-15 0.03127467 0.9995108 7.227064E-07 
0 0 0 1 
1 2.089109E-15 1.277211E-15 4.358589E-07 
-2.049285E-15 0.9995371 -0.03042326 0.2666135 
-1.340177E-15 0.03042326 0.9995371 7.227064E-07 
0 0 0 1 
1 2.403102E-15 1.433153E-15 4.358589E-07 
-2.359769E-15 0.9995645 -0.02950655 0.2666135 
-1.503436E-15 0.02950655 0.9995646 7.227064E-07 
0 0 0 1 
1 2.724606E-15 1.589059E-15 4.358589E-07 
-2.678155E-15 0.9995928 -0.0285337 0.2666135 
-1.666155E-15 0.0285337 0.9995928 7.227064E-07 
0 0 0 1 
1 3.051225E-15 1.744154E-15 4.358589E-07 
-3.002082E-15 0.9996214 -0.02751385 0.2666135 
-1.827444E-15 0.02751385 0.9996215 7.227064E-07 
0 0 0 1 
1 3.380574E-15 1.89766E-15 4.358589E-07 
-3.329186E-15 0.9996499 -0.02645615 0.2666135 
-1.986433E-15 0.02645615 0.99965 7.227064E-07 
0 0 0 1 
1 3.710276E-15 2.048803E-15 4.358589E-07 
-3.657105E-15 0.9996781 -0.02536977 0.2666135 
-2.142273E-15 0.02536977 0.9996781 7.227064E-07 
0 0 0 1 
1 4.037965E-15 2.196804E-15 4.358589E-07 
-3.983473E-15 0.9997056 -0.02426383 0.2666135 
-2.294134E-15 0.02426383 0.9997056 7.227064E-07 
0 0 0 1 
1 4.361283E-15 2.340888E-15 4.358589E-07 
-4.305929E-15 0.999732 -0.02314751 0.2666135 
-2.441214E-15 0.02314751 0.9997321 7.227064E-07 
0 0 0 1 
1 4.67788E-15 2.480277E-15 4.358589E-07 
-4.622104E-15 0.9997572 -0.02202996 0.2666135 
-2.582728E-15 0.02202996 0.9997573 7.227064E-07 
0 0 0 1 
1 4.985415E-15 2.614194E-15 4.358589E-07 
-4.929634E-15 0.9997811 -0.02092033 0.2666135 
-2.717918E-15 0.02092032 0.9997811 7.227064E-07 
0 0 0 1 
1 5.28156E-15 2.741862E-15 4.358589E-07 
-5.226157E-15 0.9998034 -0.01982777 0.2666135 
-2.846044E-15 0.01982777 0.9998034 7.227064E-07 
0 0 0 1 
1 5.563985E-15 2.862503E-15 4.358589E-07 
-5.509301E-15 0.9998239 -0.01876145 0.2666135 
-2.966388E-15 0.01876145 0.999824 7.227064E-07 
0 0 0 1 
1 5.830376E-15 2.975342E-15 4.358589E-07 
-5.776705E-15 0.9998428 -0.01773052 0.2666135 
-3.07825E-15 0.01773052 0.9998428 7.227064E-07 
0 0 0 1 
1 6.078421E-15 3.0796E-15 4.358589E-07 
-6.026004E-15 0.9998598 -0.01674415 0.2666135 
-3.180947E-15 0.01674414 0.9998598 7.227064E-07 
0 0 0 1 
1 6.305811E-15 3.174502E-15 4.358589E-07 
-6.25483E-15 0.9998749 -0.01581148 0.2666135 
-3.273809E-15 0.01581148 0.999875 7.227064E-07 
0 0 0 1 
1 6.510245E-15 3.25927E-15 4.358589E-07 
-6.46082E-15 0.9998883 -0.01494168 0.2666135 
-3.35618E-15 0.01494168 0.9998884 7.227064E-07 
0 0 0 1 
1 6.68942E-15 3.333129E-15 4.358589E-07 
-6.641608E-15 0.9998999 -0.0141439 0.2666135 
-3.42741E-15 0.0141439 0.9999 7.227064E-07 
0 0 0 1 
1 6.841036E-15 3.3953E-15 4.358589E-07 
-6.79483E-15 0.9999098 -0.01342731 0.2666135 
-3.486851E-15 0.01342731 0.9999099 7.227064E-07 
0 0 0 1 
1 6.962793E-15 3.445009E-15 4.358589E-07 
-6.918123E-15 0.999918 -0.01280107 0.2666135 
-3.533859E-15 0.01280106 0.999918 7.227064E-07 
0 0 0 1 
1 7.052384E-15 3.481479E-15 4.358589E-07 
-7.009121E-15 0.9999246 -0.01227432 0.2666135 
-3.567781E-15 0.01227431 0.9999247 7.227064E-07 
0 0 0 1 
1 7.107505E-15 3.503935E-15 4.358589E-07 
-7.065463E-15 0.9999297 -0.01185623 0.2666135 
-3.587957E-15 0.01185623 0.9999297 7.227064E-07 
0 0 0 1 
1 7.125837E-15 3.511599E-15 4.358589E-07 
-7.084782E-15 0.9999332 -0.01155596 0.2666135 
-3.59371E-15 0.01155596 0.9999332 7.227064E-07 
0 0 0 1 
1 7.109555E-15 3.503935E-15 4.358589E-07 
-7.069319E-15 0.9999355 -0.01135249 0.2666135 
-3.584421E-15 0.01135249 0.9999356 7.227064E-07 
0 0 0 1 
1 7.063428E-15 3.481441E-15 4.358589E-07 
-7.023935E-15 0.9999371 -0.0112163 0.2666135 
-3.560447E-15 0.0112163 0.9999371 7.227064E-07 
0 0 0 1 
1 6.989032E-15 3.444898E-15 4.358589E-07 
-6.950209E-15 0.9999378 -0.01114386 0.2666135 
-3.522568E-15 0.01114386 0.9999379 7.227064E-07 
0 0 0 1 
1 6.88793E-15 3.395086E-15 4.358589E-07 
-6.849711E-15 0.999938 -0.01113163 0.2666135 
-3.471549E-15 0.01113163 0.9999381 7.227064E-07 
0 0 0 1 
1 6.761688E-15 3.332786E-15 4.358589E-07 
-6.724019E-15 0.9999375 -0.01117607 0.2666135 
-3.408147E-15 0.01117607 0.9999375 7.227064E-07 
0 0 0 1 
1 6.611865E-15 3.258779E-15 4.358589E-07 
-6.574707E-15 0.9999364 -0.01127364 0.2666135 
-3.333112E-15 0.01127364 0.9999365 7.227064E-07 
0 0 0 1 
1 6.440018E-15 3.173845E-15 4.358589E-07 
-6.403351E-15 0.9999347 -0.01142079 0.2666135 
-3.247188E-15 0.01142079 0.9999348 7.227064E-07 
0 0 0 1 
1 6.247702E-15 3.078765E-15 4.358589E-07 
-6.211524E-15 0.9999325 -0.01161399 0.2666135 
-3.151119E-15 0.01161399 0.9999325 7.227064E-07 
0 0 0 1 
1 6.03647E-15 2.97432E-15 4.358589E-07 
-6.000802E-15 0.9999297 -0.01184968 0.2666135 
-3.045642E-15 0.01184968 0.9999298 7.227064E-07 
0 0 0 1 
1 5.807877E-15 2.86129E-15 4.358589E-07 
-5.77276E-15 0.9999264 -0.01212434 0.2666135 
-2.931497E-15 0.01212434 0.9999265 7.227064E-07 
0 0 0 1 
1 5.563478E-15 2.740456E-15 4.358589E-07 
-5.528972E-15 0.9999226 -0.01243441 0.2666135 
-2.809423E-15 0.01243441 0.9999227 7.227064E-07 
0 0 0 1 
1 5.304826E-15 2.612598E-15 4.358589E-07 
-5.271014E-15 0.9999183 -0.01277635 0.2666135 
-2.680161E-15 0.01277635 0.9999184 7.227064E-07 
0 0 0 1 
1 5.03348E-15 2.478498E-15 4.358589E-07 
-5.000461E-15 0.9999135 -0.01314663 0.2666135 
-2.544457E-15 0.01314662 0.9999136 7.227064E-07 
0 0 0 1 
1 4.750997E-15 2.338936E-15 4.358589E-07 
-4.718889E-15 0.9999083 -0.01354169 0.2666135 
-2.403058E-15 0.01354169 0.9999083 7.227064E-07 
0 0 0 1 
1 4.458938E-15 2.194691E-15 4.358589E-07 
-4.42787E-15 0.9999025 -0.01395801 0.2666135 
-2.256715E-15 0.01395801 0.9999026 7.227064E-07 
0 0 0 1 
1 4.158867E-15 2.046546E-15 4.358589E-07 
-4.128983E-15 0.9998963 -0.01439203 0.2666135 
-2.106189E-15 0.01439203 0.9998964 7.227064E-07 
0 0 0 1 
1 3.852348E-15 1.89528E-15 4.358589E-07 
-3.823798E-15 0.9998898 -0.01484021 0.2666135 
-1.952242E-15 0.01484021 0.9998899 7.227064E-07 
0 0 0 1 
1 3.540953E-15 1.741675E-15 4.358589E-07 
-3.513894E-15 0.9998829 -0.01529901 0.2666135 
-1.795645E-15 0.01529901 0.9998829 7.227064E-07 
0 0 0 1 
1 3.226256E-15 1.586511E-15 4.358589E-07 
-3.200845E-15 0.9998757 -0.0157649 0.2666135 
-1.637176E-15 0.0157649 0.9998757 7.227064E-07 
0 0 0 1 
1 2.909832E-15 1.430569E-15 4.358589E-07 
-2.886224E-15 0.9998682 -0.01623432 0.2666135 
-1.477619E-15 0.01623432 0.9998682 7.227064E-07 
0 0 0 1 
1 2.593261E-15 1.274628E-15 4.358589E-07 
-2.571608E-15 0.9998604 -0.01670374 0.2666135 
-1.317767E-15 0.01670374 0.9998605 7.227064E-07 
0 0 0 1 
1 2.278127E-15 1.11947E-15 4.358589E-07 
-2.258571E-15 0.9998525 -0.01716962 0.2666135 
-1.158419E-15 0.01716962 0.9998526 7.227064E-07 
0 0 0 1 
1 1.966019E-15 9.658745E-16 4.358589E-07 
-1.948687E-15 0.9998446 -0.01762841 0.2666135 
-1.000382E-15 0.01762841 0.9998446 7.227064E-07 
0 0 0 1 
1 1.658526E-15 8.146228E-16 4.358589E-07 
-1.64353E-15 0.9998366 -0.01807657 0.2666135 
-8.444701E-16 0.01807657 0.9998366 7.227064E-07 
0 0 0 1 
1 1.357245E-15 6.664943E-16 4.358589E-07 
-1.344675E-15 0.9998286 -0.01851057 0.2666135 
-6.915036E-16 0.01851056 0.9998286 7.227064E-07 
0 0 0 1 
1 1.063771E-15 5.222692E-16 4.358589E-07 
-1.053696E-15 0.9998208 -0.01892684 0.2666135 
-5.423095E-16 0.01892684 0.9998209 7.227064E-07 
0 0 0 1 
1 7.797074E-16 3.827283E-16 4.358589E-07 
-7.721669E-16 0.9998133 -0.01932188 0.2666135 
-3.977223E-16 0.01932188 0.9998133 7.227064E-07 
0 0 0 1 
1 5.06656E-16 2.486512E-16 4.358589E-07 
-5.016614E-16 0.999806 -0.01969212 0.2666135 
-2.585801E-16 0.01969212 0.9998061 7.227064E-07 
0 0 0 1 
1 2.462231E-16 1.208181E-16 4.358589E-07 
-2.437532E-16 0.9997993 -0.02003402 0.2666135 
-1.257267E-16 0.02003402 0.9997993 7.227064E-07 
0 0 0 1 
1 1.761175E-20 8.635727E-21 4.358589E-07 
-1.743242E-20 0.999793 -0.02034406 0.2666135 
-8.992234E-21 0.02034406 0.9997931 7.227064E-07 
0 0 0 1 
</float_array>
          <technique_common>
            <accessor count="121" offset="0" source="#Chest_0_0-Matrix-animation-output-transform-array" stride="16">
              <param type="float4x4" />
            </accessor>
          </technique_common>
        </source>
        <source id="Chest_0_0-Interpolations">
          <Name_array id="Chest_0_0-Interpolations-array" count="121">LINEAR
LINEAR
LINEAR
LINEAR
LINEAR
LINEAR
LINEAR
LINEAR
LINEAR
LINEAR
LINEAR
LINEAR
LINEAR
LINEAR
LINEAR
LINEAR
LINEAR
LINEAR
LINEAR
LINEAR
LINEAR
LINEAR
LINEAR
LINEAR
LINEAR
LINEAR
LINEAR
LINEAR
LINEAR
LINEAR
LINEAR
LINEAR
LINEAR
LINEAR
LINEAR
LINEAR
LINEAR
LINEAR
LINEAR
LINEAR
LINEAR
LINEAR
LINEAR
LINEAR
LINEAR
LINEAR
LINEAR
LINEAR
LINEAR
LINEAR
LINEAR
LINEAR
LINEAR
LINEAR
LINEAR
LINEAR
LINEAR
LINEAR
LINEAR
LINEAR
LINEAR
LINEAR
LINEAR
LINEAR
LINEAR
LINEAR
LINEAR
LINEAR
LINEAR
LINEAR
LINEAR
LINEAR
LINEAR
LINEAR
LINEAR
LINEAR
LINEAR
LINEAR
LINEAR
LINEAR
LINEAR
LINEAR
LINEAR
LINEAR
LINEAR
LINEAR
LINEAR
LINEAR
LINEAR
LINEAR
LINEAR
LINEAR
LINEAR
LINEAR
LINEAR
LINEAR
LINEAR
LINEAR
LINEAR
LINEAR
LINEAR
LINEAR
LINEAR
LINEAR
LINEAR
LINEAR
LINEAR
LINEAR
LINEAR
LINEAR
LINEAR
LINEAR
LINEAR
LINEAR
LINEAR
LINEAR
LINEAR
LINEAR
LINEAR
LINEAR
LINEAR</Name_array>
          <technique_common>
            <accessor count="121" offset="0" source="#Chest_0_0-Interpolations-array" stride="1">
              <param type="name" />
            </accessor>
          </technique_common>
        </source>
        <sampler id="Chest_0_0-Matrix-animation-transform">
          <input semantic="INPUT" source="#Chest_0_0-Matrix-animation-input" />
          <input semantic="OUTPUT" source="#Chest_0_0-Matrix-animation-output-transform" />
          <input semantic="INTERPOLATION" source="#Chest_0_0-Interpolations" />
        </sampler>
        <channel source="#Chest_0_0-Matrix-animation-transform" target="Chest/matrix" />
      </animation>
      <animation id="LeftUpperArm_0_1-anim" name="LeftUpperArm_0_1">
        <source id="LeftUpperArm_0_1-Matrix-animation-input">
          <float_array id="LeftUpperArm_0_1-Matrix-animation-input-array" count="121">0
0.01666667
0.03333334
0.05
0.06666667
0.08333334
0.1
0.1166667
0.1333333
0.15
0.1666667
0.1833333
0.2
0.2166667
0.2333333
0.25
0.2666667
0.2833334
0.3
0.3166667
0.3333334
0.3500001
0.3666668
0.3833334
0.4000001
0.4166668
0.4333335
0.4500002
0.4666668
0.4833335
0.5000002
0.5166668
0.5333335
0.5500001
0.5666668
0.5833334
0.6000001
0.6166667
0.6333334
0.65
0.6666667
0.6833333
0.7
0.7166666
0.7333333
0.7499999
0.7666666
0.7833332
0.7999999
0.8166665
0.8333332
0.8499998
0.8666665
0.8833331
0.8999998
0.9166664
0.9333331
0.9499997
0.9666664
0.9833331
0.9999997
1.016666
1.033333
1.05
1.066666
1.083333
1.1
1.116666
1.133333
1.15
1.166666
1.183333
1.2
1.216666
1.233333
1.25
1.266666
1.283333
1.299999
1.316666
1.333333
1.349999
1.366666
1.383333
1.399999
1.416666
1.433333
1.449999
1.466666
1.483333
1.499999
1.516666
1.533333
1.549999
1.566666
1.583333
1.599999
1.616666
1.633332
1.649999
1.666666
1.683332
1.699999
1.716666
1.733332
1.749999
1.766666
1.783332
1.799999
1.816666
1.833332
1.849999
1.866666
1.883332
1.899999
1.916666
1.933332
1.949999
1.966666
1.983332
1.999999
</float_array>
          <technique_common>
            <accessor count="121" offset="0" source="#LeftUpperArm_0_1-Matrix-animation-input-array" stride="1">
              <param name="TIME" type="float" />
            </accessor>
          </technique_common>
        </source>
        <source id="LeftUpperArm_0_1-Matrix-animation-output-transform">
          <float_array id="LeftUpperArm_0_1-Matrix-animation-output-transform-array" count="1936">0.088875 0.08729791 0.9922099 0.1937947 
0.7505277 -0.6607768 -0.009089559 0.2713284 
0.6548355 0.7454891 -0.124246 2.140529E-06 
0 0 0 1 
0.0890007 0.08307045 0.9925615 0.1937947 
0.7483659 -0.6631849 -0.01160032 0.2713284 
0.6572879 0.7438319 -0.121191 2.166505E-06 
0 0 0 1 
0.08910869 0.07842191 0.9929299 0.1937947 
0.7459757 -0.6658186 -0.01435965 0.2713284 
0.6599847 0.7419814 -0.1178311 2.195054E-06 
0 0 0 1 
0.08918931 0.07346646 0.9933017 0.1937947 
0.7434126 -0.6686098 -0.01729992 0.2713284 
0.6628599 0.7399761 -0.1142488 2.225476E-06 
0 0 0 1 
0.08923516 0.06831856 0.9936649 0.1937947 
0.7407329 -0.6714916 -0.02035305 0.2713284 
0.6658468 0.7378567 -0.1105264 2.257067E-06 
0 0 0 1 
0.08924219 0.06309254 0.9940097 0.1937947 
0.737995 -0.6743988 -0.02345124 0.2713284 
0.6688792 0.7356672 -0.1067468 2.289126E-06 
0 0 0 1 
0.08920968 0.05790351 0.9943284 0.1937947 
0.7352589 -0.6772674 -0.02652648 0.2713284 
0.67189 0.7334554 -0.1029929 2.32095E-06 
0 0 0 1 
0.08914029 0.05286599 0.9946152 0.1937947 
0.7325861 -0.6800346 -0.02951115 0.2713284 
0.6748124 0.731272 -0.09934735 2.35184E-06 
0 0 0 1 
0.08904053 0.04809521 0.9948663 0.1937947 
0.7300394 -0.68264 -0.03233731 0.2713284 
0.6775799 0.729171 -0.0958941 2.381091E-06 
0 0 0 1 
0.08891895 0.04370574 0.9950795 0.1937947 
0.7276828 -0.6850235 -0.03493723 0.2713283 
0.6801257 0.727209 -0.0927155 2.408003E-06 
0 0 0 1 
0.08878756 0.03981252 0.9952548 0.1937947 
0.7255821 -0.6871273 -0.03724313 0.2713283 
0.6823837 0.7254459 -0.08989561 2.431874E-06 
0 0 0 1 
0.08865914 0.03652973 0.995392 0.1937947 
0.723803 -0.6888933 -0.03918722 0.2713283 
0.6842871 0.7239422 -0.08751702 2.452001E-06 
0 0 0 1 
0.08854824 0.03397212 0.9954925 0.1937947 
0.722412 -0.6902642 -0.04070202 0.2713283 
0.6857698 0.72276 -0.08566356 2.467684E-06 
0 0 0 1 
0.08846816 0.03225411 0.9955567 0.1937947 
0.721475 -0.6911828 -0.04171947 0.2713283 
0.6867658 0.7219602 -0.08441818 2.478219E-06 
0 0 0 1 
0.08843122 0.03148977 0.9955846 0.1937947 
0.7210577 -0.691591 -0.0421721 0.2713283 
0.6872089 0.7216035 -0.08386421 2.482906E-06 
0 0 0 1 
0.08845165 0.03203575 0.9955653 0.1937947 
0.7212827 -0.6913766 -0.0418354 0.2713283 
0.6869701 0.7217845 -0.08426023 2.480363E-06 
0 0 0 1 
0.08852874 0.03402231 0.9954925 0.1937947 
0.7221664 -0.6905258 -0.04062232 0.2713283 
0.686031 0.7225075 -0.08570111 2.470379E-06 
0 0 0 1 
0.0886447 0.0372249 0.9953676 0.1937947 
0.7236114 -0.6891238 -0.03867087 0.2713283 
0.6844917 0.7236875 -0.08802354 2.454011E-06 
0 0 0 1 
0.08877944 0.04141886 0.9951899 0.1937947 
0.7255192 -0.6872537 -0.03611964 0.2713283 
0.6824515 0.7252363 -0.09106421 2.432314E-06 
0 0 0 1 
0.0889123 0.04637934 0.9949591 0.1937947 
0.7277911 -0.6849995 -0.03310665 0.2713283 
0.6800109 0.7270661 -0.09465933 2.406343E-06 
0 0 0 1 
0.08902576 0.05188124 0.9946772 0.1937947 
0.7303296 -0.6824462 -0.02977043 0.2713284 
0.677269 0.7290927 -0.09864569 2.377155E-06 
0 0 0 1 
0.08910619 0.05769981 0.9943495 0.1937947 
0.7330385 -0.6796808 -0.02624911 0.2713284 
0.6743254 0.7312357 -0.10286 2.345804E-06 
0 0 0 1 
0.08914578 0.06360991 0.9939853 0.1937947 
0.7358251 -0.6767918 -0.02268147 0.2713284 
0.6712782 0.7334214 -0.1071389 2.313348E-06 
0 0 0 1 
0.08914252 0.06938668 0.9935991 0.1937947 
0.738598 -0.6738726 -0.01920566 0.2713284 
0.6682265 0.7355825 -0.1113195 2.280839E-06 
0 0 0 1 
0.08910152 0.07480611 0.9932095 0.1937947 
0.7412699 -0.6710175 -0.01596045 0.2713284 
0.6652667 0.7376587 -0.1152402 2.249336E-06 
0 0 0 1 
0.0890325 0.07964378 0.9928395 0.1937947 
0.7437561 -0.6683233 -0.01308435 0.2713284 
0.6624955 0.7395955 -0.1187381 2.219893E-06 
0 0 0 1 
0.08895147 0.08367699 0.9925148 0.1937947 
0.7459731 -0.66589 -0.01071599 0.2713284 
0.660009 0.7413427 -0.1216526 2.193566E-06 
0 0 0 1 
0.08887601 0.08668175 0.9922639 0.1937947 
0.7478398 -0.6638185 -0.008993655 0.2713284 
0.6579033 0.7428539 -0.1238216 2.171411E-06 
0 0 0 1 
0.08882664 0.08843579 0.9921134 0.1937947 
0.749276 -0.6622092 -0.008056194 0.2713284 
0.656274 0.7440825 -0.1250846 2.154482E-06 
0 0 0 1 
0.0888217 0.0887159 0.9920888 0.1937947 
0.7501997 -0.6611626 -0.008041978 0.2713284 
0.6552183 0.7449793 -0.1252803 2.143836E-06 
0 0 0 1 
0.088875 0.08729791 0.9922099 0.1937947 
0.7505277 -0.6607768 -0.009089559 0.2713284 
0.6548355 0.7454891 -0.124246 2.140529E-06 
0 0 0 1 
0.0890023 0.08369654 0.9925088 0.1937947 
0.7501872 -0.6611254 -0.01152083 0.2713284 
0.6552082 0.745593 -0.1216297 2.145512E-06 
0 0 0 1 
0.08919534 0.07782261 0.9929694 0.1937947 
0.74922 -0.6621425 -0.01540557 0.2713284 
0.6562878 0.7453268 -0.1173663 2.158237E-06 
0 0 0 1 
0.08941979 0.07004483 0.993528 0.1937947 
0.7477079 -0.6637114 -0.02050304 0.2713284 
0.6579795 0.7447023 -0.111722 2.177505E-06 
0 0 0 1 
0.08964001 0.06073301 0.9941208 0.1937947 
0.7457317 -0.6657165 -0.02657267 0.2713284 
0.6601886 0.7437295 -0.1049653 2.202119E-06 
0 0 0 1 
0.0898219 0.05025886 0.994689 0.1937947 
0.7433753 -0.6680419 -0.03337359 0.2713284 
0.6628163 0.7424251 -0.09736598 2.230878E-06 
0 0 0 1 
0.08993657 0.03899521 0.9951838 0.1937947 
0.7407256 -0.670576 -0.04066491 0.2713284 
0.6657605 0.7408156 -0.08919406 2.262586E-06 
0 0 0 1 
0.08996494 0.02731756 0.9955704 0.1937947 
0.7378765 -0.6732126 -0.04820594 0.2713284 
0.6689132 0.7389449 -0.08072257 2.296044E-06 
0 0 0 1 
0.08989856 0.01560307 0.9958287 0.1937947 
0.7349272 -0.6758503 -0.05575609 0.2713284 
0.672161 0.7368742 -0.07222509 2.330054E-06 
0 0 0 1 
0.08974113 0.004229278 0.9959563 0.1937947 
0.7319841 -0.6783962 -0.06307498 0.2713284 
0.6753858 0.7346848 -0.06397581 2.363416E-06 
0 0 0 1 
0.08950887 -0.006425948 0.9959654 0.1937947 
0.7291602 -0.6807619 -0.06992292 0.2713284 
0.6784644 0.7324771 -0.05624866 2.394934E-06 
0 0 0 1 
0.08922945 -0.01598519 0.9958829 0.1937947 
0.7265734 -0.6828662 -0.07606062 0.2713283 
0.6812703 0.730369 -0.04931736 2.423408E-06 
0 0 0 1 
0.08893969 -0.02407221 0.9957461 0.1937947 
0.724346 -0.6846325 -0.08124933 0.2713283 
0.6836758 0.7284911 -0.04345441 2.447641E-06 
0 0 0 1 
0.08868215 -0.03031171 0.9955987 0.1937947 
0.7226025 -0.6859871 -0.08525059 0.2713283 
0.6855516 0.7269827 -0.03893149 2.466434E-06 
0 0 0 1 
0.08850005 -0.0343299 0.9954844 0.1937947 
0.7214677 -0.6868561 -0.08782622 0.2713283 
0.6867694 0.7259826 -0.03601885 2.478588E-06 
0 0 0 1 
0.08843264 -0.03575245 0.9954404 0.1937947 
0.7210633 -0.6871635 -0.08873788 0.2713283 
0.6872027 0.725623 -0.03498793 2.482906E-06 
0 0 0 1 
0.08850159 -0.0343144 0.9954848 0.1937947 
0.7214764 -0.6868481 -0.08781713 0.2713283 
0.68676 0.725991 -0.03603005 2.478493E-06 
0 0 0 1 
0.08868737 -0.03025422 0.9956001 0.1937947 
0.7226349 -0.6859575 -0.08521652 0.2713283 
0.6855171 0.7270131 -0.03897309 2.466081E-06 
0 0 0 1 
0.08895008 -0.02395228 0.9957482 0.1937947 
0.7244127 -0.6845705 -0.08117867 0.2713283 
0.683604 0.7285537 -0.04354131 2.446908E-06 
0 0 0 1 
0.08924427 -0.01578975 0.9958846 0.1937947 
0.7266815 -0.682764 -0.07594538 0.2713283 
0.6811531 0.7304688 -0.04945862 2.422213E-06 
0 0 0 1 
0.08952697 -0.00614825 0.9959655 0.1937947 
0.7293125 -0.6806154 -0.06975919 0.2713284 
0.6782981 0.7326155 -0.05644941 2.393236E-06 
0 0 0 1 
0.08976048 0.004589261 0.995953 0.1937947 
0.7321799 -0.6782045 -0.06286272 0.2713284 
0.6751709 0.7348595 -0.06423616 2.361216E-06 
0 0 0 1 
0.08991655 0.01603872 0.9958203 0.1937947 
0.735162 -0.6756162 -0.05549914 0.2713284 
0.6719018 0.7370796 -0.07254016 2.327391E-06 
0 0 0 1 
0.08997916 0.02781541 0.9955552 0.1937947 
0.7381421 -0.6729421 -0.04791221 0.2713284 
0.6686181 0.7391724 -0.08108246 2.293001E-06 
0 0 0 1 
0.08994517 0.03953488 0.9951618 0.1937947 
0.7410109 -0.6702802 -0.04034612 0.2713284 
0.6654418 0.741055 -0.08958423 2.259285E-06 
0 0 0 1 
0.08982407 0.05081357 0.9946607 0.1937947 
0.7436661 -0.6677346 -0.03304553 0.2713284 
0.6624898 0.7426638 -0.097767 2.227482E-06 
0 0 0 1 
0.08963624 0.0612696 0.9940883 0.1937947 
0.7460105 -0.6654167 -0.02625495 0.2713284 
0.659874 0.7439539 -0.1053532 2.198831E-06 
0 0 0 1 
0.08941188 0.07052331 0.9934949 0.1937947 
0.7479549 -0.6634418 -0.02021948 0.2713284 
0.6576999 0.7448974 -0.1120678 2.174571E-06 
0 0 0 1 
0.08918612 0.07819652 0.9929407 0.1937947 
0.7494118 -0.6619303 -0.01518372 0.2713284 
0.65607 0.7454758 -0.1176363 2.155941E-06 
0 0 0 1 
0.08899599 0.08391335 0.9924909 0.1937947 
0.7502978 -0.6610019 -0.01139221 0.2713284 
0.6550822 0.7456779 -0.1217865 2.144181E-06 
0 0 0 1 
0.088875 0.08729791 0.9922099 0.1937947 
0.7505277 -0.6607768 -0.009089559 0.2713284 
0.6548355 0.7454891 -0.124246 2.140529E-06 
0 0 0 1 
0.08883526 0.08830711 0.9921242 0.1937947 
0.7500111 -0.6613736 -0.008288741 0.2713284 
0.6554323 0.7448407 -0.1249846 2.146121E-06 
0 0 0 1 
0.08886096 0.08734893 0.9922066 0.1937947 
0.7487948 -0.6627448 -0.008716494 0.2713284 
0.6568182 0.7437339 -0.1242986 2.160317E-06 
0 0 0 1 
0.08893068 0.08472287 0.9924281 0.1937947 
0.7469897 -0.6647578 -0.01018727 0.2713284 
0.658861 0.7422397 -0.1224045 2.181692E-06 
0 0 0 1 
0.08901888 0.08072805 0.9927531 0.1937947 
0.7447056 -0.6672761 -0.01251569 0.2713284 
0.6614298 0.7404231 -0.1195188 2.20882E-06 
0 0 0 1 
0.08909958 0.07566305 0.9931448 0.1937947 
0.7420522 -0.6701629 -0.01551634 0.2713284 
0.6643946 0.7383478 -0.1158571 2.240276E-06 
0 0 0 1 
0.08915097 0.06982745 0.9935675 0.1937947 
0.73914 -0.6732839 -0.0190036 0.2713284 
0.6676258 0.7360798 -0.1116362 2.274634E-06 
0 0 0 1 
0.08915757 0.06352092 0.9939901 0.1937947 
0.7360839 -0.6765069 -0.02279204 0.2713284 
0.670993 0.7336923 -0.1070725 2.310468E-06 
0 0 0 1 
0.08911243 0.05704455 0.9943868 0.1937947 
0.7330018 -0.6797029 -0.02669609 0.2713284 
0.6743644 0.7312665 -0.1023837 2.346354E-06 
0 0 0 1 
0.08901794 0.05069898 0.9947391 0.1937947 
0.7300162 -0.682748 -0.03053045 0.2713284 
0.6776078 0.7288936 -0.09778798 2.380864E-06 
0 0 0 1 
0.08888535 0.04478623 0.9950345 0.1937947 
0.7272533 -0.6855213 -0.03410965 0.2713283 
0.6805894 0.7266743 -0.09350371 2.412575E-06 
0 0 0 1 
0.08873465 0.03960766 0.9952676 0.1937947 
0.7248435 -0.6879061 -0.0372487 0.2713283 
0.683175 0.7247186 -0.08975041 2.44006E-06 
0 0 0 1 
0.08859038 0.03546459 0.9954366 0.1937947 
0.7229189 -0.689788 -0.03976208 0.2713283 
0.6852299 0.7231427 -0.08674657 2.461894E-06 
0 0 0 1 
0.08848069 0.03265841 0.9955424 0.1937947 
0.7216128 -0.6910543 -0.0414649 0.2713283 
0.6866194 0.7220652 -0.08471167 2.476651E-06 
0 0 0 1 
0.08843122 0.03148977 0.9955846 0.1937947 
0.7210577 -0.691591 -0.0421721 0.2713283 
0.6872089 0.7216035 -0.08386421 2.482906E-06 
0 0 0 1 
0.08845168 0.03203569 0.9955652 0.1937947 
0.7212826 -0.6913766 -0.04183543 0.2713283 
0.6869701 0.7217845 -0.08426023 2.480363E-06 
0 0 0 1 
0.08852874 0.03402231 0.9954925 0.1937947 
0.7221664 -0.6905258 -0.04062232 0.2713283 
0.686031 0.7225075 -0.08570111 2.470379E-06 
0 0 0 1 
0.08864481 0.03722478 0.9953676 0.1937947 
0.7236114 -0.6891238 -0.03867102 0.2713283 
0.6844916 0.7236875 -0.08802354 2.454011E-06 
0 0 0 1 
0.08877935 0.04141865 0.9951898 0.1937947 
0.7255191 -0.6872538 -0.03611973 0.2713283 
0.6824517 0.7252362 -0.09106398 2.432314E-06 
0 0 0 1 
0.08891249 0.04637919 0.9949592 0.1937947 
0.727791 -0.6849999 -0.0331068 0.2713283 
0.6800111 0.7270662 -0.09465945 2.406344E-06 
0 0 0 1 
0.08902569 0.05188103 0.9946772 0.1937947 
0.7303292 -0.6824464 -0.02977055 0.2713284 
0.6772691 0.7290925 -0.09864545 2.377156E-06 
0 0 0 1 
0.08910635 0.05769967 0.9943496 0.1937947 
0.7330385 -0.6796809 -0.02624932 0.2713284 
0.6743255 0.7312357 -0.10286 2.345806E-06 
0 0 0 1 
0.08914575 0.0636095 0.9939855 0.1937947 
0.7358246 -0.6767926 -0.02268159 0.2713284 
0.6712788 0.7334211 -0.1071386 2.313349E-06 
0 0 0 1 
0.08914256 0.06938659 0.9935991 0.1937947 
0.738598 -0.6738726 -0.01920572 0.2713284 
0.6682265 0.7355825 -0.1113195 2.280841E-06 
0 0 0 1 
0.08910152 0.07480593 0.9932095 0.1937947 
0.7412698 -0.6710176 -0.01596054 0.2713284 
0.6652668 0.7376586 -0.1152401 2.249338E-06 
0 0 0 1 
0.08903262 0.07964372 0.9928395 0.1937947 
0.7437559 -0.6683235 -0.01308447 0.2713284 
0.6624956 0.7395953 -0.1187381 2.219895E-06 
0 0 0 1 
0.08895145 0.08367669 0.9925151 0.1937947 
0.7459729 -0.6658905 -0.01071605 0.2713284 
0.6600093 0.7413427 -0.1216525 2.193568E-06 
0 0 0 1 
0.08887605 0.08668157 0.9922638 0.1937947 
0.7478397 -0.6638187 -0.008993775 0.2713284 
0.6579034 0.7428538 -0.1238215 2.171412E-06 
0 0 0 1 
0.08882664 0.08843579 0.9921134 0.1937947 
0.749276 -0.6622092 -0.008056194 0.2713284 
0.656274 0.7440825 -0.1250846 2.154483E-06 
0 0 0 1 
0.0888217 0.0887159 0.9920888 0.1937947 
0.7501997 -0.6611626 -0.008041978 0.2713284 
0.6552183 0.7449793 -0.1252803 2.143837E-06 
0 0 0 1 
0.08887498 0.08729797 0.9922099 0.1937947 
0.7505276 -0.6607768 -0.00908944 0.2713284 
0.6548354 0.7454891 -0.1242461 2.140529E-06 
0 0 0 1 
0.08900256 0.08369689 0.9925086 0.1937947 
0.7501872 -0.6611254 -0.01152074 0.2713284 
0.6552082 0.745593 -0.1216302 2.145512E-06 
0 0 0 1 
0.08919516 0.07782288 0.9929692 0.1937947 
0.74922 -0.6621422 -0.01540533 0.2713284 
0.6562877 0.7453267 -0.1173663 2.158236E-06 
0 0 0 1 
0.08941979 0.07004519 0.9935279 0.1937947 
0.7477078 -0.6637115 -0.02050281 0.2713284 
0.6579796 0.7447022 -0.1117222 2.177504E-06 
0 0 0 1 
0.08964015 0.06073372 0.9941208 0.1937947 
0.7457318 -0.6657164 -0.02657235 0.2713284 
0.6601884 0.7437297 -0.1049659 2.202117E-06 
0 0 0 1 
0.08982187 0.05025933 0.994689 0.1937947 
0.7433754 -0.6680416 -0.03337327 0.2713284 
0.662816 0.7424253 -0.09736633 2.230877E-06 
0 0 0 1 
0.08993664 0.03899578 0.9951838 0.1937947 
0.7407258 -0.6705759 -0.04066458 0.2713284 
0.6657603 0.7408157 -0.08919454 2.262585E-06 
0 0 0 1 
0.08996507 0.02731833 0.9955703 0.1937947 
0.7378768 -0.673212 -0.04820561 0.2713284 
0.6689126 0.7389452 -0.08072317 2.296042E-06 
0 0 0 1 
0.08989835 0.01560361 0.9958287 0.1937947 
0.7349273 -0.6758501 -0.05575562 0.2713284 
0.6721607 0.7368742 -0.07222533 2.330052E-06 
0 0 0 1 
0.08974102 0.004229785 0.9959562 0.1937947 
0.7319843 -0.6783958 -0.06307462 0.2713284 
0.6753855 0.7346849 -0.06397605 2.363415E-06 
0 0 0 1 
0.08950882 -0.006425382 0.9959654 0.1937947 
0.7291602 -0.6807619 -0.06992254 0.2713284 
0.6784644 0.7324771 -0.05624902 2.394932E-06 
0 0 0 1 
0.08922948 -0.01598475 0.9958829 0.1937947 
0.7265736 -0.682866 -0.07606032 0.2713283 
0.6812702 0.7303692 -0.04931772 2.423407E-06 
0 0 0 1 
0.08893974 -0.02407182 0.9957462 0.1937947 
0.7243461 -0.6846326 -0.08124906 0.2713283 
0.6836758 0.7284914 -0.04345477 2.44764E-06 
0 0 0 1 
0.08868203 -0.03031159 0.9955987 0.1937947 
0.7226027 -0.6859869 -0.08525041 0.2713283 
0.6855515 0.7269828 -0.03893149 2.466433E-06 
0 0 0 1 
0.08849999 -0.03432984 0.9954844 0.1937947 
0.7214676 -0.6868561 -0.08782613 0.2713283 
0.6867694 0.7259825 -0.03601885 2.478588E-06 
0 0 0 1 
0.08843264 -0.03575245 0.9954404 0.1937947 
0.7210633 -0.6871635 -0.08873788 0.2713283 
0.6872027 0.725623 -0.03498793 2.482906E-06 
0 0 0 1 
0.0884786 -0.03469423 0.9954737 0.1937947 
0.7213398 -0.6869611 -0.08805525 0.2713283 
0.6869065 0.7258661 -0.03575504 2.479964E-06 
0 0 0 1 
0.08860592 -0.03166497 0.9955634 0.1937947 
0.7221295 -0.6863788 -0.08610111 0.2713283 
0.6860597 0.7265549 -0.03795099 2.471545E-06 
0 0 0 1 
0.08879419 -0.02688316 0.9956872 0.1937947 
0.7233698 -0.6854523 -0.08301616 0.2713283 
0.6847276 0.7276215 -0.04141772 2.458256E-06 
0 0 0 1 
0.08901916 -0.02056718 0.9958175 0.1937947 
0.7249947 -0.6842157 -0.07894105 0.2713283 
0.6829774 0.7289899 -0.04599714 2.440706E-06 
0 0 0 1 
0.08925543 -0.01293564 0.9959248 0.1937947 
0.726939 -0.6827018 -0.07401603 0.2713283 
0.6808769 0.7305831 -0.05153143 2.419504E-06 
0 0 0 1 
0.08947793 -0.004207761 0.9959799 0.1937947 
0.7291368 -0.6809433 -0.06838182 0.2713284 
0.6784934 0.7323244 -0.05786133 2.395259E-06 
0 0 0 1 
0.08966517 0.005396546 0.9959575 0.1937947 
0.7315236 -0.6789753 -0.06217939 0.2713284 
0.6758947 0.7341418 -0.06482816 2.368579E-06 
0 0 0 1 
0.08979826 0.01565627 0.9958371 0.1937947 
0.7340366 -0.6768345 -0.05554971 0.2713284 
