<?xml version="1.0" encoding="utf-8"?>
<COLLADA xmlns:xsi="http://www.w3.org/2001/XMLSchema-instance" xmlns:xsd="http://www.w3.org/2001/XMLSchema" version="1.4.1" xmlns="http://www.collada.org/2005/11/COLLADASchema">
  <asset>
    <created>2017-06-01T10:06:10.861864+03:00</created>
    <modified>2017-06-01T10:06:10.861864+03:00</modified>
    <unit meter="1" name="meter" />
    <up_axis>Y_UP</up_axis>
    <contributor>
      <authoring_tool>Skele: Character Animation Tools</authoring_tool>
      <comments>https://www.assetstore.unity3d.com/en/#!/content/16899</comments>
    </contributor>
    <revision>1.0</revision>
  </asset>
  <library_animation_clips>
    <animation_clip name="KamaraDance" start="0" end="1.5666667222976685">
      <instance_animation url="KamaraDance_0" />
    </animation_clip>
  </library_animation_clips>
  <library_animations>
    <animation id="KamaraDance_0" name="KamaraDance">
      <animation id="Chest_0_0-anim" name="Chest_0_0">
        <source id="Chest_0_0-Matrix-animation-input">
          <float_array id="Chest_0_0-Matrix-animation-input-array" count="95">0
0.01666667
0.03333334
0.05
0.06666667
0.08333334
0.1
0.1166667
0.1333333
0.15
0.1666667
0.1833333
0.2
0.2166667
0.2333333
0.25
0.2666667
0.2833334
0.3
0.3166667
0.3333334
0.3500001
0.3666668
0.3833334
0.4000001
0.4166668
0.4333335
0.4500002
0.4666668
0.4833335
0.5000002
0.5166668
0.5333335
0.5500001
0.5666668
0.5833334
0.6000001
0.6166667
0.6333334
0.65
0.6666667
0.6833333
0.7
0.7166666
0.7333333
0.7499999
0.7666666
0.7833332
0.7999999
0.8166665
0.8333332
0.8499998
0.8666665
0.8833331
0.8999998
0.9166664
0.9333331
0.9499997
0.9666664
0.9833331
0.9999997
1.016666
1.033333
1.05
1.066666
1.083333
1.1
1.116666
1.133333
1.15
1.166666
1.183333
1.2
1.216666
1.233333
1.25
1.266666
1.283333
1.299999
1.316666
1.333333
1.349999
1.366666
1.383333
1.399999
1.416666
1.433333
1.449999
1.466666
1.483333
1.499999
1.516666
1.533333
1.549999
1.566666
</float_array>
          <technique_common>
            <accessor count="95" offset="0" source="#Chest_0_0-Matrix-animation-input-array" stride="1">
              <param name="TIME" type="float" />
            </accessor>
          </technique_common>
        </source>
        <source id="Chest_0_0-Matrix-animation-output-transform">
          <float_array id="Chest_0_0-Matrix-animation-output-transform-array" count="1520">1 0 0 -2.642279E-12 
0 0.9999821 0.005980359 0.2666135 
0 -0.005980358 0.9999821 2.243303E-10 
0 0 0 1 
0.999998 0.00199872 -0.0001679122 -4.76109E-08 
-0.00199909 0.9999955 -0.002234503 0.2666135 
0.0001634453 0.002234834 0.9999975 2.176397E-08 
0 0 0 1 
0.9999914 0.004134519 -0.0003475776 -9.855728E-08 
-0.0041381 0.9999306 -0.01102518 0.2666135 
0.0003019697 0.01102653 0.9999391 4.481391E-08 
0 0 0 1 
0.9999794 0.006386818 -0.0005372657 -1.523649E-07 
-0.006396413 0.9997733 -0.02030863 0.2666135 
0.0004074363 0.02031165 0.9997936 6.915838E-08 
0 0 0 1 
0.9999616 0.008735129 -0.0007352329 -2.08557E-07 
-0.008753256 0.9995115 -0.03000157 0.2666135 
0.0004728062 0.03000685 0.9995496 9.458163E-08 
0 0 0 1 
0.9999373 0.01115907 -0.0009397254 -2.666565E-07 
-0.01118774 0.9991361 -0.04002059 0.2666135 
0.0004923213 0.04002859 0.9991984 1.208679E-07 
0 0 0 1 
0.9999064 0.01363837 -0.001148985 -3.261867E-07 
-0.01367889 0.9986413 -0.05028211 0.2666135 
0.0004616576 0.05029311 0.9987344 1.478014E-07 
0 0 0 1 
0.9998686 0.0161529 -0.001361249 -3.866706E-07 
-0.01620575 0.9980243 -0.06070261 0.2666135 
0.0003780369 0.06071668 0.998155 1.751665E-07 
0 0 0 1 
0.9998242 0.01868266 -0.001574764 -4.476315E-07 
-0.01874737 0.9972859 -0.07119858 0.2666135 
0.0002403113 0.07121557 0.9974609 2.027473E-07 
0 0 0 1 
0.9997735 0.0212078 -0.001787783 -5.085923E-07 
-0.02128297 0.9964308 -0.08168665 0.2666135 
4.900756E-05 0.08170619 0.9966565 2.303281E-07 
0 0 0 1 
0.9997169 0.02370861 -0.001998574 -5.690762E-07 
-0.02379192 0.9954669 -0.09208374 0.2666135 
-0.0001936636 0.09210522 0.9957492 2.576932E-07 
0 0 0 1 
0.9996552 0.02616554 -0.002205428 -6.286064E-07 
-0.02625386 0.9944063 -0.1023071 0.2666135 
-0.0004838289 0.1023297 0.9947504 2.846267E-07 
0 0 0 1 
0.9995892 0.02855915 -0.002406663 -6.867059E-07 
-0.02864876 0.9932641 -0.1122744 0.2666135 
-0.0008160103 0.1122972 0.9936743 3.10913E-07 
0 0 0 1 
0.99952 0.03087015 -0.002600622 -7.42898E-07 
-0.0309569 0.992059 -0.1219037 0.2666135 
-0.001183216 0.1219257 0.9925385 3.363362E-07 
0 0 0 1 
0.9994488 0.0330794 -0.002785683 -7.967056E-07 
-0.03315901 0.9908126 -0.1311137 0.2666135 
-0.001577074 0.1311338 0.9913634 3.606807E-07 
0 0 0 1 
0.999377 0.03516783 -0.002960257 -8.47652E-07 
-0.03523616 0.9895492 -0.1398235 0.2666135 
-0.00198797 0.1398407 0.990172 3.837306E-07 
0 0 0 1 
0.9993061 0.03711647 -0.003122787 -8.952603E-07 
-0.03716987 0.9882956 -0.1479529 0.2666135 
-0.002405254 0.1479663 0.9889895 4.052703E-07 
0 0 0 1 
0.9992375 0.03890646 -0.003271746 -9.390536E-07 
-0.038942 0.9870802 -0.1554221 0.2666135 
-0.002817447 0.155431 0.9878427 4.250839E-07 
0 0 0 1 
0.999173 0.04051897 -0.003405638 -9.785549E-07 
-0.04053474 0.9859329 -0.1621516 0.2666135 
-0.003212487 0.1621556 0.98676 4.429557E-07 
0 0 0 1 
0.9991141 0.04193519 -0.00352298 -1.013287E-06 
-0.04193053 0.9848841 -0.1680626 0.2666135 
-0.003578009 0.1680614 0.98577 4.586699E-07 
0 0 0 1 
0.9990627 0.04313633 -0.003622308 -1.042774E-06 
-0.04311197 0.9839644 -0.173076 0.2666135 
-0.003901643 0.1730699 0.9849018 4.720108E-07 
0 0 0 1 
0.9990201 0.04410357 -0.003702157 -1.066539E-06 
-0.04406168 0.9832036 -0.1771133 0.2666135 
-0.004171354 0.1771028 0.9841835 4.827627E-07 
0 0 0 1 
0.9989881 0.04481804 -0.003761059 -1.084104E-06 
-0.04476221 0.9826301 -0.1800954 0.2666135 
-0.004375794 0.1800815 0.983642 4.907097E-07 
0 0 0 1 
0.998968 0.04526075 -0.003797521 -1.094992E-06 
-0.04519585 0.9822698 -0.1819432 0.2666135 
-0.004504696 0.1819271 0.9833017 4.956361E-07 
0 0 0 1 
0.998961 0.0454126 -0.003810021 -1.098728E-06 
-0.04534451 0.9821453 -0.182577 0.2666135 
-0.004549302 0.18256 0.9831842 4.973261E-07 
0 0 0 1 
0.9989671 0.04528109 -0.003802039 -1.093164E-06 
-0.04521826 0.9823331 -0.1815954 0.2666135 
-0.004487971 0.1815798 0.983366 4.948089E-07 
0 0 0 1 
0.9989845 0.04489587 -0.00377833 -1.077109E-06 
-0.04484775 0.9828692 -0.1787643 0.2666135 
-0.004312175 0.1787522 0.9838847 4.875451E-07 
0 0 0 1 
0.9990126 0.04427073 -0.003739208 -1.051517E-06 
-0.04424466 0.9837064 -0.1742526 0.2666135 
-0.004036006 0.1742459 0.9846939 4.759662E-07 
0 0 0 1 
0.9990501 0.04341932 -0.003684938 -1.01734E-06 
-0.04342013 0.9847913 -0.1682281 0.2666135 
-0.003675458 0.1682283 0.9857412 4.605036E-07 
0 0 0 1 
0.9990961 0.04235522 -0.003615767 -9.755341E-07 
-0.04238503 0.9860668 -0.1608588 0.2666135 
-0.003247825 0.1608667 0.9869708 4.41589E-07 
0 0 0 1 
0.9991491 0.04109191 -0.003531935 -9.270516E-07 
-0.04115022 0.9874753 -0.1523126 0.2666135 
-0.002771117 0.1523283 0.9883261 4.196538E-07 
0 0 0 1 
0.999208 0.03964282 -0.003433701 -8.728465E-07 
-0.03972682 0.98896 -0.142758 0.2666135 
-0.002263536 0.1427813 0.9897517 3.951295E-07 
0 0 0 1 
0.9992714 0.0380214 -0.003321348 -8.138727E-07 
-0.03812638 0.9904675 -0.1323645 0.2666135 
-0.001742999 0.1323947 0.9911956 3.684476E-07 
0 0 0 1 
0.999338 0.03624113 -0.003195203 -7.510839E-07 
-0.03636103 0.9919493 -0.1213032 0.2666135 
-0.001226685 0.1213391 0.9926103 3.400398E-07 
0 0 0 1 
0.9994064 0.03431552 -0.003055641 -6.854339E-07 
-0.03444355 0.9933627 -0.1097459 0.2666135 
-0.0007306293 0.109786 0.993955 3.103374E-07 
0 0 0 1 
0.9994754 0.03225818 -0.002903087 -6.178763E-07 
-0.03238743 0.9946724 -0.09786607 0.2666135 
-0.0002693613 0.09790874 0.9951954 2.79772E-07 
0 0 0 1 
0.9995437 0.03008282 -0.002738019 -5.49365E-07 
-0.03020683 0.995851 -0.08583806 0.2666135 
0.0001444072 0.0858816 0.9963053 2.487751E-07 
0 0 0 1 
0.9996101 0.02780329 -0.002560966 -4.808537E-07 
-0.02791651 0.9968795 -0.0738373 0.2666135 
0.0005000549 0.07387999 0.997267 2.177782E-07 
0 0 0 1 
0.9996737 0.02543358 -0.002372502 -4.132962E-07 
-0.0255318 0.997747 -0.06203977 0.2666135 
0.0007892637 0.0620801 0.9980708 1.872127E-07 
0 0 0 1 
0.9997334 0.02298787 -0.002173237 -3.476461E-07 
-0.02306843 0.9984514 -0.05062202 0.2666135 
0.001006179 0.05065865 0.9987155 1.575104E-07 
0 0 0 1 
0.9997883 0.02048052 -0.001963808 -2.848573E-07 
-0.02054243 0.998998 -0.03976066 0.2666135 
0.001147522 0.03979258 0.9992073 1.291025E-07 
0 0 0 1 
0.9998378 0.01792612 -0.00174487 -2.258835E-07 
-0.01796997 0.9993992 -0.02963228 0.2666135 
0.001212631 0.02965883 0.9995593 1.024208E-07 
0 0 0 1 
0.9998812 0.01533944 -0.001517084 -1.716786E-07 
-0.01536723 0.9996735 -0.02041321 0.2666135 
0.001203462 0.0204341 0.9997905 7.789649E-08 
0 0 0 1 
0.9999181 0.01273552 -0.001281105 -1.231962E-07 
-0.0127503 0.9998432 -0.01227938 0.2666135 
0.00112452 0.01229471 0.9999238 5.596135E-08 
0 0 0 1 
0.9999481 0.01012962 -0.001037575 -8.138977E-08 
-0.01013509 0.999934 -0.005406324 0.2666135 
0.0009827426 0.005416559 0.9999849 3.70467E-08 
0 0 0 1 
0.9999713 0.007537254 -0.0007871149 -4.721358E-08 
-0.007537233 0.9999715 3.087602E-05 0.2666135 
0.0007873253 -2.494247E-05 0.9999997 2.158419E-08 
0 0 0 1 
0.9999875 0.004974151 -0.0005303217 -2.162108E-08 
-0.004972069 0.9999802 0.003857413 0.2666135 
0.0005494986 -0.003854728 0.9999924 1.000529E-08 
0 0 0 1 
0.999997 0.00245632 -0.0002677673 -5.566221E-09 
-0.002454698 0.9999796 0.005898734 0.2666135 
0.000282251 -0.005898058 0.9999826 2.741444E-09 
0 0 0 1 
1 2.081994E-08 -2.340627E-09 -2.614797E-12 
-2.080557E-08 0.9999821 0.005980326 0.2666135 
2.465095E-09 -0.005980325 0.9999821 2.24361E-10 
0 0 0 1 
0.9999966 -0.002581724 0.0002948799 -5.64921E-09 
0.002580557 0.999989 0.003891717 0.2666135 
-0.000304924 -0.003890943 0.9999924 2.779035E-09 
0 0 0 1 
0.9999849 -0.005460637 0.0006356408 -2.19388E-08 
0.005460847 0.999985 -0.0003286892 0.2666135 
-0.0006338364 0.0003321554 0.9999998 1.014902E-08 
0 0 0 1 
0.9999625 -0.008597256 0.001016993 -4.789598E-08 
0.008603672 0.9999419 -0.006481697 0.2666135 
-0.0009612096 0.006490204 0.9999785 2.189296E-08 
0 0 0 1 
0.9999275 -0.01195203 0.001433597 -8.254533E-08 
0.0119714 0.9998251 -0.01436783 0.2666135 
-0.001261621 0.01438395 0.9998958 3.756954E-08 
0 0 0 1 
0.9998783 -0.01548549 0.00188004 -1.249114E-07 
0.01552585 0.9995964 -0.02378709 0.2666135 
-0.001510927 0.02381338 0.9997153 5.673743E-08 
0 0 0 1 
0.9998137 -0.0191584 0.002350834 -1.740188E-07 
0.01922821 0.9992183 -0.03453878 0.2666135 
-0.001687289 0.03457754 0.9994006 7.895535E-08 
0 0 0 1 
0.999733 -0.02293194 0.002840415 -2.288921E-07 
0.02303913 0.9986562 -0.04642148 0.2666135 
-0.001772064 0.04647453 0.9989179 1.037819E-07 
0 0 0 1 
0.9996361 -0.02676773 0.003343163 -2.885558E-07 
0.02691884 0.9978811 -0.05923311 0.2666135 
-0.001750543 0.05930154 0.9982386 1.307759E-07 
0 0 0 1 
0.9995234 -0.03062803 0.003853422 -3.520345E-07 
0.03082734 0.9968721 -0.07277104 0.2666135 
-0.001612535 0.07285515 0.9973412 1.594959E-07 
0 0 0 1 
0.999396 -0.03447574 0.004365537 -4.183529E-07 
0.0347247 0.9956175 -0.08683246 0.2666135 
-0.001352792 0.0869316 0.9962134 1.895007E-07 
0 0 0 1 
0.9992554 -0.03827447 0.004873894 -4.865353E-07 
0.03857131 0.9941165 -0.1012146 0.2666135 
-0.0009712836 0.1013272 0.9948527 2.203488E-07 
0 0 0 1 
0.9991037 -0.04198859 0.005372963 -5.556066E-07 
0.04232832 0.99238 -0.1157154 0.2666135 
-0.0004732949 0.1158391 0.9932679 2.515991E-07 
0 0 0 1 
0.9989434 -0.04558318 0.005857336 -6.245915E-07 
0.04595779 0.9904307 -0.1301336 0.2666135 
0.0001306197 0.1302653 0.9914792 2.828102E-07 
0 0 0 1 
0.9987776 -0.04902407 0.00632177 -6.925139E-07 
0.04942311 0.9883034 -0.1442696 0.2666135 
0.0008248546 0.1444056 0.9895182 3.135408E-07 
0 0 0 1 
0.9986097 -0.05227776 0.00676122 -7.583989E-07 
0.05268922 0.9860443 -0.1579252 0.2666135 
0.001589113 0.1580618 0.9874279 3.433494E-07 
0 0 0 1 
0.9984434 -0.05531138 0.007170854 -8.212708E-07 
0.05572267 0.9837106 -0.1709046 0.2666135 
0.002398927 0.1710382 0.9852615 3.717949E-07 
0 0 0 1 
0.9982827 -0.05809255 0.007546063 -8.801543E-07 
0.0584917 0.9813687 -0.1830141 0.2666135 
0.003226285 0.1831411 0.9830813 3.984359E-07 
0 0 0 1 
0.9981316 -0.06058934 0.00788245 -9.340739E-07 
0.06096619 0.9790929 -0.1940621 0.2666135 
0.004040442 0.19418 0.9809576 4.228311E-07 
0 0 0 1 
0.9979945 -0.06277009 0.008175805 -9.820544E-07 
0.06311739 0.9769635 -0.2038589 0.2666135 
0.004808776 0.203966 0.9789662 4.445391E-07 
0 0 0 1 
0.9978755 -0.06460329 0.008422059 -1.02312E-06 
0.06491757 0.975064 -0.2122164 0.2666135 
0.005497832 0.2123123 0.9771864 4.631187E-07 
0 0 0 1 
0.9977786 -0.0660574 0.008617216 -1.056296E-06 
0.06633957 0.9734788 -0.2189475 0.2666135 
0.006074427 0.2190328 0.9756986 4.781285E-07 
0 0 0 1 
0.9977078 -0.0671007 0.008757282 -1.080606E-06 
0.06735618 0.9722898 -0.2238652 0.2666135 
0.006506896 0.2239419 0.9745808 4.891272E-07 
0 0 0 1 
0.9976665 -0.06770106 0.008838163 -1.095075E-06 
0.0679394 0.9715731 -0.2267815 0.2666135 
0.006766426 0.2268527 0.9739056 4.956736E-07 
0 0 0 1 
0.9976579 -0.06782572 0.008855561 -1.098728E-06 
0.06805968 0.9713951 -0.2275068 0.2666135 
0.006828564 0.2275766 0.9737362 4.973262E-07 
0 0 0 1 
0.9976839 -0.06744732 0.008807303 -1.092395E-06 
0.06768941 0.9717296 -0.2261848 0.2666135 
0.006697244 0.2262571 0.9740446 4.94461E-07 
0 0 0 1 
0.997743 -0.06658392 0.008697079 -1.077954E-06 
0.06684367 0.9724852 -0.2231686 0.2666135 
0.006401663 0.2232463 0.974741 4.879271E-07 
0 0 0 1 
0.9978312 -0.06526973 0.008529016 -1.055997E-06 
0.06555402 0.9736149 -0.2185787 0.2666135 
0.005962597 0.2186637 0.975782 4.779931E-07 
0 0 0 1 
0.9979448 -0.0635386 0.00830712 -1.027118E-06 
0.06385107 0.9750652 -0.2125344 0.2666135 
0.005404157 0.212628 0.9771183 4.649272E-07 
0 0 0 1 
0.9980794 -0.06142401 0.008035311 -9.919102E-07 
0.06176478 0.9767787 -0.2051546 0.2666135 
0.004752696 0.2052568 0.9786966 4.48998E-07 
0 0 0 1 
0.9982306 -0.05895929 0.007717515 -9.50967E-07 
0.05932513 0.9786958 -0.1965578 0.2666135 
0.004035809 0.1966678 0.9804619 4.304739E-07 
0 0 0 1 
0.9983937 -0.05617776 0.007357702 -9.048817E-07 
0.05656244 0.9807562 -0.1868633 0.2666135 
0.00328145 0.1869793 0.9823584 4.096233E-07 
0 0 0 1 
0.9985642 -0.05311278 0.006959925 -8.542477E-07 
0.05350769 0.9829006 -0.1761909 0.2666135 
0.002517077 0.1763104 0.9843314 3.867147E-07 
0 0 0 1 
0.998738 -0.04979792 0.006528365 -7.996581E-07 
0.05019287 0.9850721 -0.1646616 0.2666135 
0.001768898 0.1647815 0.9863285 3.620165E-07 
0 0 0 1 
0.9989107 -0.04626704 0.006067343 -7.417065E-07 
0.0466511 0.9872175 -0.1523976 0.2666135 
0.0010612 0.1525147 0.9883006 3.357971E-07 
0 0 0 1 
0.9990786 -0.04255433 0.005581345 -6.809859E-07 
0.04291678 0.9892884 -0.1395225 0.2666135 
0.0004157253 0.1396334 0.9902032 3.08325E-07 
0 0 0 1 
0.9992382 -0.03869446 0.005075015 -6.180898E-07 
0.03902557 0.9912418 -0.1261611 0.2666135 
-0.0001488312 0.1262631 0.9919968 2.798686E-07 
0 0 0 1 
0.9993866 -0.03472253 0.004553153 -5.536115E-07 
0.03501434 0.9930413 -0.1124399 0.2666135 
-0.0006172721 0.1125303 0.9936481 2.506964E-07 
0 0 0 1 
0.9995214 -0.03067419 0.004020701 -4.881443E-07 
0.03092111 0.9946578 -0.09848625 0.2666135 
-0.0009782359 0.09856343 0.9951303 2.210767E-07 
0 0 0 1 
0.9996405 -0.02658568 0.003482722 -4.222816E-07 
0.02678485 0.9960694 -0.08442874 0.2666135 
-0.001224437 0.08449166 0.9964234 1.912781E-07 
0 0 0 1 
0.9997426 -0.02249377 0.002944371 -3.566166E-07 
0.02264529 0.9972619 -0.07039667 0.2666135 
-0.001352822 0.07044522 0.9975147 1.61569E-07 
0 0 0 1 
0.9998271 -0.01843582 0.002410874 -2.917428E-07 
0.01854265 0.9982292 -0.05651996 0.2666135 
-0.001364613 0.05655489 0.9983985 1.322177E-07 
0 0 0 1 
0.9998938 -0.01444976 0.00188749 -2.282531E-07 
0.01451749 0.9989726 -0.04292876 0.2666135 
-0.00126524 0.0429516 0.9990764 1.034928E-07 
0 0 0 1 
0.9999431 -0.01057402 0.001379487 -1.667412E-07 
0.01061039 0.9995009 -0.02975332 0.2666135 
-0.001064186 0.02976627 0.9995563 7.566268E-08 
0 0 0 1 
0.9999762 -0.006847527 0.0008921128 -1.078005E-07 
0.006861803 0.9998298 -0.01712371 0.2666135 
-0.0007747061 0.01712942 0.999853 4.899582E-08 
0 0 0 1 
0.9999945 -0.003309671 0.000430576 -5.202401E-08 
0.003311853 0.9999811 -0.00516959 0.2666135 
-0.0004134582 0.005170986 0.9999865 2.376061E-08 
0 0 0 1 
1 -1.65605E-07 2.063433E-08 -5.229595E-12 
1.654787E-07 0.9999821 0.005979804 0.2666135 
-2.162425E-08 -0.005979804 0.9999821 2.254978E-10 
0 0 0 1 
</float_array>
          <technique_common>
            <accessor count="95" offset="0" source="#Chest_0_0-Matrix-animation-output-transform-array" stride="16">
              <param type="float4x4" />
            </accessor>
          </technique_common>
        </source>
        <source id="Chest_0_0-Interpolations">
          <Name_array id="Chest_0_0-Interpolations-array" count="95">LINEAR
LINEAR
LINEAR
LINEAR
LINEAR
LINEAR
LINEAR
LINEAR
LINEAR
LINEAR
LINEAR
LINEAR
LINEAR
LINEAR
LINEAR
LINEAR
LINEAR
LINEAR
LINEAR
LINEAR
LINEAR
LINEAR
LINEAR
LINEAR
LINEAR
LINEAR
LINEAR
LINEAR
LINEAR
LINEAR
LINEAR
LINEAR
LINEAR
LINEAR
LINEAR
LINEAR
LINEAR
LINEAR
LINEAR
LINEAR
LINEAR
LINEAR
LINEAR
LINEAR
LINEAR
LINEAR
LINEAR
LINEAR
LINEAR
LINEAR
LINEAR
LINEAR
LINEAR
LINEAR
LINEAR
LINEAR
LINEAR
LINEAR
LINEAR
LINEAR
LINEAR
LINEAR
LINEAR
LINEAR
LINEAR
LINEAR
LINEAR
LINEAR
LINEAR
LINEAR
LINEAR
LINEAR
LINEAR
LINEAR
LINEAR
LINEAR
LINEAR
LINEAR
LINEAR
LINEAR
LINEAR
LINEAR
LINEAR
LINEAR
LINEAR
LINEAR
LINEAR
LINEAR
LINEAR
LINEAR
LINEAR
LINEAR
LINEAR
LINEAR
LINEAR</Name_array>
          <technique_common>
            <accessor count="95" offset="0" source="#Chest_0_0-Interpolations-array" stride="1">
              <param type="name" />
            </accessor>
          </technique_common>
        </source>
        <sampler id="Chest_0_0-Matrix-animation-transform">
          <input semantic="INPUT" source="#Chest_0_0-Matrix-animation-input" />
          <input semantic="OUTPUT" source="#Chest_0_0-Matrix-animation-output-transform" />
          <input semantic="INTERPOLATION" source="#Chest_0_0-Interpolations" />
        </sampler>
        <channel source="#Chest_0_0-Matrix-animation-transform" target="Chest/matrix" />
      </animation>
      <animation id="LeftUpperArm_0_1-anim" name="LeftUpperArm_0_1">
        <source id="LeftUpperArm_0_1-Matrix-animation-input">
          <float_array id="LeftUpperArm_0_1-Matrix-animation-input-array" count="95">0
0.01666667
0.03333334
0.05
0.06666667
0.08333334
0.1
0.1166667
0.1333333
0.15
0.1666667
0.1833333
0.2
0.2166667
0.2333333
0.25
0.2666667
0.2833334
0.3
0.3166667
0.3333334
0.3500001
0.3666668
0.3833334
0.4000001
0.4166668
0.4333335
0.4500002
0.4666668
0.4833335
0.5000002
0.5166668
0.5333335
0.5500001
0.5666668
0.5833334
0.6000001
0.6166667
0.6333334
0.65
0.6666667
0.6833333
0.7
0.7166666
0.7333333
0.7499999
0.7666666
0.7833332
0.7999999
0.8166665
0.8333332
0.8499998
0.8666665
0.8833331
0.8999998
0.9166664
0.9333331
0.9499997
0.9666664
0.9833331
0.9999997
1.016666
1.033333
1.05
1.066666
1.083333
1.1
1.116666
1.133333
1.15
1.166666
1.183333
1.2
1.216666
1.233333
1.25
1.266666
1.283333
1.299999
1.316666
1.333333
1.349999
1.366666
1.383333
1.399999
1.416666
1.433333
1.449999
1.466666
1.483333
1.499999
1.516666
1.533333
1.549999
1.566666
</float_array>
          <technique_common>
            <accessor count="95" offset="0" source="#LeftUpperArm_0_1-Matrix-animation-input-array" stride="1">
              <param name="TIME" type="float" />
            </accessor>
          </technique_common>
        </source>
        <source id="LeftUpperArm_0_1-Matrix-animation-output-transform">
          <float_array id="LeftUpperArm_0_1-Matrix-animation-output-transform-array" count="1520">0.06816809 0.2209769 0.9728938 0.1937947 
0.5061911 -0.847985 0.1571383 0.2713284 
0.8597231 0.4817585 -0.169662 2.140529E-06 
0 0 0 1 
0.06965347 0.2335199 0.9698542 0.1937946 
0.493414 -0.8530292 0.1699546 0.2713281 
0.8670012 0.4667018 -0.1746384 2.126066E-06 
0 0 0 1 
0.07166584 0.246881 0.9663922 0.1937946 
0.479604 -0.8580545 0.1836377 0.2713278 
0.8745536 0.4503251 -0.1798983 2.11059E-06 
0 0 0 1 
0.0742656 0.2609088 0.9625027 0.1937945 
0.4648765 -0.8629405 0.1980507 0.2713275 
0.8822554 0.4327366 -0.1853771 2.094245E-06 
0 0 0 1 
0.07749887 0.2754488 0.9581869 0.1937944 
0.4493545 -0.8675759 0.2130567 0.2713272 
0.8899857 0.414054 -0.1910102 2.077175E-06 
0 0 0 1 
0.08139646 0.2903455 0.9534538 0.1937944 
0.4331691 -0.8718621 0.2285194 0.2713269 
0.8976297 0.3944061 -0.1967351 2.059526E-06 
0 0 0 1 
0.08597152 0.3054435 0.9483213 0.1937943 
0.416459 -0.875716 0.2443033 0.2713265 
0.9050806 0.373934 -0.2024913 2.041443E-06 
0 0 0 1 
0.09121807 0.3205893 0.942816 0.1937942 
0.3993682 -0.8790696 0.260274 0.2713262 
0.9122413 0.3527892 -0.2082201 2.023069E-06 
0 0 0 1 
0.09711029 0.3356334 0.9369738 0.1937942 
0.3820483 -0.8818722 0.2762988 0.2713259 
0.919026 0.3311379 -0.2138669 2.004551E-06 
0 0 0 1 
0.1036035 0.3504324 0.9308403 0.1937941 
0.3646522 -0.8840933 0.2922473 0.2713255 
0.9253622 0.3091553 -0.2193811 1.986033E-06 
0 0 0 1 
0.1106323 0.3648507 0.9244699 0.193794 
0.3473376 -0.8857193 0.3079909 0.2713252 
0.9311913 0.2870295 -0.2247155 1.96766E-06 
0 0 0 1 
0.1181128 0.378762 0.9179265 0.193794 
0.3302609 -0.8867571 0.3234046 0.2713248 
0.9364707 0.2649572 -0.2298275 1.949576E-06 
0 0 0 1 
0.1259435 0.3920513 0.9112816 0.1937939 
0.3135796 -0.88723 0.3383654 0.2713245 
0.9411727 0.2431445 -0.2346801 1.931927E-06 
0 0 0 1 
0.1340074 0.4046158 0.904615 0.1937938 
0.2974487 -0.8871807 0.3527542 0.2713242 
0.9452865 0.2218049 -0.2392411 1.914857E-06 
0 0 0 1 
0.1421733 0.4163651 0.898013 0.1937938 
0.2820187 -0.8866665 0.3664548 0.2713239 
0.9488164 0.2011565 -0.2434829 1.898512E-06 
0 0 0 1 
0.1502974 0.4272215 0.8915676 0.1937937 
0.2674372 -0.8857588 0.3793541 0.2713236 
0.9517816 0.1814224 -0.247382 1.883036E-06 
0 0 0 1 
0.1582287 0.4371197 0.8853759 0.1937937 
0.2538459 -0.884542 0.391342 0.2713233 
0.9542148 0.1628276 -0.2509209 1.868574E-06 
0 0 0 1 
0.1658082 0.4460054 0.8795379 0.1937936 
0.2413825 -0.8831086 0.402311 0.2713231 
0.95616 0.1455986 -0.2540845 1.855271E-06 
0 0 0 1 
0.1728748 0.4538333 0.8741568 0.1937936 
0.2301778 -0.8815591 0.4121557 0.2713228 
0.9576705 0.1299602 -0.2568616 1.843271E-06 
0 0 0 1 
0.1792642 0.4605651 0.8693357 0.1937935 
0.2203602 -0.8799959 0.4207724 0.2713226 
0.9588045 0.1161376 -0.2592418 1.83272E-06 
0 0 0 1 
0.1848164 0.4661664 0.8651775 0.1937935 
0.2120529 -0.8785217 0.4280581 0.2713225 
0.9596231 0.1043513 -0.2612171 1.823763E-06 
0 0 0 1 
0.1893752 0.470603 0.8617831 0.1937935 
0.2053781 -0.8772359 0.4339097 0.2713223 
0.9601859 0.09481967 -0.2627782 1.816544E-06 
0 0 0 1 
0.1927924 0.4738368 0.8592497 0.1937934 
0.2004568 -0.8762295 0.4382231 0.2713223 
0.9605458 0.08775633 -0.2639141 1.811208E-06 
0 0 0 1 
0.1949307 0.475822 0.8576688 0.1937934 
0.1974117 -0.8755817 0.440892 0.2713222 
0.9607449 0.08337048 -0.2646105 1.807901E-06 
0 0 0 1 
0.1956681 0.4764996 0.8571245 0.1937934 
0.196368 -0.8753555 0.4418067 0.2713222 
0.9608089 0.08186436 -0.2648484 1.806766E-06 
0 0 0 1 
0.1945885 0.4754752 0.8579386 0.1937934 
0.1978943 -0.8757024 0.4404355 0.2713222 
0.9607149 0.08407746 -0.2644954 1.808143E-06 
0 0 0 1 
0.1914953 0.4724984 0.8602761 0.1937934 
0.2023062 -0.8766775 0.4364736 0.2713223 
0.9604176 0.09045663 -0.2634689 1.812135E-06 
0 0 0 1 
0.1866314 0.467689 0.8639653 0.1937935 
0.2093606 -0.8781497 0.4301416 0.2713224 
0.9598629 0.1006024 -0.2618059 1.818535E-06 
0 0 0 1 
0.1802664 0.4611446 0.868821 0.1937935 
0.218819 -0.8799582 0.4216542 0.2713226 
0.9589694 0.1141045 -0.259534 1.827134E-06 
0 0 0 1 
0.1726885 0.4529538 0.8746495 0.1937936 
0.230442 -0.8819253 0.4112236 0.2713228 
0.9576405 0.1305424 -0.2566779 1.837725E-06 
0 0 0 1 
0.1641926 0.4432071 0.881254 0.1937936 
0.2439863 -0.883867 0.3990622 0.2713231 
0.9557781 0.1494909 -0.2532609 1.850098E-06 
0 0 0 1 
0.1550736 0.4320062 0.8884386 0.1937937 
0.2592005 -0.8856039 0.3853852 0.2713234 
0.953293 0.1705207 -0.2493099 1.864046E-06 
0 0 0 1 
0.145618 0.4194714 0.8960131 0.1937937 
0.2758226 -0.886971 0.3704121 0.2713237 
0.9501145 0.193202 -0.2448585 1.879362E-06 
0 0 0 1 
0.136096 0.4057473 0.903796 0.1937938 
0.2935814 -0.887825 0.3543688 0.2713241 
0.9461965 0.2171095 -0.2399492 1.895836E-06 
0 0 0 1 
0.1267548 0.3910051 0.9116185 0.1937938 
0.3121955 -0.888052 0.3374881 0.2713245 
0.9415238 0.2418251 -0.2346349 1.913261E-06 
0 0 0 1 
0.1178109 0.375444 0.9193273 0.1937939 
0.3313761 -0.8875721 0.3200098 0.2713248 
0.9361145 0.2669426 -0.2289788 1.931429E-06 
0 0 0 1 
0.109446 0.3592897 0.9267863 0.193794 
0.3508298 -0.8863441 0.302181 0.2713252 
0.9300216 0.2920718 -0.2230563 1.950131E-06 
0 0 0 1 
0.101802 0.3427917 0.9338793 0.193794 
0.370262 -0.8843675 0.2842554 0.2713256 
0.9233325 0.3168423 -0.216953 1.96916E-06 
0 0 0 1 
0.09497906 0.3262198 0.9405103 0.1937941 
0.3893805 -0.8816829 0.2664929 0.271326 
0.9161669 0.3409052 -0.210765 1.988308E-06 
0 0 0 1 
0.08903539 0.3098592 0.9466045 0.1937942 
0.4079003 -0.8783724 0.249158 0.2713263 
0.908675 0.3639365 -0.2045978 2.007366E-06 
0 0 0 1 
0.08398647 0.2940053 0.9521068 0.1937943 
0.4255463 -0.8745545 0.2325195 0.2713267 
0.9010309 0.3856371 -0.1985636 2.026127E-06 
0 0 0 1 
0.07981014 0.2789587 0.9569809 0.1937943 
0.4420551 -0.8703818 0.2168486 0.271327 
0.8934303 0.4057317 -0.1927804 2.044382E-06 
0 0 0 1 
0.07645039 0.265021 0.9612072 0.1937944 
0.4571771 -0.8660347 0.2024183 0.2713273 
0.8860838 0.423967 -0.1873702 2.061923E-06 
0 0 0 1 
0.07382515 0.2524911 0.9647789 0.1937945 
0.4706765 -0.8617153 0.189502 0.2713276 
0.8792121 0.4401088 -0.1824578 2.078542E-06 
0 0 0 1 
0.07183355 0.2416621 0.967698 0.1937945 
0.4823287 -0.8576378 0.1783729 0.2713279 
0.8730401 0.4539354 -0.1781677 2.094031E-06 
0 0 0 1 
0.07036717 0.2328207 0.9699707 0.1937946 
0.4919188 -0.8540216 0.169303 0.2713281 
0.8677928 0.4652336 -0.174624 2.108183E-06 
0 0 0 1 
0.06932113 0.2262459 0.9716005 0.1937946 
0.4992357 -0.8510804 0.1625625 0.2713282 
0.8636889 0.4737887 -0.1719478 2.120788E-06 
0 0 0 1 
0.06860734 0.2222096 0.9725822 0.1937947 
0.5040667 -0.8490116 0.1584193 0.2713283 
0.8609355 0.4793777 -0.1702569 2.131639E-06 
0 0 0 1 
0.06816807 0.2209769 0.9728938 0.1937947 
0.5061911 -0.847985 0.1571384 0.2713284 
0.859723 0.4817585 -0.169662 2.140529E-06 
0 0 0 1 
0.06796189 0.2227655 0.9725002 0.1937947 
0.505491 -0.8480675 0.1589367 0.2713284 
0.8601512 0.4807886 -0.1702422 2.147946E-06 
0 0 0 1 
0.06797664 0.2274398 0.9714168 0.1937947 
0.5021538 -0.8491485 0.1636737 0.2713283 
0.8621026 0.4766747 -0.171932 2.15455E-06 
0 0 0 1 
0.06826654 0.234726 0.9696617 0.1937947 
0.4963934 -0.851075 0.1710723 0.2713282 
0.8654095 0.4696552 -0.1746163 2.160385E-06 
0 0 0 1 
0.0689178 0.2443438 0.9672366 0.1937948 
0.4884153 -0.8536648 0.1808525 0.2713281 
0.8698857 0.4599493 -0.1781739 2.165495E-06 
0 0 0 1 
0.07003524 0.2560065 0.9641348 0.1937948 
0.478422 -0.856719 0.1927315 0.2713279 
0.8753328 0.4477654 -0.1824796 2.169923E-06 
0 0 0 1 
0.07172888 0.2694204 0.9603477 0.1937948 
0.4666202 -0.8600318 0.2064251 0.2713276 
0.8815444 0.4333111 -0.1874061 2.173714E-06 
0 0 0 1 
0.0741024 0.2842848 0.9558721 0.1937948 
0.4532234 -0.8634012 0.2216477 0.2713274 
0.8883115 0.4167991 -0.1928246 2.176911E-06 
0 0 0 1 
0.07724269 0.3002933 0.9507143 0.1937948 
0.4384565 -0.8666365 0.2381131 0.2713271 
0.8954272 0.3984544 -0.1986068 2.179559E-06 
0 0 0 1 
0.08121188 0.3171374 0.9448962 0.1937948 
0.4225578 -0.8695671 0.2555365 0.2713268 
0.9026904 0.3785207 -0.204628 2.1817E-06 
0 0 0 1 
0.08603995 0.3345079 0.9384571 0.1937948 
0.405777 -0.8720492 0.2736344 0.2713265 
0.9099132 0.357261 -0.2107667 2.183381E-06 
0 0 0 1 
0.09172036 0.352101 0.9314572 0.1937948 
0.3883777 -0.873971 0.292127 0.2713262 
0.9169244 0.3349633 -0.2169091 2.184643E-06 
0 0 0 1 
0.0982054 0.3696215 0.9239781 0.1937948 
0.370632 -0.8752565 0.3107383 0.2713258 
0.9235732 0.3119398 -0.2229484 2.185532E-06 
0 0 0 1 
0.1054061 0.386789 0.9161245 0.1937948 
0.3528198 -0.8758693 0.3291987 0.2713255 
0.9297353 0.2885274 -0.2287887 2.18609E-06 
0 0 0 1 
0.1131921 0.4033407 0.908022 0.1937948 
0.3352234 -0.8758123 0.3472448 0.2713252 
0.9353144 0.265085 -0.2343442 2.186363E-06 
0 0 0 1 
0.1213933 0.419037 0.8998178 0.1937948 
0.3181258 -0.8751277 0.3646209 0.2713248 
0.9402447 0.2419928 -0.2395411 2.186393E-06 
0 0 0 1 
0.1298053 0.4336627 0.8916766 0.1937948 
0.3018054 -0.8738949 0.3810792 0.2713245 
0.9444914 0.2196468 -0.2443179 2.186225E-06 
0 0 0 1 
0.1381934 0.4470286 0.8837806 0.1937948 
0.2865351 -0.8722275 0.3963803 0.2713243 
0.9480507 0.1984571 -0.2486254 2.185903E-06 
0 0 0 1 
0.1462992 0.4589708 0.8763233 0.1937948 
0.2725783 -0.8702654 0.4102918 0.271324 
0.9509457 0.1788414 -0.2524246 2.185471E-06 
0 0 0 1 
0.1538484 0.4693474 0.8695079 0.1937948 
0.2601898 -0.8681712 0.4225882 0.2713238 
0.9532219 0.1612227 -0.255686 2.184972E-06 
0 0 0 1 
0.1605569 0.4780335 0.8635424 0.1937948 
0.2496163 -0.8661184 0.4330485 0.2713236 
0.9549415 0.1460254 -0.2583861 2.184451E-06 
0 0 0 1 
0.1661416 0.4849147 0.8586354 0.1937947 
0.2410966 -0.8642861 0.4414546 0.2713234 
0.9561744 0.1336701 -0.2605051 2.183951E-06 
0 0 0 1 
0.1703281 0.4898767 0.8549908 0.1937947 
0.2348658 -0.862846 0.4475881 0.2713233 
0.9569882 0.1245713 -0.2620221 2.183517E-06 
0 0 0 1 
0.1728598 0.4927956 0.8528026 0.1937947 
0.2311595 -0.8619514 0.4512269 0.2713232 
0.9574366 0.1191345 -0.2629111 2.183192E-06 
0 0 0 1 
0.1735085 0.4935248 0.8522491 0.1937947 
0.2302167 -0.8617243 0.4521419 0.2713232 
0.9575465 0.1177516 -0.263134 2.18302E-06 
0 0 0 1 
0.1724173 0.492236 0.8532151 0.1937947 
0.231803 -0.8621373 0.4505405 0.2713232 
0.9573608 0.1200968 -0.2627491 2.182775E-06 
0 0 0 1 
0.1699488 0.48928 0.855408 0.1937947 
0.2354248 -0.8630592 0.446883 0.2713233 
0.9569183 0.1254371 -0.2618644 2.182217E-06 
0 0 0 1 
0.1662454 0.4847415 0.8587133 0.1937947 
0.2409422 -0.8644044 0.4413078 0.2713234 
0.9561954 0.133535 -0.2604978 2.181368E-06 
0 0 0 1 
0.1614676 0.4786924 0.8630075 0.1937947 
0.2482187 -0.8660695 0.4339491 0.2713235 
0.9551522 0.144146 -0.2586625 2.180251E-06 
0 0 0 1 
0.155788 0.4711971 0.868161 0.1937947 
0.257116 -0.8679394 0.4249383 0.2713237 
0.9537408 0.1570178 -0.2563668 2.178889E-06 
0 0 0 1 
0.1493864 0.4623191 0.8740394 0.1937947 
0.2674957 -0.8698929 0.4144066 0.2713239 
0.9519085 0.1718951 -0.2536185 2.177306E-06 
0 0 0 1 
0.142446 0.4521244 0.8805071 0.1937947 
0.279215 -0.8718056 0.4024855 0.2713241 
0.9496042 0.1885184 -0.2504251 2.175523E-06 
0 0 0 1 
0.1351499 0.4406866 0.8874289 0.1937947 
0.2921265 -0.8735568 0.3893087 0.2713244 
0.9467823 0.2066265 -0.2467973 2.173565E-06 
0 0 0 1 
0.1276757 0.4280895 0.8946722 0.1937947 
0.3060774 -0.8750328 0.3750128 0.2713246 
0.9434063 0.2259589 -0.2427489 2.171454E-06 
0 0 0 1 
0.1201947 0.4144296 0.9021096 0.1937947 
0.3209085 -0.8761318 0.3597382 0.2713249 
0.9394525 0.246256 -0.2383003 2.169213E-06 
0 0 0 1 
0.1128647 0.3998181 0.9096193 0.1937947 
0.3364555 -0.876765 0.3436299 0.2713252 
0.9349115 0.2672628 -0.2334768 2.166865E-06 
0 0 0 1 
0.1058296 0.3843809 0.9170887 0.1937947 
0.3525493 -0.876862 0.3268372 0.2713255 
0.9297898 0.28873 -0.2283111 2.164432E-06 
0 0 0 1 
0.0992143 0.3682586 0.9244147 0.1937947 
0.3690174 -0.8763721 0.3095143 0.2713258 
0.9241121 0.3104169 -0.2228423 2.161938E-06 
0 0 0 1 
0.09312357 0.3516061 0.9315049 0.1937947 
0.3856858 -0.8752646 0.29182 0.2713261 
0.9179186 0.332093 -0.2171172 2.159407E-06 
0 0 0 1 
0.08764048 0.3345906 0.9382796 0.1937947 
0.4023797 -0.8735334 0.2739175 0.2713264 
0.9112684 0.3535384 -0.2111893 2.15686E-06 
0 0 0 1 
0.08282346 0.31739 0.9446713 0.1937947 
0.4189269 -0.8711936 0.2559737 0.2713267 
0.9042348 0.3745477 -0.2051184 2.15432E-06 
0 0 0 1 
0.0787062 0.30019 0.9506269 0.1937947 
0.4351595 -0.8682839 0.238159 0.271327 
0.8969067 0.3949298 -0.1989698 2.151811E-06 
0 0 0 1 
0.07529873 0.2831825 0.9561056 0.1937947 
0.4509143 -0.8648652 0.2206465 0.2713273 
0.8893855 0.4145073 -0.1928142 2.149356E-06 
0 0 0 1 
0.07258734 0.2665625 0.9610804 0.1937947 
0.4660367 -0.8610184 0.2036113 0.2713276 
0.8817828 0.4331193 -0.1867269 2.146977E-06 
0 0 0 1 
0.07053509 0.2505258 0.965537 0.1937947 
0.4803801 -0.8568432 0.1872301 0.2713279 
0.8742196 0.4506186 -0.1807851 2.144697E-06 
0 0 0 1 
0.0690866 0.2352669 0.9694725 0.1937947 
0.4938074 -0.8524558 0.1716801 0.2713282 
0.8668227 0.466872 -0.1750698 2.14254E-06 
0 0 0 1 
0.06816832 0.2209776 0.9728938 0.1937947 
0.5061905 -0.8479854 0.1571391 0.2713284 
0.8597236 0.4817578 -0.1696625 2.140529E-06 
0 0 0 1 
</float_array>
          <technique_common>
            <accessor count="95" offset="0" source="#LeftUpperArm_0_1-Matrix-animation-output-transform-array" stride="16">
              <param type="float4x4" />
            </accessor>
          </technique_common>
        </source>
        <source id="LeftUpperArm_0_1-Interpolations">
          <Name_array id="LeftUpperArm_0_1-Interpolations-array" count="95">LINEAR
LINEAR
LINEAR
LINEAR
LINEAR
LINEAR
LINEAR
LINEAR
LINEAR
LINEAR
LINEAR
LINEAR
LINEAR
LINEAR
LINEAR
LINEAR
LINEAR
LINEAR
LINEAR
LINEAR
LINEAR
LINEAR
LINEAR
LINEAR
LINEAR
LINEAR
LINEAR
LINEAR
LINEAR
LINEAR
LINEAR
LINEAR
LINEAR
LINEAR
LINEAR
LINEAR
LINEAR
LINEAR
LINEAR
LINEAR
LINEAR
LINEAR
LINEAR
LINEAR
LINEAR
LINEAR
LINEAR
LINEAR
LINEAR
LINEAR
LINEAR
LINEAR
LINEAR
LINEAR
LINEAR
LINEAR
LINEAR
LINEAR
LINEAR
LINEAR
LINEAR
LINEAR
LINEAR
LINEAR
LINEAR
LINEAR
LINEAR
LINEAR
LINEAR
LINEAR
LINEAR
LINEAR
LINEAR
LINEAR
LINEAR
LINEAR
LINEAR
LINEAR
LINEAR
LINEAR
LINEAR
LINEAR
LINEAR
LINEAR
LINEAR
LINEAR
LINEAR
LINEAR
LINEAR
LINEAR
LINEAR
LINEAR
LINEAR
LINEAR
LINEAR</Name_array>
          <technique_common>
            <accessor count="95" offset="0" source="#LeftUpperArm_0_1-Interpolations-array" stride="1">
              <param type="name" />
            </accessor>
          </technique_common>
        </source>
        <sampler id="LeftUpperArm_0_1-Matrix-animation-transform">
          <input semantic="INPUT" source="#LeftUpperArm_0_1-Matrix-animation-input" />
          <input semantic="OUTPUT" source="#LeftUpperArm_0_1-Matrix-animation-output-transform" />
          <input semantic="INTERPOLATION" source="#LeftUpperArm_0_1-Interpolations" />
        </sampler>
        <channel source="#LeftUpperArm_0_1-Matrix-animation-transform" target="LeftUpperArm/matrix" />
      </animation>
      <animation id="Neck_0_2-anim" name="Neck_0_2">
        <source id="Neck_0_2-Matrix-animation-input">
          <float_array id="Neck_0_2-Matrix-animation-input-array" count="95">0
0.01666667
0.03333334
0.05
0.06666667
0.08333334
0.1
0.1166667
0.1333333
0.15
0.1666667
0.1833333
0.2
0.2166667
0.2333333
0.25
0.2666667
0.2833334
0.3
0.3166667
0.3333334
0.3500001
0.3666668
0.3833334
0.4000001
0.4166668
0.4333335
0.4500002
0.4666668
0.4833335
0.5000002
0.5166668
0.5333335
0.5500001
0.5666668
0.5833334
0.6000001
0.6166667
0.6333334
0.65
0.6666667
0.6833333
0.7
0.7166666
0.7333333
0.7499999
0.7666666
0.7833332
0.7999999
0.8166665
0.8333332
0.8499998
0.8666665
0.8833331
0.8999998
0.9166664
0.9333331
0.9499997
0.9666664
0.9833331
0.9999997
1.016666
1.033333
1.05
1.066666
1.083333
1.1
1.116666
1.133333
1.15
1.166666
1.183333
1.2
1.216666
1.233333
1.25
1.266666
1.283333
1.299999
1.316666
1.333333
1.349999
1.366666
1.383333
1.399999
1.416666
1.433333
1.449999
1.466666
1.483333
1.499999
1.516666
1.533333
1.549999
1.566666
</float_array>
          <technique_common>
            <accessor count="95" offset="0" source="#Neck_0_2-Matrix-animation-input-array" stride="1">
              <param name="TIME" type="float" />
            </accessor>
          </technique_common>
        </source>
        <source id="Neck_0_2-Matrix-animation-output-transform">
          <float_array id="Neck_0_2-Matrix-animation-output-transform-array" count="1520">0.9999847 -0.001272559 -0.005390099 4.36083E-07 
-1.308154E-10 0.9732438 -0.2297751 0.3103217 
0.005538282 0.2297716 0.9732288 -1.200009E-06 
0 0 0 1 
0.9999993 0.00104963 0.0005245905 4.359134E-07 
-0.0009194081 0.9786521 -0.2055216 0.3103217 
-0.0007291132 0.205521 0.9786524 -1.113953E-06 
0 0 0 1 
0.9999721 0.003217061 0.006737738 4.357319E-07 
-0.001955475 0.9837571 -0.1794944 0.3103216 
-0.007205742 0.1794762 0.9837359 -1.021863E-06 
0 0 0 1 
0.9998994 0.005159672 0.01321103 4.355402E-07 
-0.003093013 0.9883876 -0.1519226 0.3103216 
-0.01384149 0.1518664 0.9883041 -9.246005E-07 
0 0 0 1 
0.9997787 0.006815206 0.01990086 4.3534E-07 
-0.004315603 0.9923917 -0.1230452 0.3103216 
-0.02058803 0.1229321 0.9922015 -8.230283E-07 
0 0 0 1 
0.9996089 0.008130487 0.02675898 4.35133E-07 
-0.005605683 0.99564 -0.09311071 0.3103216 
-0.02739934 0.09292428 0.9952961 -7.180081E-07 
0 0 0 1 
0.9993898 0.009062487 0.03373338 4.349209E-07 
-0.006944718 0.9980286 -0.06237561 0.3103216 
-0.03423215 0.06210327 0.9974825 -6.104019E-07 
0 0 0 1 
0.9991227 0.009579179 0.04076942 4.347054E-07 
-0.008313453 0.9994816 -0.03110307 0.3103216 
-0.04104623 0.03073685 0.9986843 -5.010717E-07 
0 0 0 1 
0.9988097 0.009660136 0.04781118 4.344882E-07 
-0.009692215 0.9999529 0.000439172 0.3103216 
-0.04780468 -0.0009020455 0.9988563 -3.908795E-07 
0 0 0 1 
0.9984539 0.009296855 0.05480281 4.34271E-07 
-0.01106128 0.9994273 0.03198093 0.3103216 
-0.0544741 -0.03253767 0.9979849 -2.806873E-07 
0 0 0 1 
0.9980592 0.008492777 0.06169 4.340555E-07 
-0.01240121 0.9979205 0.06325217 0.3103216 
-0.06102453 -0.06389444 0.9960891 -1.713571E-07 
0 0 0 1 
0.9976301 0.007263035 0.06842145 4.338434E-07 
-0.01369325 0.9954794 0.09398511 0.3103216 
-0.06742952 -0.09469928 0.9932197 -6.375103E-08 
0 0 0 1 
0.9971713 0.0056339 0.07495008 4.336364E-07 
-0.01491962 0.9921805 0.1239168 0.3103215 
-0.07366586 -0.1246845 0.989458 4.126923E-08 
0 0 0 1 
0.9966883 0.003642033 0.08123428 4.334362E-07 
-0.01606382 0.988128 0.1527906 0.3103215 
-0.07971339 -0.1535895 0.9849142 1.428414E-07 
0 0 0 1 
0.9961866 0.001333412 0.08723862 4.332445E-07 
-0.01711082 0.9834521 0.1803584 0.3103215 
-0.08555452 -0.1811633 0.9797246 2.401036E-07 
0 0 0 1 
0.9956715 -0.001237777 0.09293468 4.33063E-07 
-0.01804715 0.9783052 0.2063811 0.3103215 
-0.09117393 -0.207165 0.9740483 3.321938E-07 
0 0 0 1 
0.9951487 -0.004010527 0.09830105 4.328934E-07 
-0.01886098 0.9728588 0.2306298 0.3103215 
-0.09655798 -0.231365 0.9680634 4.182501E-07 
0 0 0 1 
0.9946237 -0.006918356 0.1033235 4.327374E-07 
-0.01954192 0.9672989 0.2528852 0.3103215 
-0.1016942 -0.2535448 0.9619633 4.974105E-07 
0 0 0 1 
0.9941023 -0.009890749 0.1079943 4.325967E-07 
-0.02008093 0.9618223 0.2729372 0.3103215 
-0.1065708 -0.2734961 0.9559511 5.688128E-07 
0 0 0 1 
0.99359 -0.01285462 0.1123114 4.324729E-07 
-0.02046992 0.9566307 0.2905834 0.3103215 
-0.1111758 -0.2910198 0.9502355 6.31595E-07 
0 0 0 1 
0.9930921 -0.01573569 0.1162773 4.323679E-07 
-0.02070129 0.9519262 0.3056272 0.3103215 
-0.1154966 -0.3059231 0.9450247 6.848953E-07 
0 0 0 1 
0.9926146 -0.01845988 0.1198975 4.322832E-07 
-0.02076756 0.9479052 0.317875 0.3103215 
-0.1195194 -0.3180173 0.9405212 7.278516E-07 
0 0 0 1 
0.9921633 -0.02095466 0.1231783 4.322206E-07 
-0.02066064 0.9447524 0.327133 0.3103215 
-0.123228 -0.3271143 0.9369158 7.596018E-07 
0 0 0 1 
0.9917442 -0.02315037 0.1261251 4.321818E-07 
-0.02037129 0.9426345 0.3332044 0.3103215 
-0.1266037 -0.3330229 0.9343807 7.792839E-07 
0 0 0 1 
0.9913638 -0.02498155 0.1287395 4.321685E-07 
-0.01988843 0.9416931 0.3358847 0.3103215 
-0.129624 -0.3355443 0.9330636 7.860363E-07 
0 0 0 1 
0.9910193 -0.02637145 0.1310928 4.325509E-07 
-0.01914317 0.9422824 0.3342715 0.3103215 
-0.1323417 -0.333779 0.9333152 7.765776E-07 
0 0 0 1 
0.9907051 -0.0272853 0.1332632 4.336328E-07 
-0.01808971 0.9445475 0.3278763 0.3103215 
-0.1348196 -0.3272394 0.9352744 7.492471E-07 
0 0 0 1 
0.9904236 -0.02773413 0.1352473 4.353163E-07 
-0.01674749 0.9482467 0.3170926 0.3103215 
-0.1370421 -0.316321 0.9387015 7.056128E-07 
0 0 0 1 
