<?xml version="1.0" encoding="utf-8"?>
<COLLADA xmlns:xsi="http://www.w3.org/2001/XMLSchema-instance" xmlns:xsd="http://www.w3.org/2001/XMLSchema" version="1.4.1" xmlns="http://www.collada.org/2005/11/COLLADASchema">
  <asset>
    <created>2017-06-01T10:06:23.086477+03:00</created>
    <modified>2017-06-01T10:06:23.086477+03:00</modified>
    <unit meter="1" name="meter" />
    <up_axis>Y_UP</up_axis>
    <contributor>
      <authoring_tool>Skele: Character Animation Tools</authoring_tool>
      <comments>https://www.assetstore.unity3d.com/en/#!/content/16899</comments>
    </contributor>
    <revision>1.0</revision>
  </asset>
  <library_animation_clips>
    <animation_clip name="KamaraThrow" start="0" end="2">
      <instance_animation url="KamaraThrow_0" />
    </animation_clip>
  </library_animation_clips>
  <library_animations>
    <animation id="KamaraThrow_0" name="KamaraThrow">
      <animation id="Chest_0_0-anim" name="Chest_0_0">
        <source id="Chest_0_0-Matrix-animation-input">
          <float_array id="Chest_0_0-Matrix-animation-input-array" count="121">0
0.01666667
0.03333334
0.05
0.06666667
0.08333334
0.1
0.1166667
0.1333333
0.15
0.1666667
0.1833333
0.2
0.2166667
0.2333333
0.25
0.2666667
0.2833334
0.3
0.3166667
0.3333334
0.3500001
0.3666668
0.3833334
0.4000001
0.4166668
0.4333335
0.4500002
0.4666668
0.4833335
0.5000002
0.5166668
0.5333335
0.5500001
0.5666668
0.5833334
0.6000001
0.6166667
0.6333334
0.65
0.6666667
0.6833333
0.7
0.7166666
0.7333333
0.7499999
0.7666666
0.7833332
0.7999999
0.8166665
0.8333332
0.8499998
0.8666665
0.8833331
0.8999998
0.9166664
0.9333331
0.9499997
0.9666664
0.9833331
0.9999997
1.016666
1.033333
1.05
1.066666
1.083333
1.1
1.116666
1.133333
1.15
1.166666
1.183333
1.2
1.216666
1.233333
1.25
1.266666
1.283333
1.299999
1.316666
1.333333
1.349999
1.366666
1.383333
1.399999
1.416666
1.433333
1.449999
1.466666
1.483333
1.499999
1.516666
1.533333
1.549999
1.566666
1.583333
1.599999
1.616666
1.633332
1.649999
1.666666
1.683332
1.699999
1.716666
1.733332
1.749999
1.766666
1.783332
1.799999
1.816666
1.833332
1.849999
1.866666
1.883332
1.899999
1.916666
1.933332
1.949999
1.966666
1.983332
1.999999
</float_array>
          <technique_common>
            <accessor count="121" offset="0" source="#Chest_0_0-Matrix-animation-input-array" stride="1">
              <param name="TIME" type="float" />
            </accessor>
          </technique_common>
        </source>
        <source id="Chest_0_0-Matrix-animation-output-transform">
          <float_array id="Chest_0_0-Matrix-animation-output-transform-array" count="1936">0.9968179 1.350418E-07 -0.07971241 3.874301E-07 
0.008199476 0.9946953 0.1025376 0.2666114 
0.07928958 -0.1028649 0.9915301 7.686892E-07 
0 0 0 1 
0.9948747 0.00188219 -0.1010985 3.874301E-07 
0.008836666 0.994383 0.1054713 0.266611 
0.1007292 -0.1058241 0.9892699 7.6869E-07 
0 0 0 1 
0.9923902 0.00396985 -0.1230694 3.874301E-07 
0.009488805 0.9940425 0.1085794 0.2666107 
0.1227672 -0.1089209 0.9864403 7.686921E-07 
0 0 0 1 
0.9893417 0.006263373 -0.1454778 3.874301E-07 
0.01015273 0.9936758 0.1118266 0.2666104 
0.1452582 -0.1121117 0.9830214 7.686954E-07 
0 0 0 1 
0.985718 0.008758335 -0.1681767 3.874301E-07 
0.01082529 0.9932858 0.1151778 0.26661 
0.1680563 -0.1153533 0.979005 7.686994E-07 
0 0 0 1 
0.9815194 0.01144533 -0.19102 3.874301E-07 
0.01150333 0.9928757 0.1185977 0.2666096 
0.1910166 -0.1186033 0.9743952 7.68704E-07 
0 0 0 1 
0.9767587 0.0143098 -0.2138637 3.874301E-07 
0.01218373 0.992449 0.1220511 0.2666093 
0.2139954 -0.1218202 0.9692088 7.687088E-07 
0 0 0 1 
0.9714608 0.01733201 -0.2365662 3.874301E-07 
0.0128634 0.9920098 0.1255032 0.2666089 
0.2368513 -0.1249644 0.9634756 7.687137E-07 
0 0 0 1 
0.9656628 0.02048711 -0.2589895 3.874301E-07 
0.01353924 0.9915627 0.1289187 0.2666086 
0.2594455 -0.1279985 0.9572379 7.687183E-07 
0 0 0 1 
0.9594141 0.02374527 -0.2809998 3.874301E-07 
0.01420822 0.9911128 0.1322628 0.2666082 
0.2816431 -0.1308873 0.9505502 7.687223E-07 
0 0 0 1 
0.9527751 0.02707206 -0.3024679 3.874301E-07 
0.01486729 0.9906657 0.1355005 0.2666079 
0.3033129 -0.1335984 0.9434791 7.687256E-07 
0 0 0 1 
0.9458174 0.03042877 -0.3232702 3.874301E-07 
0.01551346 0.9902273 0.1385971 0.2666075 
0.3243284 -0.1361025 0.9361022 7.687277E-07 
0 0 0 1 
0.9386224 0.03377291 -0.3432891 3.874301E-07 
0.01614376 0.989804 0.1415177 0.2666072 
0.3445684 -0.1383736 0.9285071 7.687285E-07 
0 0 0 1 
0.9312809 0.03705876 -0.3624123 3.874301E-07 
0.01675524 0.9894026 0.1442276 0.2666069 
0.3639166 -0.1403887 0.9207908 7.687277E-07 
0 0 0 1 
0.9238912 0.0402379 -0.3805339 3.874301E-07 
0.01734498 0.9890301 0.1466923 0.2666066 
0.3822621 -0.142128 0.9130582 7.68725E-07 
0 0 0 1 
0.9165587 0.04326002 -0.3975534 3.874301E-07 
0.01791007 0.9886935 0.148877 0.2666062 
0.3994989 -0.1435747 0.9054209 7.687202E-07 
0 0 0 1 
0.9093941 0.04607348 -0.4133758 3.874301E-07 
0.01844763 0.9884002 0.1507471 0.2666059 
0.4155262 -0.1447143 0.8979954 7.687128E-07 
0 0 0 1 
0.902512 0.04862607 -0.4279106 3.874301E-07 
0.01895478 0.9881574 0.1522681 0.2666057 
0.4302472 -0.1455348 0.8909023 7.687029E-07 
0 0 0 1 
0.8960297 0.05086577 -0.4410709 3.874301E-07 
0.01942866 0.9879723 0.1534054 0.2666054 
0.4435689 -0.1460252 0.8842642 7.686899E-07 
0 0 0 1 
0.8893362 0.05322911 -0.4541451 3.874301E-07 
0.01982863 0.9877774 0.1546044 0.2666051 
0.4568237 -0.1465004 0.8774108 7.686721E-07 
0 0 0 1 
0.8818555 0.05609329 -0.4681714 3.874301E-07 
0.02012816 0.9875153 0.1562315 0.2666049 
0.47109 -0.147197 0.8697168 7.686482E-07 
0 0 0 1 
0.8737751 0.05931197 -0.4826998 3.874301E-07 
0.02034573 0.9872081 0.1581332 0.2666046 
0.4859043 -0.1479937 0.8613912 7.686193E-07 
0 0 0 1 
0.8653107 0.06272932 -0.4972951 3.874301E-07 
0.02049982 0.9868787 0.1601563 0.2666044 
0.5008165 -0.1487794 0.8526708 7.685862E-07 
0 0 0 1 
0.8567066 0.06617942 -0.5115409 3.874301E-07 
0.02060897 0.9865512 0.1621478 0.2666042 
0.5153922 -0.1494554 0.843821 7.685501E-07 
0 0 0 1 
0.8482361 0.06948674 -0.5250402 3.874301E-07 
0.02069168 0.9862508 0.1639547 0.2666039 
0.529214 -0.1499362 0.8351357 7.685119E-07 
0 0 0 1 
0.8401983 0.07246785 -0.5374154 3.874301E-07 
0.02076653 0.9860038 0.1654243 0.2666037 
0.5418816 -0.1501495 0.8269338 7.684724E-07 
0 0 0 1 
0.8329141 0.07493363 -0.5483056 3.874301E-07 
0.02085203 0.9858371 0.1664041 0.2666035 
0.5530093 -0.1500336 0.8195552 7.684328E-07 
0 0 0 1 
0.8267193 0.07669266 -0.557363 3.874301E-07 
0.02096673 0.9857777 0.1667414 0.2666033 
0.5622239 -0.1495344 0.8133534 7.683939E-07 
0 0 0 1 
0.821956 0.07755489 -0.5642461 3.874301E-07 
0.02112919 0.9858515 0.1662836 0.2666031 
0.569159 -0.1485999 0.8086879 7.683568E-07 
0 0 0 1 
0.8189635 0.07733604 -0.5686106 3.874301E-07 
0.02135792 0.9860827 0.1648775 0.2666029 
0.5734481 -0.147173 0.805914 7.683224E-07 
0 0 0 1 
0.8180659 0.07586274 -0.5700991 3.874301E-07 
0.02167156 0.9864919 0.1623696 0.2666028 
0.574716 -0.145184 0.8053715 7.682916E-07 
0 0 0 1 
0.8195588 0.0729788 -0.5683287 3.874301E-07 
0.02208864 0.9870949 0.1586053 0.2666027 
0.5725693 -0.14254 0.8073703 7.682655E-07 
0 0 0 1 
0.8236929 0.06855295 -0.5628771 3.874301E-07 
0.02262782 0.9879004 0.1534294 0.2666025 
0.5665846 -0.1391153 0.8121754 7.682449E-07 
0 0 0 1 
0.8306557 0.06248862 -0.5532687 3.874301E-07 
0.02330776 0.9889085 0.1466851 0.2666025 
0.5562983 -0.1347402 0.8199861 7.68231E-07 
0 0 0 1 
0.8405504 0.05473685 -0.538961 3.874301E-07 
0.02414695 0.9901079 0.1382143 0.2666024 
0.541195 -0.1291904 0.8309139 7.682246E-07 
0 0 0 1 
0.8539407 0.0449655 -0.5184239 3.874301E-07 
0.02520509 0.9915161 0.1275166 0.2666024 
0.5197595 -0.1219586 0.8455626 7.682257E-07 
0 0 0 1 
0.8706631 0.03328494 -0.4907524 3.874301E-07 
0.02650686 0.9930831 0.114382 0.2666024 
0.4911652 -0.1125965 0.8637586 7.68233E-07 
0 0 0 1 
0.8895949 0.0203975 -0.4562949 3.874301E-07 
0.02801804 0.994684 0.09908893 0.2666025 
0.4558904 -0.1009335 0.8842943 7.68246E-07 
0 0 0 1 
0.9095831 0.00704295 -0.4154625 3.874301E-07 
0.02970364 0.9961962 0.08191856 0.2666025 
0.4144591 -0.08685248 0.9059141 7.682639E-07 
0 0 0 1 
0.9294981 -0.006029614 -0.3687778 3.874301E-07 
0.03152785 0.9975055 0.06315593 0.2666026 
0.3674771 -0.07033007 0.9273695 7.682862E-07 
0 0 0 1 
0.9482835 -0.01809537 -0.3169084 3.874301E-07 
0.03345416 0.9985108 0.04309008 0.2666028 
0.3156568 -0.05146352 0.9474768 7.683122E-07 
0 0 0 1 
0.9650044 -0.02849134 -0.2606814 3.874301E-07 
0.03544563 0.9991291 0.02201407 0.2666029 
0.2598271 -0.03048369 0.9651739 7.683412E-07 
0 0 0 1 
0.978889 -0.03665484 -0.2010786 3.874301E-07 
0.03746514 0.9992979 0.0002243465 0.2666031 
0.2009292 -0.007753049 0.9795751 7.683726E-07 
0 0 0 1 
0.9893643 -0.04215905 -0.1392154 3.874301E-07 
0.03947586 0.9989787 -0.02198026 0.2666032 
0.1399999 0.01625083 0.9900181 7.684058E-07 
0 0 0 1 
0.9960803 -0.04474184 -0.07630382 3.874301E-07 
0.04144165 0.9981583 -0.04429972 0.2666034 
0.07814535 0.04096392 0.9961 7.6844E-07 
0 0 0 1 
0.9989245 -0.04432449 -0.0136067 3.874301E-07 
0.0433275 0.9968496 -0.06643419 0.2666036 
0.0165085 0.0657732 0.997698 7.684746E-07 
0 0 0 1 
0.9980233 -0.04101815 0.04761337 3.874301E-07 
0.04510001 0.9950914 -0.08808541 0.2666037 
-0.04376656 0.09005865 0.9949743 7.685091E-07 
0 0 0 1 
0.9937305 -0.0351171 0.1061435 3.874301E-07 
0.0467276 0.9929474 -0.1089581 0.2666039 
-0.1015687 0.1132348 0.9883631 7.685427E-07 
0 0 0 1 
0.9866053 -0.02707981 0.1608623 3.874301E-07 
0.04818085 0.9905044 -0.1287611 0.266604 
-0.155848 0.1347868 0.9785417 7.685748E-07 
0 0 0 1 
0.9773791 -0.0174995 0.2107697 3.874301E-07 
0.04943237 0.9878695 -0.1472078 0.2666042 
-0.2056369 0.1542967 0.9663881 7.686048E-07 
0 0 0 1 
0.9669149 -0.007067887 0.2550013 3.874301E-07 
0.05045692 0.9851662 -0.1640168 0.2666043 
-0.2500595 0.1714568 0.9529285 7.686319E-07 
0 0 0 1 
0.9561599 0.003465306 0.2928244 3.874301E-07 
0.05123087 0.9825304 -0.1789116 0.2666044 
-0.2883289 0.1860697 0.9392787 7.686556E-07 
0 0 0 1 
0.9460948 0.01333318 0.3236155 3.874301E-07 
0.0517318 0.9801049 -0.1916197 0.2666045 
-0.3197321 0.1980316 0.9265824 7.686752E-07 
0 0 0 1 
0.9376774 0.02179147 0.346823 3.874301E-07 
0.05193778 0.9780338 -0.2018715 0.2666046 
-0.3436037 0.2073036 0.9159485 7.6869E-07 
0 0 0 1 
0.9312878 0.02867002 0.3631544 3.874301E-07 
0.05182513 0.9763309 -0.209981 0.2666046 
-0.360579 0.2143733 0.9077592 7.687009E-07 
0 0 0 1 
0.9267513 0.03421843 0.3741139 3.874301E-07 
0.05140961 0.974923 -0.216523 0.2666046 
-0.3721413 0.219896 0.9017519 7.687091E-07 
0 0 0 1 
0.9240553 0.03841778 0.3803233 3.874301E-07 
0.05072728 0.9738131 -0.2216181 0.2666046 
-0.3788779 0.2240802 0.8979084 7.687149E-07 
0 0 0 1 
0.9230924 0.04131042 0.3823531 3.874301E-07 
0.04981302 0.9729953 -0.2253856 0.2666046 
-0.3813386 0.2270979 0.8961068 7.687187E-07 
0 0 0 1 
0.923686 0.04298485 0.3807316 3.874301E-07 
0.0487008 0.9724557 -0.227943 0.2666045 
-0.3800427 0.2290897 0.8961504 7.687206E-07 
0 0 0 1 
0.9256127 0.04356306 0.3759567 3.874301E-07 
0.04742385 0.9721746 -0.2294068 0.2666045 
-0.3754892 0.2301712 0.8977913 7.687208E-07 
0 0 0 1 
0.9286214 0.04319008 0.3685064 3.874301E-07 
0.04601493 0.9721276 -0.2298921 0.2666045 
-0.3681644 0.2304395 0.9007511 7.687197E-07 
0 0 0 1 
0.9324487 0.04202547 0.3588501 3.874301E-07 
0.04450659 0.9722873 -0.2295135 0.2666044 
-0.3585508 0.2299808 0.9047377 7.687175E-07 
0 0 0 1 
0.9368329 0.04023569 0.3474554 3.874301E-07 
0.04293121 0.9726238 -0.2283849 0.2666043 
-0.3471326 0.2288751 0.9094587 7.687145E-07 
0 0 0 1 
0.9415244 0.03798812 0.3347964 3.874301E-07 
0.04132133 0.9731063 -0.2266199 0.2666043 
-0.3344014 0.2272024 0.9146337 7.687108E-07 
0 0 0 1 
0.9462944 0.03544587 0.3213573 3.874301E-07 
0.03970958 0.9737033 -0.2243319 0.2666042 
-0.3208584 0.225045 0.9200025 7.687069E-07 
0 0 0 1 
0.95094 0.0327636 0.3076356 3.874301E-07 
0.03812897 0.974384 -0.2216346 0.2666042 
-0.3070168 0.222491 0.9253315 7.687028E-07 
0 0 0 1 
0.9552881 0.03008454 0.2941423 3.874301E-07 
0.03661276 0.9751181 -0.2186415 0.2666042 
-0.2934012 0.219635 0.9304172 7.686988E-07 
0 0 0 1 
0.9591947 0.02753858 0.281402 3.874301E-07 
0.0351946 0.9758767 -0.2154666 0.2666041 
-0.2805473 0.2165783 0.9350867 7.686954E-07 
0 0 0 1 
0.9625434 0.02524144 0.2699502 3.874301E-07 
0.03390841 0.9766325 -0.2122241 0.2666042 
-0.2689989 0.2134285 0.9391953 7.686926E-07 
0 0 0 1 
0.9652383 0.02329536 0.2603312 3.874301E-07 
0.03278854 0.9773596 -0.2090287 0.2666042 
-0.2593066 0.2102984 0.9426212 7.686907E-07 
0 0 0 1 
0.9671962 0.02179083 0.2530942 3.874301E-07 
0.03186943 0.9780338 -0.2059951 0.2666042 
-0.2520235 0.2073037 0.9452562 7.6869E-07 
0 0 0 1 
0.9687448 0.0205044 0.2472107 3.874301E-07 
0.03107637 0.9786947 -0.2029549 0.2666043 
-0.2461053 0.2042939 0.9474683 7.6869E-07 
0 0 0 1 
0.9702652 0.01916208 0.2412849 3.874301E-07 
0.03031079 0.9793947 -0.1996675 0.2666044 
-0.2401393 0.2010439 0.9496918 7.6869E-07 
0 0 0 1 
0.9717564 0.01777155 0.2353161 3.874301E-07 
0.02957166 0.9801298 -0.1961399 0.2666044 
-0.2341261 0.1975589 0.951922 7.6869E-07 
0 0 0 1 
0.9732177 0.01634035 0.2293038 3.874301E-07 
0.02885802 0.9808962 -0.1923794 0.2666045 
-0.2280668 0.1938443 0.9541541 7.6869E-07 
0 0 0 1 
0.9746483 0.01487588 0.2232473 3.874301E-07 
0.02816885 0.9816896 -0.1883929 0.2666046 
-0.2219621 0.1899054 0.9563832 7.6869E-07 
0 0 0 1 
0.9760472 0.01338546 0.2171465 3.874301E-07 
0.02750323 0.9825062 -0.1841878 0.2666047 
-0.2158132 0.1857482 0.9586043 7.6869E-07 
0 0 0 1 
0.9774137 0.01187622 0.211001 3.874301E-07 
0.02686018 0.9833416 -0.1797711 0.2666048 
-0.2096211 0.1813783 0.9608126 7.6869E-07 
0 0 0 1 
0.9787468 0.01035521 0.2048108 3.874301E-07 
0.02623878 0.984192 -0.1751501 0.2666049 
-0.2033868 0.1768016 0.9630031 7.686899E-07 
0 0 0 1 
0.9800458 0.008829275 0.1985757 3.874301E-07 
0.02563807 0.9850531 -0.170332 0.266605 
-0.1971115 0.1720242 0.9651708 7.686899E-07 
0 0 0 1 
0.9813098 0.007305148 0.1922959 3.874301E-07 
0.02505716 0.9859209 -0.165324 0.2666051 
-0.1907963 0.1670524 0.9673108 7.686899E-07 
0 0 0 1 
0.982538 0.005789373 0.1859718 3.874301E-07 
0.02449512 0.9867914 -0.1601334 0.2666052 
-0.1844424 0.1618925 0.9694183 7.686899E-07 
0 0 0 1 
0.9837297 0.004288351 0.1796036 3.874301E-07 
0.02395106 0.9876605 -0.1547675 0.2666054 
-0.1780511 0.1565511 0.9714884 7.686899E-07 
0 0 0 1 
0.9848841 0.002808316 0.1731919 3.874301E-07 
0.02342408 0.9885244 -0.1492338 0.2666055 
-0.1716235 0.1510349 0.9735162 7.686899E-07 
0 0 0 1 
0.9860004 0.001355311 0.1667374 3.874301E-07 
0.02291328 0.9893792 -0.1435396 0.2666056 
-0.1651611 0.1453506 0.9754973 7.686899E-07 
0 0 0 1 
0.987078 -6.480794E-05 0.1602408 3.874301E-07 
0.02241781 0.9902213 -0.1376924 0.2666058 
-0.158665 0.1395054 0.9774271 7.686899E-07 
0 0 0 1 
0.988116 -0.001446361 0.1537032 3.874301E-07 
0.02193677 0.9910468 -0.1316997 0.2666059 
-0.1521365 0.1335064 0.979301 7.686898E-07 
0 0 0 1 
0.9891139 -0.00278386 0.1471255 3.874301E-07 
0.0214693 0.9918525 -0.1255691 0.266606 
-0.1455772 0.1273608 0.9811149 7.686898E-07 
0 0 0 1 
0.9900711 -0.004072028 0.1405089 3.874301E-07 
0.02101454 0.9926348 -0.119308 0.2666062 
-0.1389882 0.1210762 0.9828646 7.686898E-07 
0 0 0 1 
0.9909868 -0.005305795 0.1338549 3.874301E-07 
0.02057162 0.9933906 -0.1129244 0.2666063 
-0.1323711 0.1146601 0.9845461 7.686897E-07 
0 0 0 1 
0.9918604 -0.006480297 0.1271648 3.874301E-07 
0.0201397 0.9941166 -0.1064257 0.2666065 
-0.125727 0.1081204 0.9861555 7.686897E-07 
0 0 0 1 
0.9926916 -0.007590906 0.1204403 3.874301E-07 
0.01971793 0.9948101 -0.09981968 0.2666066 
-0.1190575 0.101465 0.9876893 7.686897E-07 
0 0 0 1 
0.9934795 -0.008633191 0.1136829 3.874301E-07 
0.01930545 0.9954682 -0.09311425 0.2666068 
-0.1123639 0.0947018 0.989144 7.686897E-07 
0 0 0 1 
0.994224 -0.009602976 0.1068946 3.874301E-07 
0.01890143 0.9960883 -0.08631717 0.266607 
-0.1056476 0.08783904 0.9905165 7.686897E-07 
0 0 0 1 
0.9949243 -0.01049631 0.1000772 3.874301E-07 
0.01850502 0.9966681 -0.0794363 0.2666071 
-0.09890997 0.08088503 0.9918036 7.686897E-07 
0 0 0 1 
0.9955801 -0.01130946 0.09323279 3.874301E-07 
0.0181154 0.9972053 -0.07247959 0.2666073 
-0.09215253 0.07384818 0.9930027 7.686896E-07 
0 0 0 1 
0.996191 -0.01203899 0.08636339 3.874301E-07 
0.01773173 0.9976979 -0.06545496 0.2666074 
-0.08537657 0.066737 0.9941112 7.686896E-07 
0 0 0 1 
0.9967565 -0.01268166 0.07947123 3.874301E-07 
0.01735318 0.9981441 -0.05837044 0.2666076 
-0.07858352 0.05956019 0.9951267 7.686896E-07 
0 0 0 1 
0.9972764 -0.01323451 0.07255857 3.874301E-07 
0.01697893 0.9985422 -0.05123398 0.2666078 
-0.07177475 0.0523264 0.9960474 7.686896E-07 
0 0 0 1 
0.9977502 -0.01369482 0.06562775 3.874301E-07 
0.01660815 0.9988911 -0.04405367 0.2666079 
-0.06495167 0.04504451 0.9968712 7.686896E-07 
0 0 0 1 
0.9981778 -0.01406015 0.05868116 3.874301E-07 
0.01624002 0.9991893 -0.03683756 0.2666081 
-0.05811564 0.03772341 0.9975969 7.686896E-07 
0 0 0 1 
0.9985588 -0.0143283 0.05172126 3.874301E-07 
0.01587372 0.9994359 -0.0295937 0.2666083 
-0.05126806 0.03037206 0.998223 7.686895E-07 
0 0 0 1 
0.998893 -0.01449734 0.0447505 3.874301E-07 
0.01550844 0.9996303 -0.02233027 0.2666084 
-0.04441023 0.02299955 0.9987486 7.686895E-07 
0 0 0 1 
0.9991803 -0.01456563 0.03777148 3.874301E-07 
0.01514338 0.9997719 -0.01505528 0.2666086 
-0.03754358 0.01561492 0.999173 7.686895E-07 
0 0 0 1 
0.9994203 -0.01453175 0.03078669 3.874301E-07 
0.01477772 0.9998605 -0.007776968 0.2666088 
-0.03066938 0.008227416 0.9994957 7.686895E-07 
0 0 0 1 
0.9996131 -0.0143946 0.02379871 3.874301E-07 
0.01441066 0.999896 -0.0005033707 0.266609 
-0.02378898 0.000846131 0.9997166 7.686895E-07 
0 0 0 1 
0.9997585 -0.01415332 0.01681013 3.874301E-07 
0.0140414 0.9998785 0.006757337 0.2666091 
-0.01690373 -0.006519667 0.9998358 7.686895E-07 
0 0 0 1 
0.9998564 -0.01380732 0.009823532 3.874301E-07 
0.01366914 0.9998085 0.01399703 0.2666093 
-0.01001491 -0.01386074 0.9998538 7.686894E-07 
0 0 0 1 
0.9999068 -0.01335629 0.002841433 3.874301E-07 
0.01329308 0.9996867 0.02120763 0.2666095 
-0.003123798 -0.02116788 0.9997711 7.686894E-07 
0 0 0 1 
0.9999095 -0.01280018 -0.004133563 3.874301E-07 
0.01291244 0.9995137 0.02838103 0.2666096 
0.003768271 -0.02843183 0.9995886 7.686894E-07 
0 0 0 1 
0.9998647 -0.01213922 -0.01109901 3.874301E-07 
0.01252643 0.9992908 0.03550908 0.2666098 
0.01066009 -0.03564331 0.9993077 7.686893E-07 
0 0 0 1 
0.9997724 -0.01137391 -0.01805237 3.874301E-07 
0.01213425 0.9990191 0.04258378 0.26661 
0.01755033 -0.04279314 0.9989298 7.686893E-07 
0 0 0 1 
0.9996325 -0.01050499 -0.02499126 3.874301E-07 
0.01173514 0.9987003 0.04959707 0.2666101 
0.02443776 -0.04987212 0.9984566 7.686893E-07 
0 0 0 1 
0.9994452 -0.009533487 -0.03191327 3.874301E-07 
0.01132832 0.998336 0.05654094 0.2666103 
0.03132113 -0.05687108 0.9978901 7.686893E-07 
0 0 0 1 
0.9992105 -0.008460677 -0.03881618 3.874301E-07 
0.01091299 0.997928 0.06340735 0.2666104 
0.03819928 -0.06378089 0.9972326 7.686893E-07 
0 0 0 1 
0.9989287 -0.007288099 -0.04569766 3.874301E-07 
0.0104884 0.9974785 0.07018838 0.2666106 
0.0450709 -0.07059248 0.9964865 7.686893E-07 
0 0 0 1 
0.9985999 -0.006017539 -0.05255562 3.874301E-07 
0.01005378 0.9969899 0.07687615 0.2666108 
0.05193482 -0.07729689 0.9956545 7.686892E-07 
0 0 0 1 
0.9982241 -0.004651042 -0.05938793 3.874301E-07 
0.00960834 0.9964645 0.0834627 0.2666109 
0.05878978 -0.0838851 0.9947397 7.686892E-07 
0 0 0 1 
0.9978018 -0.003190894 -0.06619266 3.874301E-07 
0.009151329 0.995905 0.08994025 0.2666111 
0.06563462 -0.09034828 0.9937451 7.686892E-07 
0 0 0 1 
0.9973329 -0.001639623 -0.07296792 3.874301E-07 
0.008681979 0.9953144 0.09630098 0.2666112 
0.07246812 -0.09667765 0.9926741 7.686892E-07 
0 0 0 1 
0.9968179 1.583248E-08 -0.07971192 3.874301E-07 
0.008199508 0.9946953 0.1025371 0.2666114 
0.07928909 -0.1028645 0.9915302 7.686892E-07 
0 0 0 1 
</float_array>
          <technique_common>
            <accessor count="121" offset="0" source="#Chest_0_0-Matrix-animation-output-transform-array" stride="16">
              <param type="float4x4" />
            </accessor>
          </technique_common>
        </source>
        <source id="Chest_0_0-Interpolations">
          <Name_array id="Chest_0_0-Interpolations-array" count="121">LINEAR
LINEAR
LINEAR
LINEAR
LINEAR
LINEAR
LINEAR
LINEAR
LINEAR
LINEAR
LINEAR
LINEAR
LINEAR
LINEAR
LINEAR
LINEAR
LINEAR
LINEAR
LINEAR
LINEAR
LINEAR
LINEAR
LINEAR
LINEAR
LINEAR
LINEAR
LINEAR
LINEAR
LINEAR
LINEAR
LINEAR
LINEAR
LINEAR
LINEAR
LINEAR
LINEAR
LINEAR
LINEAR
LINEAR
LINEAR
LINEAR
LINEAR
LINEAR
LINEAR
LINEAR
LINEAR
LINEAR
LINEAR
LINEAR
LINEAR
LINEAR
LINEAR
LINEAR
LINEAR
LINEAR
LINEAR
LINEAR
LINEAR
LINEAR
LINEAR
LINEAR
LINEAR
LINEAR
LINEAR
LINEAR
LINEAR
LINEAR
LINEAR
LINEAR
LINEAR
LINEAR
LINEAR
LINEAR
LINEAR
LINEAR
LINEAR
LINEAR
LINEAR
LINEAR
LINEAR
LINEAR
LINEAR
LINEAR
LINEAR
LINEAR
LINEAR
LINEAR
LINEAR
LINEAR
LINEAR
LINEAR
LINEAR
LINEAR
LINEAR
LINEAR
LINEAR
LINEAR
LINEAR
LINEAR
LINEAR
LINEAR
LINEAR
LINEAR
LINEAR
LINEAR
LINEAR
LINEAR
LINEAR
LINEAR
LINEAR
LINEAR
LINEAR
LINEAR
LINEAR
LINEAR
LINEAR
LINEAR
LINEAR
LINEAR
LINEAR
LINEAR</Name_array>
          <technique_common>
            <accessor count="121" offset="0" source="#Chest_0_0-Interpolations-array" stride="1">
              <param type="name" />
            </accessor>
          </technique_common>
        </source>
        <sampler id="Chest_0_0-Matrix-animation-transform">
          <input semantic="INPUT" source="#Chest_0_0-Matrix-animation-input" />
          <input semantic="OUTPUT" source="#Chest_0_0-Matrix-animation-output-transform" />
          <input semantic="INTERPOLATION" source="#Chest_0_0-Interpolations" />
        </sampler>
        <channel source="#Chest_0_0-Matrix-animation-transform" target="Chest/matrix" />
      </animation>
      <animation id="LeftUpperArm_0_1-anim" name="LeftUpperArm_0_1">
        <source id="LeftUpperArm_0_1-Matrix-animation-input">
          <float_array id="LeftUpperArm_0_1-Matrix-animation-input-array" count="121">0
0.01666667
0.03333334
0.05
0.06666667
0.08333334
0.1
0.1166667
0.1333333
0.15
0.1666667
0.1833333
0.2
0.2166667
0.2333333
0.25
0.2666667
0.2833334
0.3
0.3166667
0.3333334
0.3500001
0.3666668
0.3833334
0.4000001
0.4166668
0.4333335
0.4500002
0.4666668
0.4833335
0.5000002
0.5166668
0.5333335
0.5500001
0.5666668
0.5833334
0.6000001
0.6166667
0.6333334
0.65
0.6666667
0.6833333
0.7
0.7166666
0.7333333
0.7499999
0.7666666
0.7833332
0.7999999
0.8166665
0.8333332
0.8499998
0.8666665
0.8833331
0.8999998
0.9166664
0.9333331
0.9499997
0.9666664
0.9833331
0.9999997
1.016666
1.033333
1.05
1.066666
1.083333
1.1
1.116666
1.133333
1.15
1.166666
1.183333
1.2
1.216666
1.233333
1.25
1.266666
1.283333
1.299999
1.316666
1.333333
1.349999
1.366666
1.383333
1.399999
1.416666
1.433333
1.449999
1.466666
1.483333
1.499999
1.516666
1.533333
1.549999
1.566666
1.583333
1.599999
1.616666
1.633332
1.649999
1.666666
1.683332
1.699999
1.716666
1.733332
1.749999
1.766666
1.783332
1.799999
1.816666
1.833332
1.849999
1.866666
1.883332
1.899999
1.916666
1.933332
1.949999
1.966666
1.983332
1.999999
</float_array>
          <technique_common>
            <accessor count="121" offset="0" source="#LeftUpperArm_0_1-Matrix-animation-input-array" stride="1">
              <param name="TIME" type="float" />
            </accessor>
          </technique_common>
        </source>
        <source id="LeftUpperArm_0_1-Matrix-animation-output-transform">
          <float_array id="LeftUpperArm_0_1-Matrix-animation-output-transform-array" count="1936">0.08740407 0.3461984 0.9340811 0.1937946 
0.7532384 -0.6365969 0.1654595 0.2713114 
0.6519145 0.6891241 -0.316411 2.084998E-06 
0 0 0 1 
0.09155831 0.345662 0.9338816 0.1937947 
0.7407653 -0.6503901 0.1681068 0.2713113 
0.6654954 0.6763956 -0.3156029 1.97659E-06 
0 0 0 1 
0.09552863 0.3451615 0.9336691 0.1937947 
0.7282839 -0.6636433 0.1708228 0.2713113 
0.6785845 0.6636578 -0.3147724 1.865767E-06 
0 0 0 1 
0.09933666 0.344697 0.9334432 0.1937947 
0.71579 -0.6763932 0.1736007 0.2713112 
0.6912141 0.6509046 -0.3139212 1.752762E-06 
0 0 0 1 
0.103004 0.3442679 0.9332041 0.1937947 
0.7032765 -0.6886753 0.1764334 0.2713111 
0.7034147 0.6381274 -0.3130518 1.637809E-06 
0 0 0 1 
0.106551 0.3438717 0.932952 0.1937947 
0.6907343 -0.7005234 0.1793143 0.271311 
0.7152154 0.6253161 -0.3121654 1.521143E-06 
0 0 0 1 
0.1099985 0.3435051 0.9326867 0.1937947 
0.6781515 -0.7119696 0.1822363 0.2713109 
0.7266436 0.6124573 -0.311264 1.402996E-06 
0 0 0 1 
0.1133672 0.3431637 0.9324092 0.1937948 
0.6655139 -0.7230458 0.1851928 0.2713108 
0.7377257 0.5995365 -0.3103498 1.283602E-06 
0 0 0 1 
0.1166771 0.3428421 0.9321191 0.1937948 
0.6528062 -0.7337806 0.1881768 0.2713107 
0.7484856 0.5865373 -0.3094248 1.163196E-06 
0 0 0 1 
0.1199482 0.3425338 0.9318172 0.1937948 
0.6400105 -0.7442021 0.1911814 0.2713105 
0.7589461 0.573441 -0.3084909 1.04201E-06 
0 0 0 1 
0.1231996 0.3422315 0.931504 0.1937948 
0.6271073 -0.7543362 0.1942001 0.2713104 
0.7691283 0.5602277 -0.3075497 9.202791E-07 
0 0 0 1 
0.1264511 0.3419271 0.9311801 0.1937949 
0.6140757 -0.7642079 0.1972258 0.2713102 
0.7790515 0.5468758 -0.306604 7.982366E-07 
0 0 0 1 
0.1297211 0.3416115 0.9308459 0.1937949 
0.600893 -0.7738392 0.2002519 0.2713101 
0.7887332 0.533362 -0.3056551 6.761162E-07 
0 0 0 1 
0.1330284 0.3412746 0.9305028 0.1937949 
0.5875356 -0.7832517 0.2032717 0.2713099 
0.7981891 0.5196626 -0.3047056 5.541516E-07 
0 0 0 1 
0.1363916 0.3409057 0.930151 0.1937949 
0.5739771 -0.7924647 0.2062783 0.2713098 
0.8074329 0.5057509 -0.3037575 4.325765E-07 
0 0 0 1 
0.139828 0.3404931 0.9297917 0.193795 
0.5601916 -0.8014948 0.209265 0.2713097 
0.8164763 0.4916006 -0.3028127 3.116247E-07 
0 0 0 1 
0.1433551 0.3400243 0.9294263 0.193795 
0.5461512 -0.810358 0.2122252 0.2713096 
0.8253292 0.4771838 -0.3018736 1.915299E-07 
0 0 0 1 
0.1469897 0.3394853 0.9290555 0.193795 
0.531826 -0.8190674 0.2151522 0.2713094 
0.8339998 0.4624707 -0.3009415 7.252584E-08 
0 0 0 1 
0.1507488 0.3388625 0.9286803 0.193795 
0.5171863 -0.8276338 0.2180393 0.2713093 
0.8424923 0.4474316 -0.3000197 -4.515391E-08 
0 0 0 1 
0.1546477 0.33814 0.9283025 0.193795 
0.5022003 -0.8360667 0.2208798 0.2713092 
0.8508108 0.4320354 -0.2991097 -1.612752E-07 
0 0 0 1 
0.158702 0.3373015 0.9279233 0.1937951 
0.4868359 -0.8443722 0.2236672 0.2713091 
0.8589556 0.41625 -0.298214 -2.756046E-07 
0 0 0 1 
0.1629261 0.3363295 0.9275439 0.1937951 
0.4710599 -0.852554 0.2263947 0.271309 
0.8669243 0.4000432 -0.2973346 -3.879086E-07 
0 0 0 1 
0.1673336 0.3352057 0.9271661 0.1937951 
0.4548382 -0.860614 0.229056 0.271309 
0.8747126 0.3833818 -0.2964739 -4.979529E-07 
0 0 0 1 
0.1719374 0.33391 0.9267912 0.1937951 
0.4381345 -0.8685502 0.2316442 0.271309 
0.8823127 0.366231 -0.2956337 -6.055041E-07 
0 0 0 1 
0.1767493 0.3324217 0.9264209 0.1937951 
0.4209144 -0.8763585 0.2341529 0.2713089 
0.8897139 0.3485577 -0.2948167 -7.103283E-07 
0 0 0 1 
0.1817795 0.3307186 0.926057 0.1937951 
0.4031407 -0.8840306 0.2365756 0.2713089 
0.8969024 0.3303267 -0.2940247 -8.121922E-07 
0 0 0 1 
0.187038 0.3287772 0.9257012 0.1937951 
0.3847764 -0.891556 0.2389058 0.271309 
0.9038607 0.3115035 -0.2932605 -9.108617E-07 
0 0 0 1 
0.1925322 0.3265725 0.9253549 0.1937951 
0.3657832 -0.8989193 0.2411368 0.271309 
0.9105679 0.2920527 -0.2925255 -1.006103E-06 
0 0 0 1 
0.1982686 0.3240784 0.9250205 0.1937951 
0.3461243 -0.9061027 0.2432622 0.2713091 
0.9169992 0.2719408 -0.291823 -1.097682E-06 
0 0 0 1 
0.2042514 0.321267 0.9246995 0.1937951 
0.3257606 -0.9130831 0.2452756 0.2713092 
0.9231261 0.2511328 -0.2911545 -1.185366E-06 
0 0 0 1 
0.2104832 0.3181092 0.9243937 0.1937951 
0.3046539 -0.9198334 0.2471704 0.2713093 
0.9289149 0.229595 -0.2905226 -1.268921E-06 
0 0 0 1 
0.2169636 0.3145741 0.9241049 0.193795 
0.2827664 -0.926322 0.2489401 0.2713095 
0.9343286 0.2072949 -0.289929 -1.348113E-06 
0 0 0 1 
0.2236908 0.3106299 0.9238353 0.193795 
0.2600603 -0.9325128 0.2505783 0.2713097 
0.9393248 0.1842009 -0.289377 -1.422707E-06 
0 0 0 1 
0.2306591 0.3062426 0.9235865 0.193795 
0.2364982 -0.9383633 0.2520784 0.2713099 
0.9438564 0.1602824 -0.2888678 -1.492471E-06 
0 0 0 1 
0.2378602 0.3013775 0.9233604 0.1937949 
0.2120447 -0.9438268 0.2534341 0.2713102 
0.9478711 0.1355119 -0.2884042 -1.557172E-06 
0 0 0 1 
0.2456447 0.2956665 0.9231685 0.1937949 
0.1855783 -0.9490776 0.2545841 0.2713105 
0.9514301 0.1087829 -0.2880051 -1.615072E-06 
0 0 0 1 
0.254232 0.2887921 0.9230197 0.1937948 
0.1562342 -0.9541062 0.2554858 0.2713109 
0.9544407 0.07925459 -0.2876835 -1.664996E-06 
0 0 0 1 
0.2634146 0.2808004 0.9229107 0.1937947 
0.1243726 -0.9586 0.2561608 0.2713114 
0.9566317 0.04730829 -0.287433 -1.70755E-06 
0 0 0 1 
0.2729863 0.2717509 0.9228382 0.1937947 
0.09037429 -0.9622755 0.2566302 0.271312 
0.9577637 0.01334432 -0.2872472 -1.743342E-06 
0 0 0 1 
0.2827473 0.2617196 0.9227983 0.1937946 
0.05463847 -0.9648882 0.2569155 0.2713126 
0.957637 -0.02222188 -0.2871194 -1.772979E-06 
0 0 0 1 
0.2925089 0.2508011 0.9227879 0.1937945 
0.0175816 -0.9662416 0.257038 0.2713133 
0.9561011 -0.05896182 -0.2870437 -1.797066E-06 
0 0 0 1 
0.302096 0.2391091 0.9228026 0.1937943 
-0.02036587 -0.9661918 0.2570188 0.271314 
0.9530599 -0.09643807 -0.2870131 -1.81621E-06 
0 0 0 1 
0.3113523 0.2267773 0.922839 0.1937942 
-0.05876375 -0.9646556 0.2568792 0.2713147 
0.9484759 -0.1342095 -0.2870214 -1.831019E-06 
0 0 0 1 
0.3201418 0.213958 0.922893 0.1937941 
-0.0971681 -0.9616106 0.2566404 0.2713154 
0.9423735 -0.1718371 -0.2870617 -1.842099E-06 
0 0 0 1 
0.3283528 0.2008195 0.9229604 0.193794 
-0.1351376 -0.9570979 0.2563237 0.2713162 
0.9348381 -0.2088913 -0.2871275 -1.850056E-06 
0 0 0 1 
0.3358991 0.1875454 0.9230378 0.1937939 
-0.1722371 -0.9512227 0.2559502 0.2713169 
0.9260163 -0.2449549 -0.2872125 -1.855497E-06 
0 0 0 1 
0.3427207 0.17433 0.9231206 0.1937938 
-0.208047 -0.9441483 0.2555412 0.2713177 
0.9161109 -0.2796318 -0.2873101 -1.85903E-06 
0 0 0 1 
0.3487824 0.1613763 0.9232055 0.1937936 
-0.2421649 -0.9360936 0.2551178 0.2713184 
0.9053767 -0.3125486 -0.2874132 -1.861261E-06 
0 0 0 1 
0.3540757 0.1488921 0.9232885 0.1937935 
-0.2742104 -0.9273276 0.2547015 0.2713191 
0.8941135 -0.343359 -0.2875164 -1.862796E-06 
0 0 0 1 
0.3586129 0.1370876 0.9233657 0.1937934 
-0.3038265 -0.9181585 0.2543133 0.2713197 
0.8826586 -0.3717431 -0.2876126 -1.864242E-06 
0 0 0 1 
0.3624249 0.1261729 0.9234333 0.1937934 
-0.3306799 -0.9089272 0.2539745 0.2713203 
0.8713779 -0.3974076 -0.2876949 -1.866206E-06 
0 0 0 1 
0.3655578 0.1163555 0.9234875 0.1937933 
-0.3544593 -0.8999958 0.2537065 0.2713208 
0.8606545 -0.4200833 -0.287757 -1.869294E-06 
0 0 0 1 
0.3680667 0.107839 0.9235246 0.1937932 
-0.3748714 -0.8917366 0.2535304 0.2713212 
0.850881 -0.4395192 -0.2877927 -1.874114E-06 
0 0 0 1 
0.3700094 0.1008222 0.9235411 0.1937931 
-0.3916345 -0.884521 0.2534676 0.2713216 
0.8424461 -0.4554761 -0.2877955 -1.881271E-06 
0 0 0 1 
0.3715305 0.09510162 0.9235371 0.1937931 
-0.4053617 -0.8783004 0.2535166 0.2713218 
0.8352526 -0.4685558 -0.2877648 -1.891022E-06 
0 0 0 1 
0.3727704 0.09031791 0.9235179 0.1937931 
-0.4169265 -0.8728315 0.2536498 0.271322 
0.8289841 -0.4795924 -0.2877097 -1.902786E-06 
0 0 0 1 
0.3737679 0.08643249 0.9234864 0.193793 
-0.4264372 -0.8681661 0.2538491 0.2713222 
0.8236802 -0.4886897 -0.2876345 -1.915917E-06 
0 0 0 1 
0.3745552 0.08340327 0.923446 0.193793 
-0.4339964 -0.8643394 0.2540964 0.2713223 
0.8193628 -0.4959455 -0.287546 -1.929768E-06 
0 0 0 1 
0.375156 0.0811873 0.9233995 0.193793 
-0.4397008 -0.8613696 0.2543738 0.2713224 
0.81604 -0.5014494 -0.2874498 -1.943692E-06 
0 0 0 1 
0.3755872 0.07973994 0.9233503 0.193793 
-0.4436409 -0.8592612 0.2546631 0.2713225 
0.8137058 -0.5052842 -0.2873515 -1.957045E-06 
0 0 0 1 
0.3758602 0.07901547 0.9233016 0.193793 
-0.4459012 -0.8580064 0.2549462 0.2713225 
0.8123431 -0.5075255 -0.2872573 -1.969178E-06 
0 0 0 1 
0.3759811 0.07896706 0.9232565 0.193793 
-0.4465618 -0.8575858 0.2552051 0.2713224 
0.8119242 -0.5082434 -0.2871723 -1.979446E-06 
0 0 0 1 
0.3759529 0.07954708 0.9232181 0.193793 
-0.4456964 -0.8579714 0.2554218 0.2713224 
0.8124125 -0.5075017 -0.2871029 -1.987203E-06 
0 0 0 1 
0.3757752 0.08070695 0.9231898 0.193793 
-0.4433759 -0.8591263 0.2555781 0.2713223 
0.8137634 -0.5053601 -0.2870548 -1.991801E-06 
0 0 0 1 
0.3754451 0.08239757 0.9231748 0.193793 
-0.4396659 -0.8610076 0.2556562 0.2713222 
0.8159257 -0.5018735 -0.2870337 -1.992595E-06 
0 0 0 1 
0.3749581 0.08456872 0.9231765 0.1937931 
-0.4346303 -0.8635661 0.2556378 0.2713221 
0.8188425 -0.4970941 -0.2870449 -1.988939E-06 
0 0 0 1 
0.3743099 0.08716924 0.9231976 0.1937931 
-0.4283293 -0.8667478 0.255505 0.271322 
0.8224513 -0.4910708 -0.2870951 -1.980185E-06 
0 0 0 1 
0.3734947 0.09014756 0.9232417 0.1937931 
-0.4208222 -0.8704953 0.2552396 0.2713219 
0.8266863 -0.4838514 -0.2871892 -1.965688E-06 
0 0 0 1 
0.3725085 0.09345134 0.9233117 0.1937931 
-0.4121661 -0.8747482 0.2548237 0.2713218 
0.8314785 -0.4754819 -0.2873336 -1.944801E-06 
0 0 0 1 
0.3713472 0.09702747 0.9234105 0.1937931 
-0.402418 -0.8794444 0.2542391 0.2713217 
0.8367561 -0.4660081 -0.2875335 -1.916878E-06 
0 0 0 1 
0.3700094 0.1008221 0.9235411 0.1937931 
-0.3916346 -0.884521 0.2534676 0.2713216 
0.8424461 -0.4554763 -0.2877955 -1.881273E-06 
0 0 0 1 
0.3685054 0.104851 0.9236937 0.1937932 
-0.3798684 -0.889895 0.252562 0.2713214 
0.8484715 -0.4439527 -0.2881014 -1.840039E-06 
0 0 0 1 
0.3668428 0.1091563 0.9238569 0.1937932 
-0.3671408 -0.8954952 0.2515886 0.2713214 
0.8547713 -0.4314792 -0.2884301 -1.795728E-06 
0 0 0 1 
0.3650156 0.1137225 0.9240298 0.1937932 
-0.3534654 -0.9012702 0.2505493 0.2713212 
0.8612931 -0.4180671 -0.2887806 -1.748434E-06 
0 0 0 1 
0.3630182 0.1185343 0.9242119 0.1937932 
-0.3388556 -0.9071681 0.2494463 0.2713211 
0.867983 -0.4037281 -0.2891525 -1.698253E-06 
0 0 0 1 
0.3608443 0.1235764 0.9244027 0.1937932 
-0.3233258 -0.913136 0.2482816 0.271321 
0.8747869 -0.3884743 -0.2895443 -1.64528E-06 
0 0 0 1 
0.3584884 0.1288325 0.9246017 0.1937933 
-0.3068914 -0.9191196 0.2470572 0.2713208 
0.8816483 -0.3723195 -0.2899561 -1.589609E-06 
0 0 0 1 
0.3559456 0.1342866 0.9248081 0.1937933 
-0.28957 -0.9250644 0.2457751 0.2713207 
0.8885111 -0.3552793 -0.2903872 -1.531337E-06 
0 0 0 1 
0.3532099 0.1399222 0.9250215 0.1937933 
-0.2713805 -0.9309156 0.2444375 0.2713205 
0.8953187 -0.3373706 -0.2908363 -1.470558E-06 
0 0 0 1 
0.3502762 0.1457228 0.9252414 0.1937933 
-0.2523437 -0.9366171 0.2430462 0.2713203 
0.902014 -0.3186122 -0.2913024 -1.407368E-06 
0 0 0 1 
0.3471409 0.1516716 0.925467 0.1937934 
-0.232482 -0.9421148 0.2416035 0.2713202 
0.9085402 -0.2990249 -0.2917856 -1.341861E-06 
0 0 0 1 
0.3437995 0.1577516 0.9256977 0.1937934 
-0.2118206 -0.9473537 0.2401112 0.27132 
0.9148408 -0.2786321 -0.2922846 -1.274133E-06 
0 0 0 1 
0.3402489 0.163946 0.9259334 0.1937934 
-0.1903868 -0.95228 0.2385716 0.2713198 
0.9208602 -0.2574593 -0.292799 -1.204279E-06 
0 0 0 1 
0.3364861 0.1702376 0.926173 0.1937934 
-0.1682101 -0.9568403 0.2369865 0.2713197 
0.9265434 -0.2355344 -0.2933277 -1.132395E-06 
0 0 0 1 
0.3325087 0.1766095 0.9264163 0.1937935 
-0.1453222 -0.960983 0.235358 0.2713194 
0.9318367 -0.2128875 -0.2938699 -1.058575E-06 
0 0 0 1 
0.3283157 0.1830445 0.9266626 0.1937935 
-0.1217578 -0.964658 0.2336883 0.2713193 
0.9366877 -0.1895519 -0.2944252 -9.829142E-07 
0 0 0 1 
0.3239063 0.1895259 0.9269115 0.1937935 
-0.09755348 -0.9678171 0.2319795 0.2713191 
0.9410464 -0.1655631 -0.294993 -9.055086E-07 
0 0 0 1 
0.3192799 0.1960369 0.9271623 0.1937936 
-0.07274847 -0.9704127 0.2302334 0.2713189 
0.944864 -0.1409586 -0.2955718 -8.264532E-07 
0 0 0 1 
0.3144381 0.2025608 0.9274147 0.1937936 
-0.04738473 -0.9724016 0.2284522 0.2713186 
0.9480945 -0.1157794 -0.2961618 -7.458428E-07 
0 0 0 1 
0.3093817 0.2090814 0.927668 0.1937936 
-0.02150608 -0.9737418 0.226638 0.2713184 
0.9506948 -0.09006815 -0.2967613 -6.637728E-07 
0 0 0 1 
0.3041136 0.2155827 0.9279218 0.1937936 
0.004841837 -0.9743948 0.2247928 0.2713182 
0.9526235 -0.06386971 -0.2973704 -5.803385E-07 
0 0 0 1 
0.2986368 0.2220489 0.9281758 0.1937937 
0.03160992 -0.9743247 0.2229187 0.271318 
0.9538432 -0.03723218 -0.2979881 -4.95635E-07 
0 0 0 1 
0.2929551 0.2284648 0.9284295 0.1937937 
0.05874856 -0.9734991 0.2210178 0.2713178 
0.9543197 -0.01020441 -0.2986134 -4.097575E-07 
0 0 0 1 
0.2870733 0.2348155 0.9286823 0.1937937 
0.0862058 -0.971889 0.2190922 0.2713176 
0.9540219 0.01716229 -0.2992457 -3.228009E-07 
0 0 0 1 
0.2809971 0.2410868 0.9289338 0.1937938 
0.1139286 -0.9694687 0.2171439 0.2713173 
0.9529223 0.0448153 -0.2998844 -2.348611E-07 
0 0 0 1 
0.2747327 0.2472645 0.9291837 0.1937938 
0.1418613 -0.966217 0.2151751 0.2713171 
0.9509981 0.07269953 -0.3005286 -1.460326E-07 
0 0 0 1 
0.2682875 0.2533359 0.9294316 0.1937938 
0.1699488 -0.9621172 0.2131878 0.2713169 
0.9482297 0.1007603 -0.301178 -5.641107E-08 
0 0 0 1 
0.2616688 0.259288 0.9296771 0.1937939 
0.1981343 -0.9571546 0.2111841 0.2713166 
0.9446017 0.1289407 -0.3018312 3.390892E-08 
0 0 0 1 
0.2548856 0.2651092 0.9299198 0.1937939 
0.2263607 -0.9513209 0.2091661 0.2713164 
0.9401035 0.1571839 -0.3024882 1.248316E-07 
0 0 0 1 
0.2479468 0.2707882 0.9301592 0.1937939 
0.2545701 -0.9446106 0.207136 0.2713162 
0.9347281 0.185432 -0.3031477 2.162619E-07 
0 0 0 1 
0.2408623 0.2763145 0.9303955 0.193794 
0.2827051 -0.9370241 0.2050958 0.271316 
0.9284736 0.2136278 -0.3038093 3.081045E-07 
0 0 0 1 
0.2336423 0.2816786 0.930628 0.193794 
0.3107087 -0.9285645 0.2030477 0.2713157 
0.9213421 0.2417138 -0.3044719 4.002648E-07 
0 0 0 1 
0.2262984 0.2868716 0.9308566 0.193794 
0.3385246 -0.9192407 0.2009937 0.2713155 
0.9133403 0.2696334 -0.3051356 4.926474E-07 
0 0 0 1 
0.2188416 0.2918853 0.9310808 0.1937941 
0.366096 -0.9090648 0.1989361 0.2713152 
0.904479 0.2973296 -0.3057991 5.851564E-07 
0 0 0 1 
0.2112835 0.2967129 0.9313007 0.1937941 
0.3933693 -0.8980539 0.1968769 0.271315 
0.8947736 0.3247484 -0.3064617 6.776972E-07 
0 0 0 1 
0.2036372 0.3013479 0.9315158 0.1937941 
0.4202912 -0.8862292 0.1948182 0.2713148 
0.8842441 0.3518357 -0.3071229 7.701747E-07 
0 0 0 1 
0.195915 0.3057848 0.931726 0.1937942 
0.4468099 -0.8736157 0.1927621 0.2713145 
0.8729136 0.3785395 -0.3077821 8.624934E-07 
0 0 0 1 
0.1881298 0.3100193 0.9319311 0.1937942 
0.4728771 -0.8602425 0.1907109 0.2713143 
0.8608104 0.4048106 -0.3084382 9.545588E-07 
0 0 0 1 
0.1802953 0.3140478 0.9321307 0.1937943 
0.4984449 -0.8461429 0.1886666 0.2713141 
0.847966 0.4306002 -0.3090911 1.046275E-06 
0 0 0 1 
0.1724246 0.3178676 0.9323251 0.1937943 
0.5234696 -0.8313535 0.1866315 0.2713138 
0.8344156 0.4558641 -0.3097397 1.137546E-06 
0 0 0 1 
0.1645314 0.3214767 0.932514 0.1937943 
0.5479088 -0.8159143 0.1846075 0.2713136 
0.8201983 0.480559 -0.3103833 1.228279E-06 
0 0 0 1 
0.1566296 0.3248743 0.9326973 0.1937944 
0.5717243 -0.7998689 0.182597 0.2713134 
0.8053563 0.5046457 -0.3110216 1.318376E-06 
0 0 0 1 
0.1487334 0.3280603 0.9328747 0.1937944 
0.5948799 -0.7832634 0.180602 0.2713131 
0.7899344 0.528087 -0.3116539 1.407744E-06 
0 0 0 1 
0.1408559 0.3310356 0.9330462 0.1937944 
0.617344 -0.7661462 0.1786246 0.2713129 
0.7739806 0.5508503 -0.312279 1.496287E-06 
0 0 0 1 
0.1330117 0.3338017 0.9332119 0.1937944 
0.6390867 -0.74857 0.176667 0.2713127 
0.7575459 0.5729048 -0.3128967 1.58391E-06 
0 0 0 1 
0.1252144 0.3363611 0.9333717 0.1937945 
0.6600834 -0.7305881 0.1747315 0.2713125 
0.740683 0.5942243 -0.3135065 1.670517E-06 
0 0 0 1 
0.1174774 0.3387173 0.9335256 0.1937945 
0.680312 -0.7122564 0.1728202 0.2713122 
0.7234464 0.6147863 -0.3141073 1.756014E-06 
0 0 0 1 
0.1098148 0.340874 0.9336733 0.1937945 
0.6997545 -0.6936319 0.1709352 0.271312 
0.7058926 0.6345711 -0.3146992 1.840306E-06 
0 0 0 1 
0.1022398 0.3428359 0.9338152 0.1937946 
0.718396 -0.6747741 0.1690786 0.2713118 
0.6880802 0.6535627 -0.3152807 1.923296E-06 
0 0 0 1 
0.09476504 0.3446086 0.933951 0.1937946 
0.7362261 -0.6557423 0.1672527 0.2713116 
