<?xml version="1.0" encoding="utf-8"?>
<COLLADA xmlns:xsi="http://www.w3.org/2001/XMLSchema-instance" xmlns:xsd="http://www.w3.org/2001/XMLSchema" version="1.4.1" xmlns="http://www.collada.org/2005/11/COLLADASchema">
  <asset>
    <created>2017-06-01T10:06:19.1736428+03:00</created>
    <modified>2017-06-01T10:06:19.1736428+03:00</modified>
    <unit meter="1" name="meter" />
    <up_axis>Y_UP</up_axis>
    <contributor>
      <authoring_tool>Skele: Character Animation Tools</authoring_tool>
      <comments>https://www.assetstore.unity3d.com/en/#!/content/16899</comments>
    </contributor>
    <revision>1.0</revision>
  </asset>
  <library_animation_clips>
    <animation_clip name="KamaraPressButton" start="0" end="1.3500000238418579">
      <instance_animation url="KamaraPressButton_0" />
    </animation_clip>
  </library_animation_clips>
  <library_animations>
    <animation id="KamaraPressButton_0" name="KamaraPressButton">
      <animation id="Chest_0_0-anim" name="Chest_0_0">
        <source id="Chest_0_0-Matrix-animation-input">
          <float_array id="Chest_0_0-Matrix-animation-input-array" count="82">0
0.01666667
0.03333334
0.05
0.06666667
0.08333334
0.1
0.1166667
0.1333333
0.15
0.1666667
0.1833333
0.2
0.2166667
0.2333333
0.25
0.2666667
0.2833334
0.3
0.3166667
0.3333334
0.3500001
0.3666668
0.3833334
0.4000001
0.4166668
0.4333335
0.4500002
0.4666668
0.4833335
0.5000002
0.5166668
0.5333335
0.5500001
0.5666668
0.5833334
0.6000001
0.6166667
0.6333334
0.65
0.6666667
0.6833333
0.7
0.7166666
0.7333333
0.7499999
0.7666666
0.7833332
0.7999999
0.8166665
0.8333332
0.8499998
0.8666665
0.8833331
0.8999998
0.9166664
0.9333331
0.9499997
0.9666664
0.9833331
0.9999997
1.016666
1.033333
1.05
1.066666
1.083333
1.1
1.116666
1.133333
1.15
1.166666
1.183333
1.2
1.216666
1.233333
1.25
1.266666
1.283333
1.299999
1.316666
1.333333
1.349999
</float_array>
          <technique_common>
            <accessor count="82" offset="0" source="#Chest_0_0-Matrix-animation-input-array" stride="1">
              <param name="TIME" type="float" />
            </accessor>
          </technique_common>
        </source>
        <source id="Chest_0_0-Matrix-animation-output-transform">
          <float_array id="Chest_0_0-Matrix-animation-output-transform-array" count="1312">1 0 0 -2.642279E-12 
0 0.9999821 0.005980359 0.2666135 
0 -0.005980358 0.9999821 2.243303E-10 
0 0 0 1 
0.9999905 -0.0006183866 0.004315171 1.115626E-08 
0.0006110198 0.9999983 0.001708301 0.2666135 
-0.004316221 -0.001705648 0.9999892 1.872128E-08 
0 0 0 1 
0.9999603 -0.00122495 0.008822742 2.281298E-08 
0.001249295 0.9999954 -0.002754374 0.2666135 
-0.008819327 0.002765286 0.9999573 3.80434E-08 
0 0 0 1 
0.9999071 -0.001812607 0.01350671 3.492716E-08 
0.001912575 0.9999708 -0.007392123 0.2666135 
-0.01349292 0.007417269 0.9998814 5.812381E-08 
0 0 0 1 
0.9998288 -0.002374651 0.01835099 4.745842E-08 
0.002598599 0.9999223 -0.01218938 0.2666135 
-0.01832062 0.01223498 0.9997573 7.889558E-08 
0 0 0 1 
0.9997234 -0.002904809 0.0233394 6.036642E-08 
0.003305099 0.9998477 -0.01713056 0.2666135 
-0.02328609 0.01720296 0.9995808 1.002918E-07 
0 0 0 1 
0.9995893 -0.003397288 0.02845574 7.361078E-08 
0.004029798 0.9997454 -0.02220007 0.2666135 
-0.02837307 0.02230562 0.9993485 1.222456E-07 
0 0 0 1 
0.9994251 -0.003846822 0.03368369 8.715114E-08 
0.004770414 0.9996136 -0.02738229 0.2666135 
-0.03356534 0.02752723 0.9990574 1.4469E-07 
0 0 0 1 
0.9992299 -0.004248713 0.03900694 1.009471E-07 
0.005524665 0.9994512 -0.03266159 0.2666135 
-0.03884676 0.03285193 0.998705 1.675582E-07 
0 0 0 1 
0.9990028 -0.004598861 0.04440911 1.149584E-07 
0.006290255 0.999257 -0.03802233 0.2666135 
-0.04420125 0.03826375 0.9982896 1.907832E-07 
0 0 0 1 
0.9987435 -0.004893799 0.04987383 1.291446E-07 
0.007064894 0.9990306 -0.04344887 0.2666135 
-0.04961286 0.04374662 0.99781 2.142982E-07 
0 0 0 1 
0.9984519 -0.005130716 0.05538475 1.434653E-07 
0.00784629 0.9987715 -0.04892558 0.2666135 
-0.05506569 0.04928439 0.9972657 2.380362E-07 
0 0 0 1 
0.9981282 -0.00530748 0.06092553 1.578802E-07 
0.008632162 0.9984798 -0.05443682 0.2666135 
-0.06054399 0.05486085 0.9966568 2.619302E-07 
0 0 0 1 
0.9977731 -0.005422645 0.06647984 1.723489E-07 
0.00942022 0.9981558 -0.05996698 0.2666135 
-0.06603207 0.06045968 0.9959841 2.859135E-07 
0 0 0 1 
0.9973873 -0.005475468 0.07203148 1.868311E-07 
0.01020819 0.9978003 -0.06550043 0.2666135 
-0.07151439 0.0660646 0.9952493 3.099191E-07 
0 0 0 1 
0.9969724 -0.005465906 0.07756431 2.012864E-07 
0.0109938 0.9974141 -0.0710216 0.2666135 
-0.07697555 0.07165929 0.9944545 3.338801E-07 
0 0 0 1 
0.9965298 -0.005394618 0.08306227 2.156744E-07 
0.01177479 0.9969988 -0.07651491 0.2666135 
-0.08240023 0.07722742 0.9936026 3.577296E-07 
0 0 0 1 
0.9960614 -0.005262966 0.08850945 2.299548E-07 
0.01254893 0.9965562 -0.08196483 0.2666135 
-0.08777326 0.08275269 0.9926972 3.814007E-07 
0 0 0 1 
0.9955696 -0.005072986 0.09389006 2.440871E-07 
0.01331397 0.9960881 -0.08735586 0.2666135 
-0.09307963 0.08821888 0.9917427 4.048264E-07 
0 0 0 1 
0.9950569 -0.004827387 0.09918848 2.580312E-07 
0.01406772 0.9955972 -0.09267253 0.2666135 
-0.09830441 0.09360979 0.9907439 4.279399E-07 
0 0 0 1 
0.9945262 -0.004529516 0.1043892 2.717464E-07 
0.01480796 0.9950861 -0.09789942 0.2666135 
-0.1034328 0.09890933 0.9897063 4.506743E-07 
0 0 0 1 
0.9939805 -0.004183346 0.1094771 2.851926E-07 
0.01553253 0.9945578 -0.1030211 0.2666135 
-0.1084503 0.1041014 0.9886361 4.729627E-07 
0 0 0 1 
0.9934233 -0.003793424 0.1144368 2.983294E-07 
0.01623926 0.9940158 -0.1080223 0.2666135 
-0.1133422 0.1091703 0.9875401 4.94738E-07 
0 0 0 1 
0.9928581 -0.003364854 0.1192537 3.111163E-07 
0.01692602 0.9934635 -0.1128877 0.2666135 
-0.1180943 0.1141 0.9864253 5.159336E-07 
0 0 0 1 
0.9922889 -0.002903239 0.1239128 3.23513E-07 
0.01759069 0.9929049 -0.1176021 0.2666135 
-0.1226922 0.118875 0.9852996 5.364823E-07 
0 0 0 1 
0.9917195 -0.002414638 0.1283998 3.354792E-07 
0.01823117 0.9923441 -0.1221502 0.2666135 
-0.1271218 0.1234796 0.9841712 5.563174E-07 
0 0 0 1 
0.9911544 -0.001905529 0.1327002 3.469745E-07 
0.01884539 0.9917853 -0.1265169 0.2666135 
-0.131369 0.1278986 0.9830484 5.753719E-07 
0 0 0 1 
0.9905977 -0.001382736 0.1367999 3.579585E-07 
0.01943129 0.9912332 -0.1306871 0.2666135 
-0.1354199 0.1321166 0.9819403 5.935789E-07 
0 0 0 1 
0.9900541 -0.000853355 0.1406849 3.683908E-07 
0.01998683 0.9906921 -0.1346458 0.2666135 
-0.1392606 0.1361184 0.9808559 6.108715E-07 
0 0 0 1 
0.9895279 -0.0003247559 0.1443414 3.782312E-07 
0.02050999 0.9901671 -0.1383778 0.2666135 
-0.1428772 0.1398891 0.9798046 6.271829E-07 
0 0 0 1 
0.9890239 0.0001955824 0.1477556 3.874391E-07 
0.02099874 0.9896628 -0.1418682 0.2666135 
-0.1462559 0.1434137 0.9787961 6.42446E-07 
0 0 0 1 
0.9885467 0.0007000714 0.1509139 3.959744E-07 
0.02145111 0.9891841 -0.1451021 0.2666135 
-0.1493832 0.1466774 0.9778396 6.56594E-07 
0 0 0 1 
0.9881009 0.001181104 0.1538028 4.037966E-07 
0.02186508 0.9887359 -0.1480643 0.2666135 
-0.1522452 0.1496654 0.976945 6.695599E-07 
0 0 0 1 
0.9876911 0.001631174 0.1564087 4.108653E-07 
0.02223867 0.9883232 -0.1507402 0.2666135 
-0.1548282 0.152363 0.9761218 6.81277E-07 
0 0 0 1 
0.9873218 0.002042909 0.1587182 4.171401E-07 
0.02256992 0.9879506 -0.1531146 0.2666135 
-0.1571185 0.1547556 0.9753791 6.916782E-07 
0 0 0 1 
0.9869975 0.00240919 0.1607177 4.225808E-07 
0.02285681 0.9876229 -0.1551726 0.2666135 
-0.1591024 0.1568284 0.9747263 7.006966E-07 
0 0 0 1 
0.9867223 0.002723249 0.1623937 4.27147E-07 
0.02309736 0.9873444 -0.1568993 0.2666135 
-0.1607659 0.1585669 0.9741719 7.082655E-07 
0 0 0 1 
0.9865003 0.002978745 0.1637326 4.307983E-07 
0.02328956 0.9871196 -0.1582797 0.2666135 
-0.1620951 0.1599562 0.9737244 7.143178E-07 
0 0 0 1 
0.9863352 0.003169879 0.1647203 4.334942E-07 
0.0234314 0.9869522 -0.1592987 0.2666135 
-0.163076 0.1609816 0.9733916 7.187866E-07 
0 0 0 1 
0.9862307 0.00329151 0.1653429 4.351946E-07 
0.02352081 0.9868462 -0.1599413 0.2666135 
-0.1636944 0.161628 0.9731806 7.21605E-07 
0 0 0 1 
0.9861897 0.003339259 0.165586 4.358589E-07 
0.02355574 0.9868047 -0.1601924 0.2666135 
-0.163936 0.1618806 0.973098 7.227064E-07 
0 0 0 1 
0.9862135 0.003311517 0.1654449 4.354731E-07 
0.02353546 0.9868288 -0.1600466 0.2666135 
-0.1637958 0.161734 0.973146 7.220669E-07 
0 0 0 1 
0.9862995 0.003211378 0.1649332 4.340756E-07 
0.02346198 0.9869161 -0.1595185 0.2666135 
-0.1632875 0.1612027 0.9733195 7.197505E-07 
0 0 0 1 
0.9864449 0.003042785 0.1640648 4.317049E-07 
0.02333728 0.9870634 -0.1586224 0.2666135 
-0.1624251 0.1603011 0.9736127 7.158208E-07 
0 0 0 1 
0.9866463 0.002810447 0.1628531 4.283993E-07 
0.0231633 0.9872675 -0.1573728 0.2666135 
-0.1612219 0.1590435 0.9740188 7.103415E-07 
0 0 0 1 
0.9869003 0.002519677 0.1613113 4.241973E-07 
0.02294199 0.9875246 -0.155784 0.2666135 
-0.1596914 0.157444 0.9745307 7.033762E-07 
0 0 0 1 
0.9872032 0.002176357 0.1594525 4.191373E-07 
0.02267526 0.9878308 -0.1538701 0.2666135 
-0.157847 0.1555167 0.9751405 6.949887E-07 
0 0 0 1 
0.9875509 0.0017868 0.1572896 4.132576E-07 
0.02236502 0.9881818 -0.1516456 0.2666135 
-0.1557017 0.1532755 0.97584 6.852426E-07 
0 0 0 1 
0.9879393 0.00135766 0.1548357 4.065968E-07 
0.02201314 0.9885733 -0.1491245 0.2666135 
-0.1532689 0.1507344 0.9766206 6.742017E-07 
0 0 0 1 
0.9883642 0.000895854 0.1521033 3.991932E-07 
0.02162152 0.9890007 -0.1463212 0.2666135 
-0.1505614 0.1479073 0.9774736 6.619296E-07 
0 0 0 1 
0.9888212 0.0004084892 0.1491056 3.910853E-07 
0.02119207 0.9894596 -0.1432499 0.2666135 
-0.1475925 0.1448084 0.97839 6.484899E-07 
0 0 0 1 
0.989306 -9.724031E-05 0.1458552 3.823115E-07 
0.02072667 0.9899451 -0.1399247 0.2666135 
-0.1443751 0.1414514 0.9793607 6.339464E-07 
0 0 0 1 
0.989814 -0.0006141178 0.1423652 3.729101E-07 
0.02022721 0.9904528 -0.13636 0.2666135 
-0.1409223 0.1378507 0.9803765 6.183628E-07 
0 0 0 1 
0.990341 -0.001134966 0.1386486 3.629196E-07 
0.0196956 0.9909779 -0.13257 0.2666135 
-0.1372472 0.1340202 0.9814284 6.018027E-07 
0 0 0 1 
0.9908825 -0.001652748 0.1347184 3.523785E-07 
0.01913378 0.9915159 -0.128569 0.2666135 
-0.133363 0.1299744 0.9825075 5.843298E-07 
0 0 0 1 
0.9914343 -0.002160595 0.130588 3.413252E-07 
0.01854368 0.9920624 -0.1243712 0.2666135 
-0.1292828 0.1257275 0.9836049 5.660078E-07 
0 0 0 1 
0.9919922 -0.002651875 0.1262708 3.29798E-07 
0.01792723 0.992613 -0.1199912 0.2666135 
-0.1250198 0.1212941 0.984712 5.469004E-07 
0 0 0 1 
0.9925522 -0.003120287 0.1217803 3.178354E-07 
0.01728642 0.9931636 -0.1154433 0.2666135 
-0.1205875 0.1166886 0.9858207 5.270712E-07 
0 0 0 1 
0.9931102 -0.003559865 0.1171302 3.054758E-07 
0.01662323 0.9937101 -0.1107419 0.2666135 
-0.1159993 0.111926 0.9869229 5.06584E-07 
0 0 0 1 
0.9936625 -0.003965045 0.1123346 2.927576E-07 
0.01593966 0.9942488 -0.1059015 0.2666135 
-0.1112686 0.1070209 0.9880111 4.855025E-07 
0 0 0 1 
0.9942057 -0.004330723 0.1074074 2.797194E-07 
0.01523774 0.9947761 -0.1009367 0.2666135 
-0.1064092 0.1019884 0.9890781 4.638902E-07 
0 0 0 1 
0.9947363 -0.004652288 0.1023629 2.663992E-07 
0.0145195 0.9952887 -0.0958619 0.2666135 
-0.1014347 0.09684356 0.9901173 4.418108E-07 
0 0 0 1 
0.9952512 -0.004925645 0.09721562 2.528358E-07 
0.01378702 0.9957835 -0.09069192 0.2666135 
-0.09635901 0.09160154 0.9911227 4.193282E-07 
0 0 0 1 
0.9957476 -0.005147263 0.09198014 2.390676E-07 
0.01304237 0.9962578 -0.08544134 0.2666135 
-0.09119615 0.08627763 0.9920884 3.96506E-07 
0 0 0 1 
0.9962228 -0.005314205 0.08667125 2.251328E-07 
0.01228765 0.996709 -0.08012485 0.2666135 
-0.08596022 0.08088718 0.9930096 3.734077E-07 
0 0 0 1 
0.9966746 -0.005424138 0.08130384 2.1107E-07 
0.01152497 0.9971351 -0.07475719 0.2666135 
-0.08066543 0.07544561 0.9938818 3.500973E-07 
0 0 0 1 
0.9971009 -0.005475359 0.07589303 1.969175E-07 
0.01075646 0.9975341 -0.06935313 0.2666135 
-0.07532616 0.0699684 0.9947011 3.266382E-07 
0 0 0 1 
0.9975001 -0.005466808 0.07045397 1.827138E-07 
0.009984256 0.9979045 -0.06392744 0.2666135 
-0.06995687 0.06447104 0.9954645 3.030943E-07 
0 0 0 1 
0.9978706 -0.005398084 0.06500197 1.684973E-07 
0.009210515 0.9982452 -0.05849499 0.2666135 
-0.06457216 0.05896912 0.9961692 2.79529E-07 
0 0 0 1 
0.9982113 -0.005269432 0.05955246 1.543064E-07 
0.008437396 0.9985551 -0.0530706 0.2666135 
-0.05918676 0.05347814 0.9968134 2.560062E-07 
0 0 0 1 
0.9985214 -0.005081763 0.05412084 1.401796E-07 
0.007667066 0.9988337 -0.04766911 0.2666135 
-0.05381548 0.04801358 0.9973959 2.325896E-07 
0 0 0 1 
0.9988006 -0.004836636 0.04872269 1.261551E-07 
0.006901702 0.9990808 -0.04230542 0.2666135 
-0.04847329 0.04259094 0.997916 2.093428E-07 
0 0 0 1 
0.9990487 -0.00453625 0.04337353 1.122716E-07 
0.006143482 0.9992965 -0.03699441 0.2666135 
-0.04317521 0.03722567 0.9983737 1.863295E-07 
0 0 0 1 
0.9992656 -0.004183435 0.03808894 9.856734E-08 
0.005394587 0.9994812 -0.03175095 0.2666135 
-0.03793636 0.03193311 0.9987698 1.636135E-07 
0 0 0 1 
0.999452 -0.003781626 0.03288451 8.508076E-08 
0.004657197 0.9996355 -0.02658993 0.2666135 
-0.03277198 0.0267285 0.9991054 1.412581E-07 
0 0 0 1 
0.9996086 -0.003334839 0.02777581 7.185037E-08 
0.003933489 0.9997605 -0.02152624 0.2666135 
-0.02769738 0.02162707 0.9993824 1.193275E-07 
0 0 0 1 
0.9997365 -0.00284765 0.02277838 5.891448E-08 
0.00322564 0.9998574 -0.01657475 0.2666135 
-0.02272793 0.01664386 0.9996032 9.788499E-08 
0 0 0 1 
0.9998369 -0.002325153 0.01790768 4.63115E-08 
0.002535819 0.9999277 -0.01175031 0.2666135 
-0.01787907 0.01179381 0.9997706 7.699447E-08 
0 0 0 1 
0.9999116 -0.001772931 0.01317916 3.408002E-08 
0.001866196 0.9999732 -0.007067788 0.2666135 
-0.01316627 0.007091758 0.9998882 5.67195E-08 
0 0 0 1 
0.9999622 -0.001197003 0.008608216 2.225826E-08 
0.001218927 0.9999959 -0.002541984 0.2666135 
-0.008605138 0.002552381 0.9999597 3.712381E-08 
0 0 0 1 
0.9999909 -0.0006037815 0.004210138 1.088466E-08 
0.0005961558 0.9999981 0.00181228 0.2666135 
-0.004211225 -0.001809754 0.9999895 1.827107E-08 
0 0 0 1 
1 -2.187006E-08 1.503439E-07 -2.188472E-12 
2.097058E-08 0.9999821 0.00598021 0.2666135 
-1.50472E-07 -0.00598021 0.9999821 2.249863E-10 
0 0 0 1 
</float_array>
          <technique_common>
            <accessor count="82" offset="0" source="#Chest_0_0-Matrix-animation-output-transform-array" stride="16">
              <param type="float4x4" />
            </accessor>
          </technique_common>
        </source>
        <source id="Chest_0_0-Interpolations">
          <Name_array id="Chest_0_0-Interpolations-array" count="82">LINEAR
LINEAR
LINEAR
LINEAR
LINEAR
LINEAR
LINEAR
LINEAR
LINEAR
LINEAR
LINEAR
LINEAR
LINEAR
LINEAR
LINEAR
LINEAR
LINEAR
LINEAR
LINEAR
LINEAR
LINEAR
LINEAR
LINEAR
LINEAR
LINEAR
LINEAR
LINEAR
LINEAR
LINEAR
LINEAR
LINEAR
LINEAR
LINEAR
LINEAR
LINEAR
LINEAR
LINEAR
LINEAR
LINEAR
LINEAR
LINEAR
LINEAR
LINEAR
LINEAR
LINEAR
LINEAR
LINEAR
LINEAR
LINEAR
LINEAR
LINEAR
LINEAR
LINEAR
LINEAR
LINEAR
LINEAR
LINEAR
LINEAR
LINEAR
LINEAR
LINEAR
LINEAR
LINEAR
LINEAR
LINEAR
LINEAR
LINEAR
LINEAR
LINEAR
LINEAR
LINEAR
LINEAR
LINEAR
LINEAR
LINEAR
LINEAR
LINEAR
LINEAR
LINEAR
LINEAR
LINEAR
LINEAR</Name_array>
          <technique_common>
            <accessor count="82" offset="0" source="#Chest_0_0-Interpolations-array" stride="1">
              <param type="name" />
            </accessor>
          </technique_common>
        </source>
        <sampler id="Chest_0_0-Matrix-animation-transform">
          <input semantic="INPUT" source="#Chest_0_0-Matrix-animation-input" />
          <input semantic="OUTPUT" source="#Chest_0_0-Matrix-animation-output-transform" />
          <input semantic="INTERPOLATION" source="#Chest_0_0-Interpolations" />
        </sampler>
        <channel source="#Chest_0_0-Matrix-animation-transform" target="Chest/matrix" />
      </animation>
      <animation id="LeftUpperArm_0_1-anim" name="LeftUpperArm_0_1">
        <source id="LeftUpperArm_0_1-Matrix-animation-input">
          <float_array id="LeftUpperArm_0_1-Matrix-animation-input-array" count="82">0
0.01666667
0.03333334
0.05
0.06666667
0.08333334
0.1
0.1166667
0.1333333
0.15
0.1666667
0.1833333
0.2
0.2166667
0.2333333
0.25
0.2666667
0.2833334
0.3
0.3166667
0.3333334
0.3500001
0.3666668
0.3833334
0.4000001
0.4166668
0.4333335
0.4500002
0.4666668
0.4833335
0.5000002
0.5166668
0.5333335
0.5500001
0.5666668
0.5833334
0.6000001
0.6166667
0.6333334
0.65
0.6666667
0.6833333
0.7
0.7166666
0.7333333
0.7499999
0.7666666
0.7833332
0.7999999
0.8166665
0.8333332
0.8499998
0.8666665
0.8833331
0.8999998
0.9166664
0.9333331
0.9499997
0.9666664
0.9833331
0.9999997
1.016666
1.033333
1.05
1.066666
1.083333
1.1
1.116666
1.133333
1.15
1.166666
1.183333
1.2
1.216666
1.233333
1.25
1.266666
1.283333
1.299999
1.316666
1.333333
1.349999
</float_array>
          <technique_common>
            <accessor count="82" offset="0" source="#LeftUpperArm_0_1-Matrix-animation-input-array" stride="1">
              <param name="TIME" type="float" />
            </accessor>
          </technique_common>
        </source>
        <source id="LeftUpperArm_0_1-Matrix-animation-output-transform">
          <float_array id="LeftUpperArm_0_1-Matrix-animation-output-transform-array" count="1312">0.3297113 0.1370517 0.934081 0.1937947 
-0.05955696 -0.984417 0.1654595 0.2713284 
0.9422014 -0.1101849 -0.3164109 7.221822E-07 
0 0 0 1 
0.3294505 0.138584 0.9339468 0.1937947 
-0.05681954 -0.9844668 0.1661236 0.2713284 
0.9424616 -0.1077959 -0.3164587 6.691673E-07 
0 0 0 1 
0.329172 0.1401843 0.9338064 0.1937947 
-0.05396013 -0.9845107 0.1668172 0.2713284 
0.942727 -0.1052999 -0.3165089 6.137873E-07 
0 0 0 1 
0.3288752 0.1418466 0.9336598 0.1937947 
-0.05098878 -0.9845464 0.1675379 0.2713284 
0.9429958 -0.1027053 -0.3165603 5.562339E-07 
0 0 0 1 
0.3285613 0.1435656 0.9335077 0.1937947 
-0.04791507 -0.9845738 0.1682835 0.2713284 
0.9432665 -0.1000205 -0.3166138 4.96699E-07 
0 0 0 1 
0.3282298 0.1453355 0.9333504 0.1937947 
-0.04474947 -0.9845912 0.1690513 0.2713284 
0.9435374 -0.09725463 -0.3166684 4.353744E-07 
0 0 0 1 
0.3278814 0.1471506 0.9331884 0.1937947 
-0.04150175 -0.9845978 0.169839 0.2713284 
0.9438069 -0.09441601 -0.3167242 3.724517E-07 
0 0 0 1 
0.3275167 0.1490054 0.9330223 0.1937947 
-0.03818218 -0.9845932 0.1706442 0.2713284 
0.9440738 -0.09151367 -0.3167812 3.081227E-07 
0 0 0 1 
0.3271357 0.1508942 0.9328523 0.1937947 
-0.03480014 -0.9845759 0.1714645 0.2713284 
0.9443364 -0.08855555 -0.3168386 2.425792E-07 
0 0 0 1 
0.3267395 0.1528115 0.9326791 0.1937947 
-0.03136573 -0.9845459 0.1722975 0.2713284 
0.9445939 -0.08555058 -0.3168969 1.76013E-07 
0 0 0 1 
0.326329 0.1547514 0.9325029 0.1937947 
-0.02788942 -0.9845026 0.1731407 0.2713284 
0.9448447 -0.08250782 -0.3169557 1.086158E-07 
0 0 0 1 
0.3259048 0.1567087 0.9323244 0.1937947 
-0.02438062 -0.9844458 0.1739918 0.2713284 
0.9450883 -0.07943545 -0.3170148 4.057938E-08 
0 0 0 1 
0.3254677 0.1586775 0.932144 0.1937947 
-0.02084957 -0.984375 0.1748484 0.2713284 
0.9453233 -0.07634233 -0.3170738 -2.790449E-08 
0 0 0 1 
0.3250189 0.1606523 0.9319622 0.1937947 
-0.01730619 -0.9842905 0.1757081 0.2713284 
0.9455492 -0.07323717 -0.3171326 -9.664404E-08 
0 0 0 1 
0.3245602 0.1626276 0.9317795 0.1937947 
-0.01376011 -0.9841925 0.1765683 0.2713284 
0.945765 -0.07012846 -0.3171918 -1.654475E-07 
0 0 0 1 
0.3240919 0.1645978 0.9315965 0.1937947 
-0.01022179 -0.9840813 0.1774269 0.2713284 
0.9459704 -0.06702523 -0.3172501 -2.341231E-07 
0 0 0 1 
0.3236159 0.1665574 0.9314137 0.1937947 
-0.006700879 -0.9839571 0.1782814 0.2713284 
0.9461648 -0.063936 -0.3173079 -3.024792E-07 
0 0 0 1 
0.3231338 0.1685008 0.9312315 0.1937947 
-0.00320725 -0.9838207 0.1791293 0.2713284 
0.9463478 -0.06086944 -0.3173652 -3.703239E-07 
0 0 0 1 
0.3226474 0.1704226 0.9310505 0.1937947 
0.0002492451 -0.9836729 0.1799683 0.2713284 
0.9465193 -0.05783425 -0.3174218 -4.374655E-07 
0 0 0 1 
0.322158 0.1723173 0.9308713 0.1937947 
0.003658439 -0.9835143 0.180796 0.2713284 
0.946679 -0.05483937 -0.3174773 -5.037122E-07 
0 0 0 1 
0.321667 0.1741793 0.9306943 0.1937947 
0.00701049 -0.983346 0.18161 0.2713284 
0.9468269 -0.05189333 -0.317531 -5.688722E-07 
0 0 0 1 
0.3211773 0.1760034 0.9305202 0.1937947 
0.01029584 -0.9831693 0.1824079 0.2713284 
0.9469631 -0.04900479 -0.3175837 -6.327538E-07 
0 0 0 1 
0.3206909 0.177784 0.9303496 0.1937947 
0.01350447 -0.9829855 0.1831873 0.2713284 
0.9470877 -0.04618264 -0.3176353 -6.951652E-07 
0 0 0 1 
0.3202094 0.1795158 0.9301829 0.1937947 
0.01662676 -0.9827962 0.1839459 0.2713283 
0.9472009 -0.04343528 -0.3176852 -7.559145E-07 
0 0 0 1 
0.3197351 0.1811934 0.9300207 0.1937947 
0.01965266 -0.9826024 0.1846812 0.2713283 
0.9473032 -0.04077167 -0.3177333 -8.148101E-07 
0 0 0 1 
0.3192703 0.1828114 0.9298638 0.1937947 
0.02257252 -0.9824059 0.1853908 0.2713283 
0.9473948 -0.03820042 -0.3177794 -8.716605E-07 
0 0 0 1 
0.3188177 0.1843645 0.9297125 0.1937947 
0.02537628 -0.9822087 0.1860725 0.2713283 
0.9474764 -0.03573056 -0.3178239 -9.262733E-07 
0 0 0 1 
0.318379 0.1858474 0.9295675 0.1937947 
0.02805468 -0.9820122 0.1867237 0.2713283 
0.9475483 -0.0333702 -0.3178658 -9.784574E-07 
0 0 0 1 
0.3179573 0.1872549 0.9294295 0.1937947 
0.03059803 -0.9818186 0.1873422 0.2713283 
0.9476114 -0.03112809 -0.3179058 -1.02802E-06 
0 0 0 1 
0.3175545 0.1885813 0.9292989 0.1937947 
0.03299564 -0.9816294 0.1879255 0.2713283 
0.9476658 -0.02901377 -0.3179431 -1.074771E-06 
0 0 0 1 
0.3171738 0.1898218 0.9291764 0.1937947 
0.03523881 -0.9814467 0.1884712 0.2713283 
0.9477125 -0.02703506 -0.3179781 -1.118517E-06 
0 0 0 1 
0.3168169 0.1909709 0.9290626 0.1937947 
0.0373178 -0.9812725 0.1889771 0.2713283 
0.9477523 -0.02520056 -0.3180102 -1.159067E-06 
0 0 0 1 
0.3164871 0.1920233 0.9289581 0.1937947 
0.03922207 -0.9811089 0.1894406 0.2713283 
0.9477856 -0.02351986 -0.3180398 -1.19623E-06 
0 0 0 1 
0.3161866 0.1929739 0.9288635 0.1937947 
0.04094284 -0.9809577 0.1898594 0.2713283 
0.9478132 -0.02200071 -0.3180665 -1.229812E-06 
0 0 0 1 
0.3159176 0.1938171 0.9287794 0.1937947 
0.04246967 -0.9808207 0.1902312 0.2713283 
0.9478356 -0.02065243 -0.3180897 -1.259624E-06 
0 0 0 1 
0.315683 0.1945481 0.9287062 0.1937947 
0.04379367 -0.9806997 0.1905535 0.2713283 
0.9478535 -0.01948305 -0.3181101 -1.285472E-06 
0 0 0 1 
0.315485 0.1951612 0.928645 0.1937947 
0.04490423 -0.980597 0.190824 0.2713283 
0.9478675 -0.01850204 -0.3181272 -1.307165E-06 
0 0 0 1 
0.3153263 0.1956514 0.9285957 0.1937947 
0.04579233 -0.9805138 0.1910403 0.2713283 
0.9478779 -0.01771748 -0.318141 -1.324512E-06 
0 0 0 1 
0.3152084 0.1960133 0.9285596 0.1937947 
0.0464482 -0.9804519 0.1912 0.2713283 
0.9478854 -0.01713793 -0.318151 -1.33732E-06 
0 0 0 1 
0.3151338 0.1962414 0.9285366 0.1937947 
0.04686147 -0.9804126 0.1913008 0.2713283 
0.9478897 -0.01677275 -0.3181572 -1.345398E-06 
0 0 0 1 
0.3151046 0.1963305 0.9285277 0.1937947 
0.04702309 -0.980397 0.1913401 0.2713283 
0.9478914 -0.01662991 -0.3181596 -1.348555E-06 
0 0 0 1 
0.3151217 0.1962788 0.9285328 0.1937947 
0.04692934 -0.980406 0.1913173 0.2713283 
0.9478903 -0.0167128 -0.3181584 -1.346722E-06 
0 0 0 1 
0.3151827 0.1960912 0.9285517 0.1937947 
0.04658927 -0.9804385 0.1912345 0.2713283 
0.9478867 -0.01701326 -0.3181529 -1.340083E-06 
0 0 0 1 
0.3152864 0.195773 0.9285837 0.1937947 
0.04601272 -0.9804931 0.1910941 0.2713283 
0.9478804 -0.0175227 -0.3181441 -1.32882E-06 
0 0 0 1 
0.3154306 0.1953294 0.9286281 0.1937947 
0.0452089 -0.9805686 0.1908982 0.2713283 
0.9478711 -0.01823289 -0.3181319 -1.313115E-06 
0 0 0 1 
0.3156131 0.1947651 0.9286847 0.1937947 
0.04418662 -0.9806638 0.1906493 0.2713283 
0.9478587 -0.01913597 -0.3181162 -1.293152E-06 
0 0 0 1 
0.3158317 0.1940854 0.9287527 0.1937947 
0.04295553 -0.9807765 0.1903495 0.2713283 
0.9478424 -0.02022334 -0.3180972 -1.269112E-06 
0 0 0 1 
0.3160842 0.1932954 0.9288314 0.1937947 
0.04152492 -0.9809057 0.1900012 0.2713283 
0.947822 -0.02148673 -0.3180753 -1.241179E-06 
0 0 0 1 
0.3163682 0.1923999 0.9289206 0.1937947 
0.03990376 -0.9810492 0.1896065 0.2713283 
0.9477968 -0.02291804 -0.3180501 -1.209534E-06 
0 0 0 1 
0.3166813 0.191404 0.9290197 0.1937947 
0.03810127 -0.9812057 0.1891678 0.2713283 
0.9477664 -0.02450909 -0.3180221 -1.17436E-06 
0 0 0 1 
0.3170214 0.1903127 0.9291277 0.1937947 
0.03612687 -0.9813726 0.1886873 0.2713283 
0.94773 -0.02625145 -0.3179915 -1.13584E-06 
0 0 0 1 
0.3173863 0.1891311 0.9292446 0.1937947 
0.03398986 -0.981549 0.1881673 0.2713283 
0.947687 -0.02813683 -0.3179586 -1.094156E-06 
0 0 0 1 
0.3177728 0.1878641 0.9293694 0.1937947 
0.0316991 -0.9817322 0.1876101 0.2713283 
0.9476368 -0.03015721 -0.3179228 -1.049491E-06 
0 0 0 1 
0.318179 0.1865169 0.9295019 0.1937947 
0.02926439 -0.981921 0.1870178 0.2713283 
0.9475789 -0.03230385 -0.3178848 -1.002028E-06 
0 0 0 1 
0.3186025 0.1850943 0.9296412 0.1937947 
0.02669442 -0.9821131 0.1863929 0.2713283 
0.9475126 -0.034569 -0.3178445 -9.51948E-07 
0 0 0 1 
0.319041 0.1836014 0.9297869 0.1937947 
0.02399851 -0.9823067 0.1857375 0.2713283 
0.947437 -0.03694437 -0.3178022 -8.994344E-07 
0 0 0 1 
0.3194919 0.1820434 0.9299383 0.1937947 
0.02118635 -0.9825003 0.1850539 0.2713283 
0.9473522 -0.03942123 -0.3177576 -8.446699E-07 
0 0 0 1 
0.3199532 0.1804252 0.9300952 0.1937947 
0.01826697 -0.9826925 0.1843444 0.2713283 
0.9472573 -0.04199157 -0.3177114 -7.878367E-07 
0 0 0 1 
0.3204228 0.1787521 0.9302564 0.1937947 
0.01524969 -0.9828808 0.1836113 0.2713283 
0.9471518 -0.04464713 -0.3176633 -7.291174E-07 
0 0 0 1 
0.3208986 0.177029 0.9304221 0.1937947 
0.01214383 -0.9830651 0.1828567 0.2713284 
0.9470359 -0.04737959 -0.3176138 -6.686946E-07 
0 0 0 1 
0.3213778 0.1752611 0.9305912 0.1937947 
0.008958873 -0.9832425 0.1820831 0.2713284 
0.9469086 -0.05018044 -0.3175625 -6.067507E-07 
0 0 0 1 
0.3218594 0.1734535 0.9307634 0.1937947 
0.005703778 -0.983413 0.1812927 0.2713284 
0.9467703 -0.05304189 -0.31751 -5.434682E-07 
0 0 0 1 
0.3223412 0.1716114 0.9309381 0.1937947 
0.002388088 -0.9835746 0.1804876 0.2713284 
0.9466205 -0.05595544 -0.3174564 -4.790298E-07 
0 0 0 1 
0.3228212 0.1697401 0.9311149 0.1937947 
-0.0009785978 -0.9837267 0.1796703 0.2713284 
0.9464595 -0.05891259 -0.3174016 -4.13618E-07 
0 0 0 1 
0.3232978 0.1678447 0.9312932 0.1937947 
-0.004386828 -0.9838684 0.178843 0.2713284 
0.9462871 -0.061905 -0.3173461 -3.474153E-07 
0 0 0 1 
0.3237694 0.1659304 0.9314724 0.1937947 
-0.007827558 -0.9839983 0.178008 0.2713284 
0.9461037 -0.0649247 -0.3172896 -2.806041E-07 
0 0 0 1 
0.3242343 0.1640025 0.9316519 0.1937947 
-0.01129107 -0.9841162 0.1771675 0.2713284 
0.9459094 -0.06796313 -0.3172324 -2.133671E-07 
0 0 0 1 
0.3246916 0.1620662 0.9318315 0.1937947 
-0.01476814 -0.9842217 0.1763238 0.2713284 
0.9457046 -0.07101229 -0.317175 -1.458866E-07 
0 0 0 1 
0.3251395 0.1601267 0.9320107 0.1937947 
-0.01824938 -0.9843143 0.1754792 0.2713284 
0.9454899 -0.07406387 -0.3171172 -7.834535E-08 
0 0 0 1 
0.325577 0.1581894 0.9321887 0.1937947 
-0.0217251 -0.9843936 0.1746361 0.2713284 
0.9452659 -0.0771094 -0.3170592 -1.092565E-08 
0 0 0 1 
0.326003 0.1562598 0.9323653 0.1937947 
-0.02518536 -0.9844599 0.1737966 0.2713284 
0.9450332 -0.0801402 -0.3170013 5.618972E-08 
0 0 0 1 
0.3264162 0.1543427 0.9325401 0.1937947 
-0.02862195 -0.9845128 0.172963 0.2713284 
0.9447927 -0.08314908 -0.3169433 1.228182E-07 
0 0 0 1 
0.3268161 0.1524439 0.9327124 0.1937947 
-0.03202436 -0.9845527 0.1721378 0.2713284 
0.9445452 -0.08612695 -0.3168857 1.887777E-07 
0 0 0 1 
0.327202 0.1505685 0.9328817 0.1937947 
-0.03538342 -0.9845797 0.171323 0.2713284 
0.9442917 -0.0890658 -0.3168287 2.538853E-07 
0 0 0 1 
0.3275728 0.1487218 0.9330477 0.1937947 
-0.03868986 -0.9845945 0.1705211 0.2713284 
0.9440335 -0.09195756 -0.3167722 3.179588E-07 
0 0 0 1 
0.3279281 0.1469093 0.9332101 0.1937947 
-0.04193373 -0.9845977 0.1697343 0.2713284 
0.9437715 -0.09479365 -0.3167167 3.808152E-07 
0 0 0 1 
0.3282675 0.1451363 0.9333679 0.1937947 
-0.04510581 -0.9845895 0.1689649 0.2713284 
0.9435072 -0.09756603 -0.3166622 4.422725E-07 
0 0 0 1 
0.3285905 0.1434083 0.9335216 0.1937947 
-0.04819637 -0.9845717 0.1682152 0.2713284 
0.943242 -0.1002663 -0.316609 5.021478E-07 
0 0 0 1 
0.3288964 0.1417304 0.9336701 0.1937947 
-0.05119645 -0.9845444 0.1674876 0.2713284 
0.9429772 -0.1028867 -0.3165569 5.602587E-07 
0 0 0 1 
0.3291853 0.1401081 0.9338132 0.1937947 
-0.05409614 -0.9845088 0.1667842 0.2713284 
0.9427146 -0.1054186 -0.3165064 6.164228E-07 
0 0 0 1 
0.3294571 0.1385468 0.9339502 0.1937947 
-0.0568861 -0.9844658 0.1661074 0.2713284 
0.9424554 -0.1078541 -0.3164577 6.704572E-07 
0 0 0 1 
0.3297113 0.1370517 0.934081 0.1937947 
-0.05955686 -0.984417 0.1654595 0.2713284 
0.9422014 -0.1101848 -0.3164109 7.221797E-07 
0 0 0 1 
</float_array>
          <technique_common>
            <accessor count="82" offset="0" source="#LeftUpperArm_0_1-Matrix-animation-output-transform-array" stride="16">
              <param type="float4x4" />
            </accessor>
          </technique_common>
        </source>
        <source id="LeftUpperArm_0_1-Interpolations">
          <Name_array id="LeftUpperArm_0_1-Interpolations-array" count="82">LINEAR
LINEAR
LINEAR
LINEAR
LINEAR
LINEAR
LINEAR
LINEAR
LINEAR
LINEAR
LINEAR
LINEAR
LINEAR
LINEAR
LINEAR
LINEAR
LINEAR
LINEAR
LINEAR
LINEAR
LINEAR
LINEAR
LINEAR
LINEAR
LINEAR
LINEAR
LINEAR
LINEAR
LINEAR
LINEAR
LINEAR
LINEAR
LINEAR
LINEAR
LINEAR
LINEAR
LINEAR
LINEAR
LINEAR
LINEAR
LINEAR
LINEAR
LINEAR
LINEAR
LINEAR
LINEAR
LINEAR
LINEAR
LINEAR
LINEAR
LINEAR
LINEAR
LINEAR
LINEAR
LINEAR
LINEAR
LINEAR
LINEAR
LINEAR
LINEAR
LINEAR
LINEAR
LINEAR
LINEAR
LINEAR
LINEAR
LINEAR
LINEAR
LINEAR
LINEAR
LINEAR
LINEAR
LINEAR
LINEAR
LINEAR
LINEAR
LINEAR
LINEAR
LINEAR
LINEAR
LINEAR
LINEAR</Name_array>
          <technique_common>
            <accessor count="82" offset="0" source="#LeftUpperArm_0_1-Interpolations-array" stride="1">
              <param type="name" />
            </accessor>
          </technique_common>
        </source>
        <sampler id="LeftUpperArm_0_1-Matrix-animation-transform">
          <input semantic="INPUT" source="#LeftUpperArm_0_1-Matrix-animation-input" />
          <input semantic="OUTPUT" source="#LeftUpperArm_0_1-Matrix-animation-output-transform" />
          <input semantic="INTERPOLATION" source="#LeftUpperArm_0_1-Interpolations" />
        </sampler>
        <channel source="#LeftUpperArm_0_1-Matrix-animation-transform" target="LeftUpperArm/matrix" />
      </animation>
      <animation id="Neck_0_2-anim" name="Neck_0_2">
        <source id="Neck_0_2-Matrix-animation-input">
          <float_array id="Neck_0_2-Matrix-animation-input-array" count="82">0
0.01666667
0.03333334
0.05
0.06666667
0.08333334
0.1
0.1166667
0.1333333
0.15
0.1666667
0.1833333
0.2
0.2166667
0.2333333
0.25
0.2666667
0.2833334
0.3
0.3166667
0.3333334
0.3500001
0.3666668
0.3833334
0.4000001
0.4166668
0.4333335
0.4500002
0.4666668
0.4833335
0.5000002
0.5166668
0.5333335
0.5500001
0.5666668
0.5833334
0.6000001
0.6166667
0.6333334
0.65
0.6666667
0.6833333
0.7
0.7166666
0.7333333
0.7499999
0.7666666
0.7833332
0.7999999
0.8166665
0.8333332
0.8499998
0.8666665
0.8833331
0.8999998
0.9166664
0.9333331
0.9499997
0.9666664
0.9833331
0.9999997
1.016666
1.033333
1.05
1.066666
1.083333
1.1
1.116666
1.133333
1.15
1.166666
1.183333
1.2
1.216666
1.233333
1.25
1.266666
1.283333
1.299999
1.316666
1.333333
1.349999
</float_array>
          <technique_common>
            <accessor count="82" offset="0" source="#Neck_0_2-Matrix-animation-input-array" stride="1">
              <param name="TIME" type="float" />
            </accessor>
          </technique_common>
        </source>
        <source id="Neck_0_2-Matrix-animation-output-transform">
          <float_array id="Neck_0_2-Matrix-animation-output-transform-array" count="1312">0.9995806 -0.00040248 -0.02895666 4.36083E-07 
-0.001703634 0.9973544 -0.07267187 0.3103217 
0.0289093 0.07269072 0.9969355 -1.200009E-06 
0 0 0 1 
0.999561 -0.0004865089 -0.02962523 4.637836E-07 
-0.001648491 0.9974033 -0.07199987 0.3103217 
0.02958333 0.0720171 0.9969646 -1.125605E-06 
0 0 0 1 
0.99954 -0.0005733227 -0.03032366 4.9272E-07 
-0.001590881 0.9974538 -0.07129785 0.3103217 
0.03028733 0.07131329 0.996994 -1.047881E-06 
0 0 0 1 
0.9995176 -0.0006625007 -0.03104954 5.227919E-07 
-0.001531002 0.9975058 -0.07056826 0.3103217 
0.03101885 0.07058176 0.9970236 -9.671078E-07 
0 0 0 1 
0.999494 -0.0007536283 -0.03180045 5.538993E-07 
-0.001469055 0.997559 -0.06981348 0.3103217 
0.03177544 0.06982487 0.9970531 -8.835532E-07 
0 0 0 1 
0.999469 -0.0008463064 -0.032574 5.859418E-07 
-0.001405238 0.9976132 -0.069036 0.3103217 
0.03255467 0.06904512 0.9970822 -7.974866E-07 
0 0 0 1 
0.9994427 -0.000940143 -0.03336774 6.188193E-07 
-0.00133975 0.9976681 -0.06823818 0.3103217 
0.03335408 0.06824486 0.9971109 -7.091772E-07 
0 0 0 1 
0.9994152 -0.001034762 -0.03417927 6.524316E-07 
-0.00127279 0.9977237 -0.06742251 0.3103217 
0.03417123 0.06742658 0.9971389 -6.188942E-07 
0 0 0 1 
0.9993864 -0.0011298 -0.03500616 6.866785E-07 
-0.001204557 0.9977796 -0.06659139 0.3103217 
0.03500367 0.0665927 0.997166 -5.269067E-07 
0 0 0 1 
0.9993566 -0.001224906 -0.035846 7.214597E-07 
-0.001135251 0.9978356 -0.06574725 0.3103217 
0.03584895 0.06574564 0.9971923 -4.334838E-07 
0 0 0 1 
0.9993256 -0.00131975 -0.03669637 7.566751E-07 
-0.001065071 0.9978917 -0.06489252 0.3103217 
0.03670464 0.06488784 0.9972173 -3.388947E-07 
0 0 0 1 
0.9992936 -0.001414011 -0.03755484 7.922246E-07 
-0.0009942164 0.9979475 -0.06402963 0.3103217 
0.0375683 0.06402174 0.9972411 -2.434084E-07 
0 0 0 1 
0.9992606 -0.001507389 -0.03841899 8.280078E-07 
-0.0009228869 0.9980029 -0.06316103 0.3103217 
0.03843748 0.06314978 0.9972636 -1.472941E-07 
0 0 0 1 
0.9992267 -0.001599599 -0.03928642 8.639247E-07 
-0.0008512834 0.9980578 -0.06228914 0.3103217 
0.03930975 0.06227442 0.9972847 -5.08212E-08 
0 0 0 1 
0.9991921 -0.001690373 -0.04015469 8.998749E-07 
-0.0007796047 0.9981119 -0.06141638 0.3103217 
0.04018269 0.06139807 0.9973042 4.574156E-08 
0 0 0 1 
0.9991567 -0.001779459 -0.04102137 9.357584E-07 
-0.0007080503 0.9981652 -0.06054521 0.3103217 
0.04105384 0.0605232 0.9973222 1.421249E-07 
0 0 0 1 
0.9991207 -0.001866624 -0.04188405 9.714748E-07 
-0.0006368208 0.9982175 -0.05967804 0.3103217 
0.04192078 0.05965224 0.9973386 2.380598E-07 
0 0 0 1 
0.9990843 -0.00195165 -0.0427403 1.006924E-06 
-0.0005661167 0.9982686 -0.05881731 0.3103216 
0.04278109 0.05878765 0.9973534 3.332771E-07 
0 0 0 1 
0.9990475 -0.002034337 -0.0435877 1.042006E-06 
-0.0004961376 0.9983185 -0.05796546 0.3103216 
0.04363233 0.05793188 0.9973666 4.275073E-07 
0 0 0 1 
0.9990106 -0.0021145 -0.04442384 1.07662E-06 
-0.0004270846 0.998367 -0.05712494 0.3103216 
0.04447209 0.05708738 0.9973782 5.204819E-07 
0 0 0 1 
0.9989734 -0.002191969 -0.04524627 1.110667E-06 
-0.0003591572 0.9984139 -0.05629814 0.3103216 
0.04529791 0.0562566 0.9973882 6.119311E-07 
0 0 0 1 
0.9989365 -0.002266591 -0.04605258 1.144045E-06 
-0.000292556 0.9984593 -0.05548754 0.3103216 
0.04610739 0.055442 0.9973968 7.015861E-07 
0 0 0 1 
0.9988996 -0.002338227 -0.04684033 1.176656E-06 
-0.0002274813 0.998503 -0.05469555 0.3103216 
0.0468981 0.05464602 0.9974038 7.891779E-07 
0 0 0 1 
0.9988632 -0.002406751 -0.04760714 1.208398E-06 
-0.0001641346 0.998545 -0.05392463 0.3103216 
0.04766765 0.05387114 0.9974095 8.744373E-07 
0 0 0 1 
0.9988274 -0.002472049 -0.04835054 1.239171E-06 
-0.0001027152 0.9985851 -0.05317719 0.3103216 
0.04841359 0.0531198 0.9974139 9.570949E-07 
0 0 0 1 
0.9987922 -0.002534019 -0.04906813 1.268876E-06 
-4.342442E-05 0.9986233 -0.05245569 0.3103216 
0.0491335 0.05239446 0.997417 1.036882E-06 
0 0 0 1 
0.998758 -0.00259257 -0.04975748 1.297411E-06 
1.353707E-05 0.9986594 -0.05176255 0.3103216 
0.04982498 0.05169759 0.9974191 1.113528E-06 
0 0 0 1 
0.9987248 -0.002647619 -0.05041618 1.324678E-06 
6.796928E-05 0.9986935 -0.05110021 0.3103216 
0.05048561 0.05103162 0.9974201 1.186766E-06 
0 0 0 1 
0.9986929 -0.002699092 -0.0510418 1.350575E-06 
0.0001196709 0.9987255 -0.05047113 0.3103216 
0.05111298 0.05039905 0.9974204 1.256326E-06 
0 0 0 1 
0.9986624 -0.002746918 -0.05163191 1.375002E-06 
0.0001684417 0.9987553 -0.04987773 0.3103216 
0.05170466 0.04980231 0.9974198 1.321939E-06 
0 0 0 1 
0.9986336 -0.002791032 -0.05218409 1.39786E-06 
0.0002140809 0.9987829 -0.04932244 0.3103216 
0.05225824 0.04924387 0.9974187 1.383335E-06 
0 0 0 1 
0.9986066 -0.002831373 -0.05269594 1.419048E-06 
0.0002563877 0.9988081 -0.04880771 0.3103216 
0.05277133 0.04872619 0.9974172 1.440245E-06 
0 0 0 1 
0.9985816 -0.002867878 -0.05316502 1.438465E-06 
0.0002951622 0.9988311 -0.04833597 0.3103216 
0.0532415 0.04825171 0.9974152 1.492401E-06 
0 0 0 1 
0.9985589 -0.002900484 -0.05358892 1.456012E-06 
0.0003302029 0.9988516 -0.04790965 0.3103216 
0.05366634 0.04782292 0.9974131 1.539533E-06 
0 0 0 1 
0.9985385 -0.002929125 -0.05396521 1.471589E-06 
0.0003613099 0.9988697 -0.04753121 0.3103216 
0.05404343 0.04744225 0.9974109 1.581372E-06 
0 0 0 1 
0.9985208 -0.002953725 -0.05429148 1.485095E-06 
0.0003882822 0.9988852 -0.04720307 0.3103216 
0.05437038 0.04711217 0.9974088 1.617649E-06 
0 0 0 1 
0.9985058 -0.002974205 -0.05456529 1.49643E-06 
0.0004109195 0.9988982 -0.04692768 0.3103216 
0.05464474 0.04683513 0.9974068 1.648095E-06 
0 0 0 1 
0.9984937 -0.002990472 -0.05478425 1.505493E-06 
0.0004290217 0.9989085 -0.04670746 0.3103216 
0.05486413 0.0466136 0.9974052 1.67244E-06 
0 0 0 1 
0.9984848 -0.003002421 -0.0549459 1.512186E-06 
0.0004423881 0.9989161 -0.04654485 0.3103216 
0.05502609 0.04645002 0.9974039 1.690416E-06 
0 0 0 1 
0.9984792 -0.00300993 -0.05504788 1.516407E-06 
0.0004508177 0.9989209 -0.0464423 0.3103216 
0.05512827 0.04634685 0.997403 1.701754E-06 
0 0 0 1 
0.998477 -0.003012859 -0.05508771 1.518056E-06 
0.0004541119 0.9989227 -0.04640223 0.3103216 
0.05516817 0.04630654 0.9974027 1.706183E-06 
0 0 0 1 
0.9984782 -0.003011159 -0.05506459 1.517098E-06 
0.0004521993 0.9989216 -0.0464255 0.3103216 
0.055145 0.04632995 0.9974029 1.703611E-06 
0 0 0 1 
0.9984829 -0.003004992 -0.05498078 1.513629E-06 
0.0004452707 0.9989178 -0.04650979 0.3103216 
0.05506103 0.04641475 0.9974036 1.694293E-06 
0 0 0 1 
0.9984908 -0.002994497 -0.05483862 1.507744E-06 
0.0004335169 0.9989111 -0.04665278 0.3103216 
0.0549186 0.0465586 0.9974048 1.678486E-06 
0 0 0 1 
0.9985017 -0.002979795 -0.05464039 1.499538E-06 
0.0004171285 0.9989017 -0.04685214 0.3103216 
0.05471999 0.04675915 0.9974063 1.656445E-06 
0 0 0 1 
0.9985155 -0.002960992 -0.0543884 1.489107E-06 
0.0003962963 0.9988899 -0.04710558 0.3103216 
0.0544675 0.04701409 0.9974082 1.628427E-06 
0 0 0 1 
0.998532 -0.00293818 -0.05408498 1.476546E-06 
0.0003712105 0.9988754 -0.04741076 0.3103216 
0.05416345 0.04732109 0.9974102 1.594688E-06 
0 0 0 1 
0.9985511 -0.002911438 -0.05373238 1.461951E-06 
0.0003420628 0.9988585 -0.04776537 0.3103216 
0.05381011 0.04767779 0.9974123 1.555485E-06 
0 0 0 1 
0.9985726 -0.002880839 -0.05333295 1.445416E-06 
0.0003090434 0.9988393 -0.04816709 0.3103216 
0.05340981 0.04808185 0.9974144 1.511072E-06 
0 0 0 1 
0.9985964 -0.002846449 -0.05288897 1.427038E-06 
0.0002723432 0.9988176 -0.04861359 0.3103216 
0.05296482 0.04853094 0.9974164 1.461708E-06 
0 0 0 1 
0.9986221 -0.00280833 -0.05240275 1.406911E-06 
0.000232154 0.9987937 -0.04910254 0.3103216 
0.05247743 0.04902272 0.9974181 1.407646E-06 
0 0 0 1 
0.9986497 -0.002766542 -0.05187659 1.385131E-06 
0.0001886656 0.9987676 -0.04963166 0.3103216 
0.05194997 0.04955485 0.9974194 1.349145E-06 
0 0 0 1 
0.9986789 -0.002721144 -0.05131281 1.361793E-06 
0.0001420692 0.9987392 -0.0501986 0.3103216 
0.05138472 0.050125 0.9974202 1.28646E-06 
0 0 0 1 
0.9987097 -0.002672197 -0.0507137 1.336993E-06 
9.255615E-05 0.9987088 -0.05080106 0.3103216 
0.05078397 0.05073081 0.9974204 1.219847E-06 
0 0 0 1 
0.9987417 -0.002619764 -0.05008157 1.310826E-06 
4.03172E-05 0.9986762 -0.05143669 0.3103216 
0.05015002 0.05136995 0.9974197 1.149562E-06 
0 0 0 1 
