<?xml version="1.0" encoding="utf-8"?>
<COLLADA xmlns:xsi="http://www.w3.org/2001/XMLSchema-instance" xmlns:xsd="http://www.w3.org/2001/XMLSchema" version="1.4.1" xmlns="http://www.collada.org/2005/11/COLLADASchema">
  <asset>
    <created>2017-06-01T10:06:21.0485103+03:00</created>
    <modified>2017-06-01T10:06:21.0485103+03:00</modified>
    <unit meter="1" name="meter" />
    <up_axis>Y_UP</up_axis>
    <contributor>
      <authoring_tool>Skele: Character Animation Tools</authoring_tool>
      <comments>https://www.assetstore.unity3d.com/en/#!/content/16899</comments>
    </contributor>
    <revision>1.0</revision>
  </asset>
  <library_animation_clips>
    <animation_clip name="KamaraTalkB" start="0" end="4">
      <instance_animation url="KamaraTalkB_0" />
    </animation_clip>
  </library_animation_clips>
  <library_animations>
    <animation id="KamaraTalkB_0" name="KamaraTalkB">
      <animation id="Chest_0_0-anim" name="Chest_0_0">
        <source id="Chest_0_0-Matrix-animation-input">
          <float_array id="Chest_0_0-Matrix-animation-input-array" count="241">0
0.01666667
0.03333334
0.05
0.06666667
0.08333334
0.1
0.1166667
0.1333333
0.15
0.1666667
0.1833333
0.2
0.2166667
0.2333333
0.25
0.2666667
0.2833334
0.3
0.3166667
0.3333334
0.3500001
0.3666668
0.3833334
0.4000001
0.4166668
0.4333335
0.4500002
0.4666668
0.4833335
0.5000002
0.5166668
0.5333335
0.5500001
0.5666668
0.5833334
0.6000001
0.6166667
0.6333334
0.65
0.6666667
0.6833333
0.7
0.7166666
0.7333333
0.7499999
0.7666666
0.7833332
0.7999999
0.8166665
0.8333332
0.8499998
0.8666665
0.8833331
0.8999998
0.9166664
0.9333331
0.9499997
0.9666664
0.9833331
0.9999997
1.016666
1.033333
1.05
1.066666
1.083333
1.1
1.116666
1.133333
1.15
1.166666
1.183333
1.2
1.216666
1.233333
1.25
1.266666
1.283333
1.299999
1.316666
1.333333
1.349999
1.366666
1.383333
1.399999
1.416666
1.433333
1.449999
1.466666
1.483333
1.499999
1.516666
1.533333
1.549999
1.566666
1.583333
1.599999
1.616666
1.633332
1.649999
1.666666
1.683332
1.699999
1.716666
1.733332
1.749999
1.766666
1.783332
1.799999
1.816666
1.833332
1.849999
1.866666
1.883332
1.899999
1.916666
1.933332
1.949999
1.966666
1.983332
1.999999
2.016665
2.033332
2.049999
2.066665
2.083332
2.099999
2.116665
2.133332
2.149999
2.166665
2.183332
2.199999
2.216665
2.233332
2.249999
2.266665
2.283332
2.299999
2.316665
2.333332
2.349998
2.366665
2.383332
2.399998
2.416665
2.433332
2.449998
2.466665
2.483332
2.499998
2.516665
2.533332
2.549998
2.566665
2.583332
2.599998
2.616665
2.633332
2.649998
2.666665
2.683331
2.699998
2.716665
2.733331
2.749998
2.766665
2.783331
2.799998
2.816665
2.833331
2.849998
2.866665
2.883331
2.899998
2.916665
2.933331
2.949998
2.966665
2.983331
2.999998
3.016665
3.033331
3.049998
3.066664
3.083331
3.099998
3.116664
3.133331
3.149998
3.166664
3.183331
3.199998
3.216664
3.233331
3.249998
3.266664
3.283331
3.299998
3.316664
3.333331
3.349998
3.366664
3.383331
3.399997
3.416664
3.433331
3.449997
3.466664
3.483331
3.499997
3.516664
3.533331
3.549997
3.566664
3.583331
3.599997
3.616664
3.633331
3.649997
3.666664
3.683331
3.699997
3.716664
3.73333
3.749997
3.766664
3.78333
3.799997
3.816664
3.83333
3.849997
3.866664
3.88333
3.899997
3.916664
3.93333
3.949997
3.966664
3.98333
3.999997
</float_array>
          <technique_common>
            <accessor count="241" offset="0" source="#Chest_0_0-Matrix-animation-input-array" stride="1">
              <param name="TIME" type="float" />
            </accessor>
          </technique_common>
        </source>
        <source id="Chest_0_0-Matrix-animation-output-transform">
          <float_array id="Chest_0_0-Matrix-animation-output-transform-array" count="3856">1 0 0 -2.642279E-12 
0 0.9999821 0.005980359 0.2666135 
0 -0.005980358 0.9999821 2.243303E-10 
0 0 0 1 
0.9999997 0.0007457985 -1.136868E-13 7.341087E-09 
-0.0007457919 0.9999909 0.004197795 0.2666135 
3.13071E-06 -0.004197794 0.9999912 1.239726E-08 
0 0 0 1 
0.9999989 0.001508231 1.136868E-13 1.483817E-08 
-0.001508227 0.9999959 0.002383687 0.2666135 
3.59515E-06 -0.002383684 0.9999971 2.48244E-08 
0 0 0 1 
0.9999974 0.002286421 0 2.248055E-08 
-0.00228642 0.9999972 0.0005396943 0.2666135 
1.233968E-06 -0.0005396929 0.9999999 3.749237E-08 
0 0 0 1 
0.9999952 0.003079493 0 3.026014E-08 
-0.00307949 0.9999943 -0.001332513 0.2666135 
-4.103463E-06 0.001332506 0.9999991 5.038778E-08 
0 0 0 1 
0.9999924 0.00388657 -4.547474E-13 3.816887E-08 
-0.003886549 0.9999872 -0.00323127 0.2666135 
-1.255856E-05 0.003231246 0.9999948 6.349726E-08 
0 0 0 1 
0.9999889 0.004706776 0 4.619868E-08 
-0.004706714 0.9999756 -0.005154911 0.2666135 
-2.426301E-05 0.005154854 0.9999867 7.680743E-08 
0 0 0 1 
0.9999847 0.005539236 -1.818989E-12 5.434149E-08 
-0.005539096 0.9999594 -0.007101766 0.2666135 
-3.933836E-05 0.007101656 0.9999748 9.030492E-08 
0 0 0 1 
0.9999796 0.006383074 -1.818989E-12 6.258923E-08 
-0.006382811 0.9999384 -0.00907017 0.2666135 
-5.789557E-05 0.009069985 0.9999589 1.039763E-07 
0 0 0 1 
0.9999738 0.007237412 0 7.093382E-08 
-0.00723697 0.9999126 -0.01105845 0.2666135 
-8.003458E-05 0.01105816 0.9999388 1.178083E-07 
0 0 0 1 
0.9999672 0.008101375 0 7.93672E-08 
-0.008100684 0.9998818 -0.01306495 0.2666135 
-0.000105844 0.01306452 0.9999146 1.317874E-07 
0 0 0 1 
0.9999597 0.008974086 0 8.78813E-08 
-0.008973064 0.9998459 -0.01508798 0.2666135 
-0.0001354008 0.01508737 0.9998862 1.459004E-07 
0 0 0 1 
0.9999514 0.009854669 7.275958E-12 9.646804E-08 
-0.009853223 0.9998047 -0.01712589 0.2666135 
-0.00016877 0.01712506 0.9998533 1.601337E-07 
0 0 0 1 
0.9999423 0.01074225 7.275958E-12 1.051194E-07 
-0.01074028 0.9997584 -0.019177 0.2666135 
-0.0002060042 0.01917589 0.9998161 1.744741E-07 
0 0 0 1 
0.9999323 0.01163595 0 1.138272E-07 
-0.01163332 0.9997067 -0.02123965 0.2666135 
-0.0002471435 0.02123821 0.9997744 1.889081E-07 
0 0 0 1 
0.9999214 0.01253489 0 1.225834E-07 
-0.01253148 0.9996496 -0.02331217 0.2666135 
-0.0002922154 0.02331033 0.9997283 2.034224E-07 
0 0 0 1 
0.9999097 0.0134382 0 1.3138E-07 
-0.01343387 0.9995872 -0.02539287 0.2666135 
-0.0003412345 0.02539058 0.9996775 2.180036E-07 
0 0 0 1 
0.9998971 0.014345 0 1.402089E-07 
-0.01433958 0.9995194 -0.02748011 0.2666135 
-0.0003942022 0.02747728 0.9996223 2.326384E-07 
0 0 0 1 
0.9998837 0.01525441 0 1.49062E-07 
-0.01524774 0.9994463 -0.0295722 0.2666135 
-0.0004511066 0.02956875 0.9995626 2.473132E-07 
0 0 0 1 
0.9998693 0.01616556 0 1.579313E-07 
-0.01615746 0.9993678 -0.03166748 0.2666135 
-0.0005119227 0.03166334 0.9994985 2.620149E-07 
0 0 0 1 
0.9998541 0.01707758 0 1.668086E-07 
-0.01706785 0.999284 -0.03376428 0.2666135 
-0.0005766124 0.03375936 0.9994298 2.767298E-07 
0 0 0 1 
0.9998382 0.01798959 -2.910383E-11 1.756859E-07 
-0.01797802 0.999195 -0.03586094 0.2666135 
-0.0006451234 0.03585513 0.9993568 2.914449E-07 
0 0 0 1 
0.9998214 0.01890069 -2.910383E-11 1.845552E-07 
-0.01888708 0.9991009 -0.03795577 0.2666135 
-0.0007173905 0.03794899 0.9992794 3.061465E-07 
0 0 0 1 
0.9998038 0.01981004 -2.910383E-11 1.934083E-07 
-0.01979415 0.9990017 -0.04004712 0.2666135 
-0.000793335 0.04003926 0.9991978 3.208214E-07 
0 0 0 1 
0.9997854 0.02071673 2.910383E-11 2.022372E-07 
-0.02069834 0.9988975 -0.04213332 0.2666135 
-0.0008728648 0.04212427 0.999112 3.354561E-07 
0 0 0 1 
0.9997663 0.02161992 -2.910383E-11 2.110338E-07 
-0.02159878 0.9987886 -0.04421271 0.2666135 
-0.0009558752 0.04420237 0.9990221 3.500373E-07 
0 0 0 1 
0.9997464 0.02251871 0 2.1979E-07 
-0.02249458 0.998675 -0.04628361 0.2666135 
-0.001042247 0.04627188 0.9989284 3.645517E-07 
0 0 0 1 
0.9997259 0.02341223 -5.820766E-11 2.284979E-07 
-0.02338485 0.9985569 -0.04834437 0.2666135 
-0.001131849 0.04833112 0.9988307 3.789857E-07 
0 0 0 1 
0.9997047 0.0242996 -5.820766E-11 2.371492E-07 
-0.02426873 0.9984345 -0.05039332 0.2666135 
-0.001224538 0.05037844 0.9987295 3.933261E-07 
0 0 0 1 
0.999683 0.02517996 0 2.457359E-07 
-0.02514533 0.998308 -0.0524288 0.2666135 
-0.001320155 0.05241218 0.9986247 4.075594E-07 
0 0 0 1 
0.9996606 0.02605241 0 2.5425E-07 
-0.02601376 0.9981776 -0.05444914 0.2666135 
-0.001418532 0.05443066 0.9985166 4.216723E-07 
0 0 0 1 
0.9996377 0.0269161 0 2.626834E-07 
-0.02687318 0.9980435 -0.0564527 0.2666135 
-0.001519487 0.05643224 0.9984053 4.356515E-07 
0 0 0 1 
0.9996144 0.02777013 -5.820766E-11 2.71028E-07 
-0.02772268 0.997906 -0.05843779 0.2666135 
-0.001622825 0.05841525 0.9982911 4.494834E-07 
0 0 0 1 
0.9995905 0.02861365 -5.820766E-11 2.792757E-07 
-0.02856141 0.9977653 -0.06040278 0.2666135 
-0.001728344 0.06037805 0.9981741 4.631548E-07 
0 0 0 1 
0.9995664 0.02944577 0 2.874185E-07 
-0.02938849 0.9976218 -0.06234601 0.2666135 
-0.001835826 0.06231897 0.9980546 4.766522E-07 
0 0 0 1 
0.9995419 0.03026562 -5.820766E-11 2.954483E-07 
-0.03020306 0.9974756 -0.06426581 0.2666135 
-0.001945045 0.06423636 0.9979328 4.899624E-07 
0 0 0 1 
0.9995171 0.03107232 -1.164153E-10 3.03357E-07 
-0.03100424 0.9973271 -0.06616051 0.2666135 
-0.002055761 0.06612856 0.997809 5.030719E-07 
0 0 0 1 
0.9994922 0.031865 0 3.111366E-07 
-0.03179118 0.9971767 -0.06802849 0.2666135 
-0.002167728 0.06799395 0.9976834 5.159673E-07 
0 0 0 1 
0.9994671 0.03264279 0 3.18779E-07 
-0.03256302 0.9970245 -0.0698681 0.2666135 
-0.00228069 0.06983086 0.9975562 5.286352E-07 
0 0 0 1 
0.9994419 0.0334048 0 3.262761E-07 
-0.03331888 0.9968711 -0.07167768 0.2666135 
-0.002394378 0.07163766 0.9974278 5.410623E-07 
0 0 0 1 
0.9994167 0.03415018 -1.164153E-10 3.336198E-07 
-0.03405792 0.9967167 -0.07345555 0.2666135 
-0.00250852 0.0734127 0.9972985 5.532353E-07 
0 0 0 1 
0.9993916 0.03487803 0 3.408021E-07 
-0.03477927 0.9965617 -0.0752001 0.2666135 
-0.002622831 0.07515435 0.9971685 5.651406E-07 
0 0 0 1 
0.9993666 0.03558749 1.164153E-10 3.478149E-07 
-0.03548209 0.9964064 -0.07690967 0.2666135 
-0.002737022 0.07686095 0.9970381 5.76765E-07 
0 0 0 1 
0.9993417 0.03627769 -2.328306E-10 3.546501E-07 
-0.03616551 0.9962513 -0.07858264 0.2666135 
-0.002850797 0.07853091 0.9969076 5.88095E-07 
0 0 0 1 
0.9993172 0.03694774 -1.164153E-10 3.612997E-07 
-0.03682867 0.9960967 -0.08021731 0.2666135 
-0.002963848 0.08016253 0.9967774 5.991173E-07 
0 0 0 1 
0.999293 0.03759679 -1.164153E-10 3.677555E-07 
-0.03747076 0.9959431 -0.08181208 0.2666135 
-0.003075872 0.08175422 0.9966478 6.098185E-07 
0 0 0 1 
0.9992692 0.03822395 0 3.740096E-07 
-0.0380909 0.9957907 -0.08336528 0.2666135 
-0.003186551 0.08330435 0.996519 6.201852E-07 
0 0 0 1 
0.9992459 0.03882834 1.164153E-10 3.800538E-07 
-0.03868823 0.9956402 -0.08487529 0.2666135 
-0.003295567 0.08481128 0.9963916 6.302041E-07 
0 0 0 1 
0.9992232 0.0394091 -1.164153E-10 3.858801E-07 
-0.03926194 0.9954917 -0.08634046 0.2666135 
-0.0034026 0.08627338 0.9962657 6.398616E-07 
0 0 0 1 
0.9992011 0.03996536 -2.328306E-10 3.914804E-07 
-0.03981116 0.9953458 -0.08775915 0.2666135 
-0.003507326 0.08768903 0.9961417 6.491447E-07 
0 0 0 1 
0.9991797 0.04049624 -1.164153E-10 3.968466E-07 
-0.04033506 0.9952029 -0.08912973 0.2666135 
-0.003609419 0.0890566 0.99602 6.580397E-07 
0 0 0 1 
0.9991591 0.04100086 0 4.019707E-07 
-0.0408328 0.9950634 -0.09045055 0.2666135 
-0.00370855 0.09037448 0.9959009 6.665333E-07 
0 0 0 1 
0.9991394 0.04147835 1.164153E-10 4.068445E-07 
-0.04130351 0.9949278 -0.09171997 0.2666135 
-0.003804393 0.09164103 0.9957848 6.746121E-07 
0 0 0 1 
0.9991207 0.04192785 -2.328306E-10 4.1146E-07 
-0.04174639 0.9947965 -0.09293638 0.2666135 
-0.003896622 0.09285466 0.995672 6.822629E-07 
0 0 0 1 
0.9991029 0.04234847 0 4.158093E-07 
-0.04216057 0.9946697 -0.09409811 0.2666135 
-0.003984911 0.09401369 0.9955629 6.894721E-07 
0 0 0 1 
0.9990863 0.04273935 0 4.19884E-07 
-0.04254522 0.9945482 -0.09520356 0.2666135 
-0.004068938 0.09511656 0.9954578 6.962264E-07 
0 0 0 1 
0.9990708 0.0430996 0 4.236763E-07 
-0.04289949 0.9944322 -0.09625106 0.2666135 
-0.004148382 0.09616161 0.9953571 7.025124E-07 
0 0 0 1 
0.9990565 0.04342835 2.328306E-10 4.27178E-07 
-0.04322255 0.994322 -0.09723897 0.2666135 
-0.004222929 0.09714722 0.9952611 7.083168E-07 
0 0 0 1 
0.9990436 0.04372475 2.328306E-10 4.30381E-07 
-0.04351357 0.9942182 -0.09816571 0.2666135 
-0.004292272 0.09807183 0.9951701 7.136262E-07 
0 0 0 1 
0.9990321 0.04398791 0 4.332773E-07 
-0.04377169 0.9941213 -0.0990296 0.2666135 
-0.004356106 0.09893373 0.9950845 7.184271E-07 
0 0 0 1 
0.9990219 0.04421695 0 4.358589E-07 
-0.04399607 0.9940314 -0.09982899 0.2666135 
-0.004414133 0.09973135 0.9950046 7.227063E-07 
0 0 0 1 
0.9990132 0.04441427 0 4.382266E-07 
-0.04418907 0.9939476 -0.1005749 0.2666135 
-0.00446696 0.1004756 0.9949295 7.266312E-07 
0 0 0 1 
0.9990057 0.04458325 0 4.404877E-07 
-0.04435401 0.9938687 -0.1012797 0.2666135 
-0.004515378 0.101179 0.994858 7.303791E-07 
0 0 0 1 
0.9989994 0.04472447 0 4.426429E-07 
-0.04449146 0.9937947 -0.101944 0.2666135 
-0.004559393 0.101842 0.9947901 7.339516E-07 
0 0 0 1 
0.9989942 0.04483853 2.328306E-10 4.446933E-07 
-0.04460205 0.9937254 -0.1025686 0.2666135 
-0.004599025 0.1024654 0.9947259 7.373502E-07 
0 0 0 1 
0.9989903 0.04492602 0 4.466395E-07 
-0.04468636 0.993661 -0.103154 0.2666135 
-0.004634299 0.1030498 0.9946654 7.405764E-07 
0 0 0 1 
0.9989876 0.04498754 0 4.484827E-07 
-0.044745 0.9936015 -0.1037009 0.2666135 
-0.004665249 0.1035959 0.9946085 7.436315E-07 
0 0 0 1 
0.9989859 0.04502368 -2.328306E-10 4.502236E-07 
-0.04477855 0.9935467 -0.1042099 0.2666135 
-0.004691915 0.1041042 0.9945554 7.465172E-07 
0 0 0 1 
0.9989854 0.04503505 0 4.518631E-07 
-0.04478762 0.9934967 -0.1046817 0.2666135 
-0.004714346 0.1045755 0.9945058 7.49235E-07 
0 0 0 1 
0.998986 0.04502221 0 4.534023E-07 
-0.04477278 0.9934514 -0.1051169 0.2666135 
-0.004732596 0.1050103 0.9944599 7.517862E-07 
0 0 0 1 
0.9989876 0.04498578 0 4.548419E-07 
-0.04473465 0.9934108 -0.1055162 0.2666135 
-0.004746726 0.1054093 0.9944176 7.541724E-07 
0 0 0 1 
0.9989903 0.04492634 0 4.561828E-07 
-0.04467381 0.9933748 -0.1058801 0.2666135 
-0.004756804 0.1057732 0.9943789 7.563951E-07 
0 0 0 1 
0.998994 0.04484447 2.328306E-10 4.574259E-07 
-0.04459083 0.9933434 -0.1062093 0.2666135 
-0.004762901 0.1061025 0.9943438 7.584558E-07 
0 0 0 1 
0.9989986 0.0447408 2.328306E-10 4.585722E-07 
-0.04448633 0.9933165 -0.1065045 0.2666135 
-0.004765096 0.1063978 0.9943122 7.603559E-07 
0 0 0 1 
0.9990042 0.0446159 0 4.596226E-07 
-0.04436088 0.993294 -0.1067663 0.2666135 
-0.004763473 0.1066599 0.9942842 7.62097E-07 
0 0 0 1 
0.9990107 0.04447037 -2.328306E-10 4.605778E-07 
-0.04421509 0.9932759 -0.1069953 0.2666135 
-0.004758119 0.1068894 0.9942595 7.636804E-07 
0 0 0 1 
0.9990181 0.04430478 0 4.61439E-07 
-0.04404951 0.993262 -0.1071921 0.2666135 
-0.004749123 0.1070869 0.9942383 7.651078E-07 
0 0 0 1 
0.9990262 0.04411976 0 4.622068E-07 
-0.04386478 0.9932523 -0.1073575 0.2666135 
-0.004736587 0.1072529 0.9942205 7.663806E-07 
0 0 0 1 
0.9990352 0.04391587 0 4.628823E-07 
-0.04366142 0.9932467 -0.107492 0.2666135 
-0.004720604 0.1073883 0.994206 7.675002E-07 
0 0 0 1 
0.999045 0.04369373 0 4.634663E-07 
-0.04344007 0.9932451 -0.1075962 0.2666135 
-0.004701279 0.1074934 0.9941947 7.684682E-07 
0 0 0 1 
0.9990554 0.0434539 0 4.639597E-07 
-0.04320129 0.9932474 -0.1076709 0.2666135 
-0.004678719 0.1075692 0.9941866 7.692861E-07 
0 0 0 1 
0.9990666 0.04319702 0 4.643634E-07 
-0.04294568 0.9932536 -0.1077165 0.2666135 
-0.004653034 0.107616 0.9941816 7.699554E-07 
0 0 0 1 
0.9990783 0.04292363 0 4.646784E-07 
-0.04267381 0.9932634 -0.1077339 0.2666135 
-0.004624329 0.1076346 0.9941798 7.704774E-07 
0 0 0 1 
0.9990907 0.04263436 0 4.649054E-07 
-0.04238627 0.9932769 -0.1077235 0.2666135 
-0.004592723 0.1076255 0.9941809 7.708538E-07 
0 0 0 1 
0.9991037 0.04232979 2.328306E-10 4.650454E-07 
-0.04208364 0.9932938 -0.1076861 0.2666135 
-0.004558329 0.1075896 0.994185 7.710859E-07 
0 0 0 1 
0.9991172 0.04201051 0 4.650994E-07 
-0.04176651 0.9933141 -0.1076222 0.2666135 
-0.004521264 0.1075272 0.9941919 7.711753E-07 
0 0 0 1 
0.9991311 0.04167712 -2.328306E-10 4.650682E-07 
-0.04143546 0.9933377 -0.1075325 0.2666135 
-0.004481647 0.1074391 0.9942015 7.711236E-07 
0 0 0 1 
0.9991456 0.0413302 0 4.649526E-07 
-0.04109107 0.9933644 -0.1074177 0.2666135 
-0.004439595 0.1073259 0.994214 7.70932E-07 
0 0 0 1 
0.9991603 0.04097037 0 4.647537E-07 
-0.04073393 0.9933942 -0.1072783 0.2666135 
-0.004395231 0.1071882 0.994229 7.706023E-07 
0 0 0 1 
0.9991755 0.04059818 2.328306E-10 4.644722E-07 
-0.04036461 0.9934269 -0.107115 0.2666135 
-0.004348674 0.1070267 0.9942467 7.701358E-07 
0 0 0 1 
0.9991911 0.04021427 0 4.641092E-07 
-0.03998371 0.9934624 -0.1069284 0.2666135 
-0.004300047 0.1068419 0.9942667 7.695339E-07 
0 0 0 1 
0.9992069 0.0398192 2.328306E-10 4.636654E-07 
-0.0395918 0.9935006 -0.1067192 0.2666135 
-0.004249472 0.1066345 0.9942892 7.687984E-07 
0 0 0 1 
0.999223 0.03941358 0 4.631418E-07 
-0.03918947 0.9935414 -0.1064879 0.2666135 
-0.00419707 0.1064052 0.994314 7.679304E-07 
0 0 0 1 
0.9992393 0.03899798 0 4.625393E-07 
-0.03877729 0.9935846 -0.1062353 0.2666135 
-0.004142962 0.1061545 0.994341 7.669317E-07 
0 0 0 1 
0.9992558 0.03857303 -2.328306E-10 4.618587E-07 
-0.03835587 0.9936301 -0.1059619 0.2666135 
-0.004087273 0.1058831 0.9943702 7.658036E-07 
0 0 0 1 
0.9992724 0.03813928 0 4.611011E-07 
-0.03792576 0.9936779 -0.1056684 0.2666135 
-0.004030118 0.1055915 0.9944014 7.645477E-07 
0 0 0 1 
0.9992892 0.03769736 0 4.602672E-07 
-0.03748756 0.9937277 -0.1053554 0.2666135 
-0.003971621 0.1052805 0.9944347 7.631655E-07 
0 0 0 1 
0.9993061 0.03724784 0 4.593579E-07 
-0.03704185 0.9937795 -0.1050236 0.2666135 
-0.003911902 0.1049507 0.9944698 7.616583E-07 
0 0 0 1 
0.999323 0.03679133 -2.328306E-10 4.583743E-07 
-0.03658922 0.9938332 -0.1046735 0.2666135 
-0.003851077 0.1046026 0.9945067 7.600278E-07 
0 0 0 1 
0.9993399 0.0363284 0 4.57317E-07 
-0.03613024 0.9938887 -0.1043058 0.2666135 
-0.003789263 0.1042369 0.9945453 7.582753E-07 
0 0 0 1 
0.9993568 0.03585967 1.164153E-10 4.561872E-07 
-0.03566551 0.9939458 -0.1039212 0.2666135 
-0.003726579 0.1038543 0.9945855 7.564025E-07 
0 0 0 1 
0.9993737 0.03538572 0 4.549856E-07 
-0.0351956 0.9940044 -0.1035202 0.2666135 
-0.003663136 0.1034553 0.9946274 7.544107E-07 
0 0 0 1 
0.9993905 0.03490714 0 4.537131E-07 
-0.0347211 0.9940644 -0.1031035 0.2666135 
-0.003599048 0.1030407 0.9946706 7.523015E-07 
0 0 0 1 
0.9994073 0.03442453 0 4.523707E-07 
-0.03424261 0.9941257 -0.1026717 0.2666135 
-0.003534426 0.1026109 0.9947153 7.500763E-07 
0 0 0 1 
0.9994239 0.03393848 -1.164153E-10 4.509592E-07 
-0.03376069 0.9941881 -0.1022255 0.2666135 
-0.003469379 0.1021666 0.9947612 7.477367E-07 
0 0 0 1 
0.9994404 0.03344958 0 4.494796E-07 
-0.03327593 0.9942517 -0.1017655 0.2666135 
-0.003404015 0.1017086 0.9948084 7.452841E-07 
0 0 0 1 
0.9994567 0.03295844 1.164153E-10 4.479328E-07 
-0.03278892 0.9943162 -0.1012923 0.2666135 
-0.003338437 0.1012373 0.9948567 7.4272E-07 
0 0 0 1 
0.9994729 0.03246564 -1.164153E-10 4.463195E-07 
-0.03230026 0.9943815 -0.1008066 0.2666135 
-0.00327275 0.1007534 0.9949061 7.400458E-07 
0 0 0 1 
0.9994888 0.03197177 2.328306E-10 4.446408E-07 
-0.03181051 0.9944476 -0.1003089 0.2666135 
-0.003207054 0.1002576 0.9949563 7.372632E-07 
0 0 0 1 
0.9995044 0.03147743 -1.164153E-10 4.428975E-07 
-0.03132027 0.9945144 -0.09979998 0.2666135 
-0.003141447 0.09975051 0.9950075 7.343735E-07 
0 0 0 1 
0.9995199 0.03098321 0 4.410905E-07 
-0.03083014 0.9945817 -0.09928039 0.2666135 
-0.003076026 0.09923272 0.9950595 7.313783E-07 
0 0 0 1 
0.9995351 0.03048971 -1.164153E-10 4.392208E-07 
-0.03034068 0.9946495 -0.09875077 0.2666135 
-0.003010883 0.09870485 0.9951122 7.282791E-07 
0 0 0 1 
0.99955 0.02999752 0 4.372891E-07 
-0.0298525 0.9947177 -0.09821175 0.2666135 
-0.002946109 0.09816755 0.9951655 7.250772E-07 
0 0 0 1 
0.9995646 0.02950723 -1.164153E-10 4.352966E-07 
-0.02936617 0.994786 -0.09766401 0.2666135 
-0.002881794 0.09762148 0.9952195 7.217743E-07 
0 0 0 1 
0.9995788 0.02901944 -1.164153E-10 4.332439E-07 
-0.02888229 0.9948546 -0.09710811 0.2666135 
-0.002818023 0.0970672 0.9952738 7.183717E-07 
0 0 0 1 
0.9995928 0.02853474 0 4.31132E-07 
-0.02840144 0.9949233 -0.09654473 0.2666135 
-0.002754878 0.09650541 0.9953287 7.148711E-07 
0 0 0 1 
0.9996064 0.02805372 0 4.289618E-07 
-0.02792422 0.994992 -0.09597448 0.2666135 
-0.002692442 0.0959367 0.9953838 7.112737E-07 
0 0 0 1 
0.9996197 0.02757699 0 4.267342E-07 
-0.02745122 0.9950606 -0.09539802 0.2666135 
-0.00263079 0.09536173 0.9954392 7.075814E-07 
0 0 0 1 
0.9996326 0.02710512 0 4.244501E-07 
-0.02698301 0.995129 -0.09481596 0.2666135 
-0.002569999 0.09478112 0.9954948 7.037953E-07 
0 0 0 1 
0.9996451 0.02663873 0 4.221104E-07 
-0.0265202 0.9951972 -0.09422894 0.2666135 
-0.002510139 0.09419549 0.9955506 6.99917E-07 
0 0 0 1 
0.9996573 0.0261784 1.164153E-10 4.19716E-07 
-0.02606338 0.9952651 -0.09363758 0.2666135 
-0.002451282 0.09360547 0.9956064 6.959481E-07 
0 0 0 1 
0.9996691 0.02572471 1.164153E-10 4.172678E-07 
-0.02561313 0.9953326 -0.09304253 0.2666135 
-0.002393493 0.09301174 0.9956622 6.918899E-07 
0 0 0 1 
0.9996805 0.02527828 -1.164153E-10 4.147667E-07 
-0.02517004 0.9953996 -0.09244443 0.2666135 
-0.002336836 0.09241489 0.9957178 6.877441E-07 
0 0 0 1 
0.9996914 0.02483969 0 4.122136E-07 
-0.0247347 0.9954661 -0.09184388 0.2666135 
-0.002281373 0.09181553 0.9957734 6.83512E-07 
0 0 0 1 
0.999702 0.02440954 0 4.096093E-07 
-0.02430772 0.995532 -0.09124155 0.2666135 
-0.002227164 0.09121436 0.9958288 6.791952E-07 
0 0 0 1 
0.9997122 0.02398842 0 4.069549E-07 
-0.02388968 0.9955972 -0.09063805 0.2666135 
-0.002174264 0.09061196 0.9958839 6.747952E-07 
0 0 0 1 
0.999722 0.02357692 1.164153E-10 4.042511E-07 
-0.02348117 0.9956618 -0.09003404 0.2666135 
-0.002122725 0.090009 0.9959387 6.703134E-07 
0 0 0 1 
0.9997314 0.02317564 0 4.014988E-07 
-0.02308278 0.9957255 -0.08943012 0.2666135 
-0.002072601 0.0894061 0.9959931 6.657513E-07 
0 0 0 1 
0.9997404 0.02278518 1.164153E-10 3.986991E-07 
-0.02269511 0.9957885 -0.08882694 0.2666135 
-0.002023937 0.08880387 0.9960471 6.611104E-07 
0 0 0 1 
0.9997489 0.02240612 0 3.958527E-07 
-0.02231875 0.9958504 -0.08822514 0.2666135 
-0.001976783 0.08820299 0.9961005 6.563923E-07 
0 0 0 1 
0.9997571 0.02203906 -5.820766E-11 3.929605E-07 
-0.02195428 0.9959115 -0.08762535 0.2666135 
-0.00193118 0.08760407 0.9961535 6.515983E-07 
0 0 0 1 
0.9997649 0.0216846 -5.820766E-11 3.900236E-07 
-0.02160232 0.9959716 -0.08702821 0.2666135 
-0.001887172 0.08700775 0.9962059 6.4673E-07 
0 0 0 1 
0.9997722 0.02134332 0 3.870426E-07 
-0.02126345 0.9960306 -0.08643436 0.2666135 
-0.001844796 0.08641466 0.9962575 6.417888E-07 
0 0 0 1 
0.9997792 0.02101583 5.820766E-11 3.840187E-07 
-0.02093825 0.9960884 -0.0858444 0.2666135 
-0.001804092 0.08582544 0.9963086 6.367763E-07 
0 0 0 1 
0.9997857 0.02070271 5.820766E-11 3.809525E-07 
-0.02062733 0.9961452 -0.08525901 0.2666135 
-0.001765093 0.08524074 0.9963588 6.316939E-07 
0 0 0 1 
0.9997918 0.02040458 5.820766E-11 3.778452E-07 
-0.02033129 0.9962008 -0.0846788 0.2666135 
-0.001727835 0.08466116 0.9964083 6.265432E-07 
0 0 0 1 
0.9997975 0.020122 0 3.746974E-07 
-0.02005071 0.9962552 -0.0841044 0.2666135 
-0.001692349 0.08408736 0.9964569 6.213255E-07 
0 0 0 1 
0.9998029 0.01985558 5.820766E-11 3.715103E-07 
-0.01978618 0.9963082 -0.08353645 0.2666135 
-0.001658665 0.08351997 0.9965047 6.160424E-07 
0 0 0 1 
0.9998078 0.01960591 0 3.682845E-07 
-0.0195383 0.9963599 -0.08297561 0.2666135 
-0.001626812 0.08295966 0.9965516 6.106954E-07 
0 0 0 1 
0.9998123 0.01937359 5.820766E-11 3.65021E-07 
-0.01930767 0.9964104 -0.08242248 0.2666135 
-0.00159682 0.08240701 0.9965975 6.052859E-07 
0 0 0 1 
0.9998164 0.01915922 0 3.617209E-07 
-0.01909489 0.9964594 -0.08187771 0.2666135 
-0.001568713 0.08186267 0.9966424 5.998156E-07 
0 0 0 1 
0.9998202 0.01895937 5.820766E-11 3.583848E-07 
-0.01889656 0.9965081 -0.08132951 0.2666135 
-0.001541956 0.08131488 0.9966873 5.942857E-07 
0 0 0 1 
0.9998238 0.01876999 5.820766E-11 3.550138E-07 
-0.01870867 0.9965575 -0.08076581 0.2666135 
-0.001515974 0.08075158 0.9967331 5.886979E-07 
0 0 0 1 
0.9998271 0.01859079 0 3.516086E-07 
-0.01853093 0.9966075 -0.08018692 0.2666135 
-0.001490738 0.08017305 0.9967799 5.830536E-07 
0 0 0 1 
0.9998303 0.01842145 5.820766E-11 3.481703E-07 
-0.01836301 0.9966582 -0.07959311 0.2666135 
-0.00146622 0.0795796 0.9968274 5.773542E-07 
0 0 0 1 
0.9998332 0.01826164 5.820766E-11 3.446997E-07 
-0.01820459 0.9967095 -0.0789847 0.2666135 
-0.001442391 0.07897152 0.9968758 5.716014E-07 
0 0 0 1 
0.999836 0.01811106 0 3.411977E-07 
-0.01805537 0.9967614 -0.07836197 0.2666135 
-0.001419218 0.0783491 0.996925 5.657965E-07 
0 0 0 1 
0.9998385 0.01796938 0 3.376653E-07 
-0.01791502 0.9968138 -0.0777252 0.2666135 
-0.001396674 0.07771265 0.9969748 5.599411E-07 
0 0 0 1 
0.9998409 0.01783628 0 3.341032E-07 
-0.01778322 0.9968666 -0.07707468 0.2666135 
-0.001374726 0.07706241 0.9970253 5.540367E-07 
0 0 0 1 
0.9998431 0.01771146 0 3.305124E-07 
-0.01765968 0.99692 -0.07641073 0.2666135 
-0.001353346 0.07639875 0.9970765 5.480846E-07 
0 0 0 1 
0.9998452 0.01759459 -5.820766E-11 3.268939E-07 
-0.01754406 0.9969737 -0.07573363 0.2666135 
-0.001332502 0.0757219 0.9971281 5.420865E-07 
0 0 0 1 
0.9998471 0.01748535 0 3.232484E-07 
-0.01743605 0.9970278 -0.07504364 0.2666135 
-0.001312165 0.07503216 0.9971802 5.360438E-07 
0 0 0 1 
0.9998489 0.01738344 -5.820766E-11 3.195769E-07 
-0.01733534 0.9970821 -0.07434111 0.2666135 
-0.001292304 0.07432987 0.9972329 5.29958E-07 
0 0 0 1 
0.9998506 0.01728853 0 3.158803E-07 
-0.01724161 0.9971368 -0.07362627 0.2666135 
-0.00127289 0.07361527 0.9972859 5.238305E-07 
0 0 0 1 
0.9998521 0.01720031 -5.820766E-11 3.121595E-07 
-0.01715454 0.9971917 -0.07289947 0.2666135 
-0.001253893 0.07288867 0.9973393 5.176628E-07 
0 0 0 1 
0.9998535 0.01711845 -5.820766E-11 3.084153E-07 
-0.01707383 0.9972468 -0.07216096 0.2666135 
-0.001235284 0.07215037 0.997393 5.114566E-07 
0 0 0 1 
0.9998547 0.01704265 -5.820766E-11 3.046488E-07 
-0.01699914 0.9973021 -0.07141104 0.2666135 
-0.001217033 0.07140066 0.997447 5.052132E-07 
0 0 0 1 
0.9998559 0.01697258 0 3.008607E-07 
-0.01693017 0.9973574 -0.07065 0.2666135 
-0.001199113 0.07063982 0.9975012 4.989341E-07 
0 0 0 1 
0.9998571 0.01690793 -5.820766E-11 2.970521E-07 
-0.01686661 0.9974129 -0.06987815 0.2666135 
-0.001181495 0.06986816 0.9975556 4.926208E-07 
0 0 0 1 
0.9998581 0.01684838 0 2.932236E-07 
-0.01680812 0.9974684 -0.06909578 0.2666135 
-0.001164152 0.06908597 0.99761 4.862748E-07 
0 0 0 1 
0.999859 0.01679362 0 2.893763E-07 
-0.01675441 0.9975238 -0.06830318 0.2666135 
-0.001147058 0.06829355 0.9976646 4.798976E-07 
0 0 0 1 
0.9998598 0.01674333 -5.820766E-11 2.855112E-07 
-0.01670514 0.9975793 -0.06750064 0.2666135 
-0.001130185 0.06749117 0.9977192 4.734907E-07 
0 0 0 1 
0.9998606 0.01669719 0 2.816289E-07 
-0.01666002 0.9976347 -0.06668844 0.2666135 
-0.001113509 0.06667913 0.9977738 4.670555E-07 
0 0 0 1 
0.9998613 0.01665488 0 2.777305E-07 
-0.01661871 0.99769 -0.06586688 0.2666135 
-0.001097005 0.06585774 0.9978284 4.605935E-07 
0 0 0 1 
0.999862 0.01661608 -5.820766E-11 2.738169E-07 
-0.01658091 0.9977451 -0.06503626 0.2666135 
-0.001080648 0.06502727 0.9978829 4.541063E-07 
0 0 0 1 
0.9998626 0.01658049 -5.820766E-11 2.698889E-07 
-0.01654629 0.9978 -0.06419686 0.2666135 
-0.001064416 0.06418803 0.9979373 4.475953E-07 
0 0 0 1 
0.9998631 0.01654779 -5.820766E-11 2.659475E-07 
-0.01651455 0.9978547 -0.063349 0.2666135 
-0.001048286 0.06334032 0.9979914 4.41062E-07 
0 0 0 1 
0.9998636 0.01651764 0 2.619935E-07 
-0.01648536 0.9979092 -0.06249294 0.2666135 
-0.001032236 0.06248441 0.9980454 4.345079E-07 
0 0 0 1 
0.999864 0.01648975 0 2.580279E-07 
-0.01645841 0.9979634 -0.061629 0.2666135 
-0.001016247 0.06162061 0.9980991 4.279344E-07 
0 0 0 1 
0.9998645 0.01646379 0 2.540515E-07 
-0.01643338 0.9980172 -0.06075745 0.2666135 
-0.001000298 0.06074922 0.9981526 4.213432E-07 
0 0 0 1 
0.9998649 0.01643945 0 2.500652E-07 
-0.01640995 0.9980707 -0.0598786 0.2666135 
-0.0009843713 0.0598705 0.9982057 4.147356E-07 
0 0 0 1 
0.9998652 0.0164164 0 2.460699E-07 
-0.01638781 0.9981238 -0.05899273 0.2666135 
-0.0009684485 0.05898478 0.9982584 4.081131E-07 
0 0 0 1 
0.9998656 0.01639434 0 2.420666E-07 
-0.01636665 0.9981765 -0.05810015 0.2666135 
-0.0009525137 0.05809234 0.9983107 4.014772E-07 
0 0 0 1 
0.9998659 0.01637294 -2.910383E-11 2.380561E-07 
-0.01634613 0.9982288 -0.05720114 0.2666135 
-0.0009365509 0.05719347 0.9983627 3.948294E-07 
0 0 0 1 
0.9998663 0.01635189 -2.910383E-11 2.340393E-07 
-0.01632596 0.9982806 -0.05629601 0.2666135 
-0.0009205464 0.05628848 0.9984141 3.881712E-07 
0 0 0 1 
0.9998667 0.01633087 0 2.300172E-07 
-0.01630581 0.9983318 -0.05538503 0.2666135 
-0.000904486 0.05537764 0.9984651 3.815042E-07 
0 0 0 1 
0.999867 0.01630957 -2.910383E-11 2.259906E-07 
-0.01628536 0.9983826 -0.05446852 0.2666135 
-0.000888358 0.05446127 0.9985155 3.748296E-07 
0 0 0 1 
0.9998673 0.01628766 5.820766E-11 2.219603E-07 
-0.0162643 0.9984328 -0.05354674 0.2666135 
-0.0008721515 0.05353964 0.9985653 3.681491E-07 
0 0 0 1 
0.9998677 0.01626484 -5.820766E-11 2.179274E-07 
-0.01624231 0.9984825 -0.05262002 0.2666135 
-0.0008558562 0.05261306 0.9986146 3.614642E-07 
0 0 0 1 
0.9998681 0.01624078 0 2.138927E-07 
-0.01621907 0.9985315 -0.05168863 0.2666135 
-0.0008394636 0.05168181 0.9986632 3.547763E-07 
0 0 0 1 
0.9998685 0.01621516 -2.910383E-11 2.098571E-07 
-0.01619427 0.9985799 -0.05075287 0.2666135 
-0.0008229661 0.0507462 0.9987112 3.480869E-07 
0 0 0 1 
0.999869 0.01618767 -2.910383E-11 2.058215E-07 
-0.01616758 0.9986277 -0.04981305 0.2666135 
-0.0008063574 0.04980652 0.9987586 3.413975E-07 
0 0 0 1 
0.9998695 0.016158 0 2.017868E-07 
-0.01613869 0.9986748 -0.04886943 0.2666135 
-0.0007896322 0.04886305 0.9988052 3.347096E-07 
0 0 0 1 
0.9998699 0.01612582 -2.910383E-11 1.977539E-07 
-0.01610729 0.9987211 -0.04792234 0.2666135 
-0.000772787 0.04791611 0.9988511 3.280247E-07 
0 0 0 1 
0.9998705 0.01609082 -2.910383E-11 1.937237E-07 
-0.01607306 0.9987668 -0.04697206 0.2666135 
-0.0007558191 0.04696598 0.9988962 3.213442E-07 
0 0 0 1 
0.9998711 0.01605268 2.910383E-11 1.896971E-07 
-0.01603568 0.9988118 -0.04601888 0.2666135 
-0.0007387266 0.04601294 0.9989406 3.146697E-07 
0 0 0 1 
0.9998718 0.0160111 -2.910383E-11 1.856749E-07 
-0.01599483 0.998856 -0.04506309 0.2666135 
-0.0007215095 0.04505731 0.9989842 3.080026E-07 
0 0 0 1 
0.9998726 0.01596573 0 1.816582E-07 
-0.0159502 0.9988995 -0.04410501 0.2666135 
-0.0007041688 0.04409938 0.9990269 3.013444E-07 
0 0 0 1 
0.9998733 0.01591628 0 1.776476E-07 
-0.01590146 0.9989422 -0.0431449 0.2666135 
-0.0006867065 0.04313943 0.9990688 2.946966E-07 
0 0 0 1 
0.9998742 0.01586243 -2.910383E-11 1.736443E-07 
-0.01584831 0.9989842 -0.04218309 0.2666135 
-0.0006691262 0.04217778 0.9991099 2.880607E-07 
0 0 0 1 
0.9998751 0.01580384 0 1.696491E-07 
-0.01579041 0.9990253 -0.04121984 0.2666135 
-0.0006514319 0.04121469 0.9991501 2.814382E-07 
0 0 0 1 
0.9998761 0.01574023 0 1.656628E-07 
-0.01572747 0.9990656 -0.04025548 0.2666135 
-0.0006336304 0.04025049 0.9991894 2.748306E-07 
0 0 0 1 
0.9998772 0.01567125 0 1.616864E-07 
-0.01565915 0.9991051 -0.03929027 0.2666135 
-0.0006157277 0.03928544 0.9992278 2.682393E-07 
0 0 0 1 
0.9998783 0.0155966 0 1.577208E-07 
-0.01558515 0.9991437 -0.03832454 0.2666135 
-0.0005977327 0.03831987 0.9992654 2.616659E-07 
0 0 0 1 
0.9998796 0.01551596 0 1.537667E-07 
-0.01550513 0.9991816 -0.03735855 0.2666135 
-0.0005796539 0.03735405 0.9993019 2.551117E-07 
0 0 0 1 
0.999881 0.01542902 0 1.498253E-07 
-0.0154188 0.9992186 -0.03639262 0.2666135 
-0.0005615024 0.03638829 0.9993376 2.485784E-07 
0 0 0 1 
0.9998824 0.01533545 0 1.458973E-07 
-0.01532582 0.9992547 -0.03542703 0.2666135 
-0.0005432894 0.03542287 0.9993722 2.420675E-07 
0 0 0 1 
0.9998839 0.01523494 2.910383E-11 1.419837E-07 
-0.01522589 0.9992899 -0.0344621 0.2666135 
-0.0005250279 0.03445809 0.999406 2.355802E-07 
0 0 0 1 
0.9998856 0.01512717 -2.910383E-11 1.380853E-07 
-0.01511868 0.9993244 -0.03349809 0.2666135 
-0.0005067312 0.03349426 0.9994388 2.291183E-07 
0 0 0 1 
0.9998873 0.01501182 0 1.342031E-07 
-0.01500387 0.9993579 -0.03253532 0.2666135 
-0.0004884144 0.03253165 0.9994706 2.226831E-07 
0 0 0 1 
0.9998891 0.01488858 1.455192E-11 1.303378E-07 
-0.01488116 0.9993905 -0.03157408 0.2666135 
-0.0004700933 0.03157057 0.9995014 2.162761E-07 
0 0 0 1 
0.9998911 0.01475714 1.455192E-11 1.264906E-07 
-0.01475022 0.9994224 -0.03061465 0.2666135 
-0.0004517847 0.03061132 0.9995313 2.098989E-07 
0 0 0 1 
0.9998932 0.01461717 0 1.226621E-07 
-0.01461074 0.9994532 -0.02965735 0.2666135 
-0.0004335066 0.02965418 0.9995601 2.035529E-07 
0 0 0 1 
0.9998953 0.01446835 0 1.188534E-07 
-0.01446239 0.9994833 -0.02870247 0.2666135 
-0.0004152775 0.02869946 0.999588 1.972397E-07 
0 0 0 1 
0.9998976 0.01431038 -1.455192E-11 1.150654E-07 
-0.01430487 0.9995125 -0.02775029 0.2666135 
-0.0003971172 0.02774745 0.9996149 1.909605E-07 
0 0 0 1 
0.9999 0.01414293 0 1.112988E-07 
-0.01413785 0.9995407 -0.02680112 0.2666135 
-0.0003790463 0.02679843 0.9996408 1.847171E-07 
0 0 0 1 
0.9999025 0.01396568 0 1.075547E-07 
-0.01396102 0.9995682 -0.02585525 0.2666135 
-0.0003610862 0.02585272 0.9996657 1.785108E-07 
0 0 0 1 
0.999905 0.01377833 0 1.038339E-07 
-0.01377405 0.9995947 -0.02491296 0.2666135 
-0.000343259 0.0249106 0.9996896 1.723432E-07 
0 0 0 1 
0.9999078 0.01358055 -1.455192E-11 1.001373E-07 
-0.01357665 0.9996203 -0.02397458 0.2666135 
-0.0003255879 0.02397237 0.9997126 1.662158E-07 
0 0 0 1 
0.9999106 0.01337202 0 9.646575E-08 
-0.01336847 0.9996451 -0.02304037 0.2666135 
-0.0003080964 0.02303831 0.9997345 1.601299E-07 
0 0 0 1 
0.9999135 0.01315243 0 9.28203E-08 
-0.01314921 0.999669 -0.02211065 0.2666135 
-0.0002908088 0.02210874 0.9997555 1.540871E-07 
0 0 0 1 
0.9999165 0.01292146 -1.455192E-11 8.920173E-08 
-0.01291856 0.999692 -0.02118571 0.2666135 
-0.0002737503 0.02118394 0.9997755 1.48089E-07 
0 0 0 1 
0.9999196 0.0126788 1.455192E-11 8.561096E-08 
-0.0126762 0.9997142 -0.02026584 0.2666135 
-0.0002569465 0.02026421 0.9997946 1.42137E-07 
0 0 0 1 
0.9999228 0.01242412 7.275958E-12 8.20489E-08 
-0.0124218 0.9997355 -0.01935134 0.2666135 
-0.0002404234 0.01934984 0.9998127 1.362325E-07 
0 0 0 1 
0.9999261 0.01215711 0 7.851642E-08 
-0.01215505 0.999756 -0.01844249 0.2666135 
-0.0002242075 0.01844113 0.9998299 1.303771E-07 
0 0 0 1 
0.9999295 0.01187746 -7.275958E-12 7.501436E-08 
-0.01187563 0.9997756 -0.01753961 0.2666135 
-0.0002083261 0.01753838 0.9998462 1.245722E-07 
0 0 0 1 
0.999933 0.01157657 7.275958E-12 7.154381E-08 
-0.01157497 0.9997945 -0.0166366 0.2666135 
-0.0001925948 0.01663549 0.9998616 1.188193E-07 
0 0 0 1 
0.9999368 0.01124724 0 6.810546E-08 
-0.01124585 0.999813 -0.01572743 0.2666135 
-0.0001768902 0.01572643 0.9998763 1.131199E-07 
0 0 0 1 
0.9999407 0.01089131 0 6.470032E-08 
-0.01089012 0.9998309 -0.01481248 0.2666135 
-0.0001613273 0.0148116 0.9998903 1.074757E-07 
0 0 0 1 
0.9999447 0.01051058 0 6.13293E-08 
-0.01050956 0.9998482 -0.01389216 0.2666135 
-0.0001460147 0.01389139 0.9999035 1.018879E-07 
0 0 0 1 
0.9999489 0.01010686 0 5.799325E-08 
-0.01010601 0.9998648 -0.01296685 0.2666135 
-0.0001310542 0.01296619 0.9999159 9.635795E-08 
0 0 0 1 
0.9999532 0.009681979 -3.637979E-12 5.4693E-08 
-0.009681279 0.9998806 -0.01203696 0.2666135 
-0.0001165416 0.01203639 0.9999276 9.088757E-08 
0 0 0 1 
0.9999573 0.009237741 -3.637979E-12 5.142951E-08 
-0.009237173 0.9998956 -0.01110286 0.2666135 
-0.0001025654 0.01110239 0.9999384 8.547801E-08 
0 0 0 1 
0.9999615 0.00877596 -3.637979E-12 4.820376E-08 
-0.008775507 0.9999098 -0.01016497 0.2666135 
-8.920734E-05 0.01016457 0.9999483 8.013109E-08 
0 0 0 1 
0.9999655 0.008298452 3.637979E-12 4.501658E-08 
-0.008298099 0.999923 -0.00922366 0.2666135 
-7.65421E-05 0.00922334 0.9999574 7.4848E-08 
0 0 0 1 
0.9999695 0.007807033 3.637979E-12 4.186882E-08 
-0.007806766 0.9999352 -0.008279333 0.2666135 
-6.463704E-05 0.008279081 0.9999657 6.96304E-08 
0 0 0 1 
0.9999734 0.007303517 0 3.87615E-08 
-0.007303321 0.9999464 -0.007332383 0.2666135 
-5.355219E-05 0.007332187 0.9999731 6.447965E-08 
0 0 0 1 
0.9999769 0.006789716 0 3.569536E-08 
-0.006789578 0.9999565 -0.0063832 0.2666135 
-4.334011E-05 0.006383053 0.9999796 5.939711E-08 
0 0 0 1 
0.9999803 0.006267446 1.818989E-12 3.267135E-08 
-0.006267353 0.9999655 -0.005432183 0.2666135 
-3.404591E-05 0.005432075 0.9999852 5.43846E-08 
0 0 0 1 
0.9999835 0.00573852 0 2.96904E-08 
-0.005738463 0.9999734 -0.004479719 0.2666135 
-2.570696E-05 0.004479645 0.99999 4.944343E-08 
0 0 0 1 
0.9999865 0.005204756 -9.094947E-13 2.675338E-08 
-0.005204725 0.9999802 -0.003526205 0.2666135 
-1.835304E-05 0.003526157 0.9999938 4.457513E-08 
0 0 0 1 
0.9999891 0.004667966 -4.547474E-13 2.386128E-08 
-0.00466795 0.9999858 -0.002572035 0.2666135 
-1.200617E-05 0.002572007 0.9999967 3.978096E-08 
0 0 0 1 
0.9999915 0.004129963 2.273737E-13 2.10149E-08 
-0.004129958 0.9999901 -0.001617598 0.2666135 
-6.680621E-06 0.001617584 0.9999987 3.50629E-08 
0 0 0 1 
0.9999936 0.003592564 1.136868E-13 1.821513E-08 
-0.003592564 0.9999933 -0.0006632925 0.2666135 
-2.382921E-06 0.0006632882 0.9999998 3.042203E-08 
0 0 0 1 
0.9999954 0.003057584 0 1.546292E-08 
-0.003057584 0.9999952 0.0002904905 0.2666135 
8.881992E-07 -0.0002904891 0.9999999 2.585989E-08 
0 0 0 1 
0.9999968 0.002526835 0 1.275902E-08 
-0.002526833 0.9999959 0.001243359 0.2666135 
3.141763E-06 -0.001243355 0.9999992 2.137807E-08 
0 0 0 1 
0.999998 0.002002134 0 1.010454E-08 
-0.002002129 0.9999955 0.002194915 0.2666135 
4.394515E-06 -0.002194911 0.9999976 1.697794E-08 
0 0 0 1 
0.9999989 0.001485294 -2.273737E-13 7.500262E-09 
-0.001485287 0.9999939 0.00314477 0.2666135 
4.67091E-06 -0.003144766 0.9999951 1.266125E-08 
0 0 0 1 
0.9999995 0.0009781298 -2.273737E-13 4.947111E-09 
-0.0009781218 0.9999911 0.004092529 0.2666135 
4.003025E-06 -0.004092527 0.9999917 8.42897E-09 
0 0 0 1 
0.9999999 0.0004824576 0 2.446058E-09 
-0.0004824515 0.9999871 0.005037798 0.2666135 
2.430524E-06 -0.005037797 0.9999873 4.283208E-09 
0 0 0 1 
1 8.964007E-08 4.21377E-11 -2.188472E-12 
-8.963872E-08 0.9999821 0.005980184 0.2666135 
4.939272E-10 -0.005980183 0.9999821 2.251568E-10 
0 0 0 1 
</float_array>
          <technique_common>
            <accessor count="241" offset="0" source="#Chest_0_0-Matrix-animation-output-transform-array" stride="16">
              <param type="float4x4" />
            </accessor>
          </technique_common>
        </source>
        <source id="Chest_0_0-Interpolations">
          <Name_array id="Chest_0_0-Interpolations-array" count="241">LINEAR
LINEAR
LINEAR
LINEAR
LINEAR
LINEAR
LINEAR
LINEAR
LINEAR
LINEAR
LINEAR
LINEAR
LINEAR
LINEAR
LINEAR
LINEAR
LINEAR
LINEAR
LINEAR
LINEAR
LINEAR
LINEAR
LINEAR
LINEAR
LINEAR
LINEAR
LINEAR
LINEAR
LINEAR
LINEAR
LINEAR
LINEAR
LINEAR
LINEAR
LINEAR
LINEAR
LINEAR
LINEAR
LINEAR
LINEAR
LINEAR
LINEAR
LINEAR
LINEAR
LINEAR
LINEAR
LINEAR
LINEAR
LINEAR
LINEAR
LINEAR
LINEAR
LINEAR
LINEAR
LINEAR
LINEAR
LINEAR
LINEAR
LINEAR
LINEAR
LINEAR
LINEAR
LINEAR
LINEAR
LINEAR
LINEAR
LINEAR
LINEAR
LINEAR
LINEAR
LINEAR
LINEAR
LINEAR
LINEAR
LINEAR
LINEAR
LINEAR
LINEAR
LINEAR
LINEAR
LINEAR
LINEAR
LINEAR
LINEAR
LINEAR
LINEAR
LINEAR
LINEAR
LINEAR
LINEAR
LINEAR
LINEAR
LINEAR
LINEAR
LINEAR
LINEAR
LINEAR
LINEAR
LINEAR
LINEAR
LINEAR
LINEAR
LINEAR
LINEAR
LINEAR
LINEAR
LINEAR
LINEAR
LINEAR
LINEAR
LINEAR
LINEAR
LINEAR
LINEAR
LINEAR
LINEAR
LINEAR
LINEAR
LINEAR
LINEAR
LINEAR
LINEAR
LINEAR
LINEAR
LINEAR
LINEAR
LINEAR
LINEAR
LINEAR
LINEAR
LINEAR
LINEAR
LINEAR
LINEAR
LINEAR
LINEAR
LINEAR
LINEAR
LINEAR
LINEAR
LINEAR
LINEAR
LINEAR
LINEAR
LINEAR
LINEAR
LINEAR
LINEAR
LINEAR
LINEAR
LINEAR
LINEAR
LINEAR
LINEAR
LINEAR
LINEAR
LINEAR
LINEAR
LINEAR
LINEAR
LINEAR
LINEAR
LINEAR
LINEAR
LINEAR
LINEAR
LINEAR
LINEAR
LINEAR
LINEAR
LINEAR
LINEAR
LINEAR
LINEAR
LINEAR
LINEAR
LINEAR
LINEAR
LINEAR
LINEAR
LINEAR
LINEAR
LINEAR
LINEAR
LINEAR
LINEAR
