<?xml version="1.0" encoding="utf-8"?>
<COLLADA xmlns:xsi="http://www.w3.org/2001/XMLSchema-instance" xmlns:xsd="http://www.w3.org/2001/XMLSchema" version="1.4.1" xmlns="http://www.collada.org/2005/11/COLLADASchema">
  <asset>
    <created>2017-06-01T10:06:25.491168+03:00</created>
    <modified>2017-06-01T10:06:25.491168+03:00</modified>
    <unit meter="1" name="meter" />
    <up_axis>Y_UP</up_axis>
    <contributor>
      <authoring_tool>Skele: Character Animation Tools</authoring_tool>
      <comments>https://www.assetstore.unity3d.com/en/#!/content/16899</comments>
    </contributor>
    <revision>1.0</revision>
  </asset>
  <library_animation_clips>
    <animation_clip name="KamaraYawn" start="0" end="3.7333333492279053">
      <instance_animation url="KamaraYawn_0" />
    </animation_clip>
  </library_animation_clips>
  <library_animations>
    <animation id="KamaraYawn_0" name="KamaraYawn">
      <animation id="RightUpperArm_0_0-anim" name="RightUpperArm_0_0">
        <source id="RightUpperArm_0_0-Matrix-animation-input">
          <float_array id="RightUpperArm_0_0-Matrix-animation-input-array" count="225">0
0.01666667
0.03333334
0.05
0.06666667
0.08333334
0.1
0.1166667
0.1333333
0.15
0.1666667
0.1833333
0.2
0.2166667
0.2333333
0.25
0.2666667
0.2833334
0.3
0.3166667
0.3333334
0.3500001
0.3666668
0.3833334
0.4000001
0.4166668
0.4333335
0.4500002
0.4666668
0.4833335
0.5000002
0.5166668
0.5333335
0.5500001
0.5666668
0.5833334
0.6000001
0.6166667
0.6333334
0.65
0.6666667
0.6833333
0.7
0.7166666
0.7333333
0.7499999
0.7666666
0.7833332
0.7999999
0.8166665
0.8333332
0.8499998
0.8666665
0.8833331
0.8999998
0.9166664
0.9333331
0.9499997
0.9666664
0.9833331
0.9999997
1.016666
1.033333
1.05
1.066666
1.083333
1.1
1.116666
1.133333
1.15
1.166666
1.183333
1.2
1.216666
1.233333
1.25
1.266666
1.283333
1.299999
1.316666
1.333333
1.349999
1.366666
1.383333
1.399999
1.416666
1.433333
1.449999
1.466666
1.483333
1.499999
1.516666
1.533333
1.549999
1.566666
1.583333
1.599999
1.616666
1.633332
1.649999
1.666666
1.683332
1.699999
1.716666
1.733332
1.749999
1.766666
1.783332
1.799999
1.816666
1.833332
1.849999
1.866666
1.883332
1.899999
1.916666
1.933332
1.949999
1.966666
1.983332
1.999999
2.016665
2.033332
2.049999
2.066665
2.083332
2.099999
2.116665
2.133332
2.149999
2.166665
2.183332
2.199999
2.216665
2.233332
2.249999
2.266665
2.283332
2.299999
2.316665
2.333332
2.349998
2.366665
2.383332
2.399998
2.416665
2.433332
2.449998
2.466665
2.483332
2.499998
2.516665
2.533332
2.549998
2.566665
2.583332
2.599998
2.616665
2.633332
2.649998
2.666665
2.683331
2.699998
2.716665
2.733331
2.749998
2.766665
2.783331
2.799998
2.816665
2.833331
2.849998
2.866665
2.883331
2.899998
2.916665
2.933331
2.949998
2.966665
2.983331
2.999998
3.016665
3.033331
3.049998
3.066664
3.083331
3.099998
3.116664
3.133331
3.149998
3.166664
3.183331
3.199998
3.216664
3.233331
3.249998
3.266664
3.283331
3.299998
3.316664
3.333331
3.349998
3.366664
3.383331
3.399997
3.416664
3.433331
3.449997
3.466664
3.483331
3.499997
3.516664
3.533331
3.549997
3.566664
3.583331
3.599997
3.616664
3.633331
3.649997
3.666664
3.683331
3.699997
3.716664
3.73333
</float_array>
          <technique_common>
            <accessor count="225" offset="0" source="#RightUpperArm_0_0-Matrix-animation-input-array" stride="1">
              <param name="TIME" type="float" />
            </accessor>
          </technique_common>
        </source>
        <source id="RightUpperArm_0_0-Matrix-animation-output-transform">
          <float_array id="RightUpperArm_0_0-Matrix-animation-output-transform-array" count="3600">0.9705583 -0.225738 -0.08401113 -0.1932967 
-0.240836 -0.9148242 -0.3241816 0.2713284 
-0.003675329 0.3348701 -0.942257 -1.919049E-06 
0 0 0 1 
0.9682407 -0.2292709 -0.09971927 -0.1932967 
-0.2497836 -0.9043285 -0.3461181 0.2713284 
-0.01082419 0.3600339 -0.9328764 -1.919049E-06 
0 0 0 1 
0.9656814 -0.2324099 -0.1159488 -0.1932967 
-0.2591105 -0.8928176 -0.3684265 0.2713284 
-0.01789519 0.3858263 -0.9223979 -1.919049E-06 
0 0 0 1 
0.9629065 -0.2350313 -0.1325533 -0.1932967 
-0.2686933 -0.8802803 -0.3910371 0.2713284 
-0.02477808 0.4121484 -0.9107797 -1.919049E-06 
0 0 0 1 
0.9599499 -0.2370232 -0.1493831 -0.1932967 
-0.278408 -0.8667132 -0.4138798 0.2713284 
-0.03137318 0.4388934 -0.897991 -1.919049E-06 
0 0 0 1 
0.9568524 -0.2382883 -0.1662868 -0.1932967 
-0.2881308 -0.8521222 -0.4368844 0.2713284 
-0.03759224 0.4659463 -0.8840141 -1.919049E-06 
0 0 0 1 
0.9536614 -0.238744 -0.1831127 -0.1932967 
-0.2977395 -0.8365214 -0.4599808 0.2713284 
-0.04336 0.4931859 -0.8688424 -1.919049E-06 
0 0 0 1 
0.9504296 -0.2383247 -0.19971 -0.1932967 
-0.3071145 -0.8199359 -0.4830994 0.2713284 
-0.04861492 0.5204858 -0.852485 -1.919049E-06 
0 0 0 1 
0.9472131 -0.2369809 -0.2159315 -0.1932967 
-0.3161397 -0.8023999 -0.5061713 0.2713284 
-0.05331044 0.5477168 -0.8349635 -1.919049E-06 
0 0 0 1 
0.944071 -0.2346806 -0.2316335 -0.1932967 
-0.3247038 -0.7839573 -0.5291293 0.2713284 
-0.05741435 0.574748 -0.8163137 -1.919049E-06 
0 0 0 1 
0.9410623 -0.2314092 -0.2466794 -0.1932967 
-0.3327023 -0.7646618 -0.551907 0.2713284 
-0.06090991 0.6014497 -0.7965854 -1.919049E-06 
0 0 0 1 
0.9382452 -0.2271696 -0.2609389 -0.1932967 
-0.3400374 -0.7445756 -0.5744402 0.2713284 
-0.06379329 0.6276949 -0.7758412 -1.919049E-06 
0 0 0 1 
0.9356751 -0.2219798 -0.2742923 -0.1932967 
-0.3466196 -0.7237698 -0.5966669 0.2713284 
-0.06607649 0.6533616 -0.7541566 -1.919049E-06 
0 0 0 1 
0.9334028 -0.2158747 -0.2866296 -0.1932967 
-0.3523689 -0.7023242 -0.6185278 0.2713284 
-0.06778235 0.678335 -0.7316195 -1.919049E-06 
0 0 0 1 
0.9314733 -0.2089015 -0.297854 -0.1932967 
-0.3572157 -0.6803233 -0.6399662 0.2713284 
-0.06894714 0.7025096 -0.7083264 -1.919049E-06 
0 0 0 1 
0.929924 -0.2011211 -0.3078811 -0.1932967 
-0.3611012 -0.6578588 -0.6609291 0.2713284 
-0.0696155 0.7257901 -0.6843843 -1.919049E-06 
0 0 0 1 
0.9287848 -0.1926046 -0.3166408 -0.1932967 
-0.3639781 -0.6350274 -0.6813663 0.2713284 
-0.06984128 0.7480931 -0.6599081 -1.919049E-06 
0 0 0 1 
0.928076 -0.1834313 -0.3240788 -0.1932967 
-0.3658114 -0.6119275 -0.701232 0.2713284 
-0.06968483 0.7693484 -0.635017 -1.919049E-06 
0 0 0 1 
0.9278089 -0.1736873 -0.3301555 -0.1932967 
-0.3665784 -0.5886616 -0.7204843 0.2713284 
-0.06921087 0.7894996 -0.6098359 -1.919049E-06 
0 0 0 1 
0.9279849 -0.1634634 -0.3348477 -0.1932967 
-0.3662687 -0.5653322 -0.7390848 0.2713284 
-0.06848692 0.8085038 -0.5844917 -1.919049E-06 
0 0 0 1 
0.9285963 -0.1528525 -0.3381482 -0.1932967 
-0.3648847 -0.5420412 -0.7570008 0.2713284 
-0.06758079 0.8263333 -0.5591114 -1.919049E-06 
0 0 0 1 
0.9296266 -0.1419479 -0.3400653 -0.1932967 
-0.3624407 -0.5188893 -0.774203 0.2713284 
-0.06655978 0.8429734 -0.5338214 -1.919049E-06 
0 0 0 1 
0.9310511 -0.1308409 -0.3406225 -0.1932967 
-0.3589627 -0.4959743 -0.7906672 0.2713284 
-0.06548844 0.8584225 -0.5087449 -1.919049E-06 
0 0 0 1 
0.932838 -0.119621 -0.339858 -0.1932967 
-0.3544881 -0.4733906 -0.8063741 0.2713284 
-0.06442635 0.8726921 -0.4840012 -1.919049E-06 
0 0 0 1 
0.9349491 -0.1083713 -0.337824 -0.1932967 
-0.3490646 -0.4512265 -0.821309 0.2713284 
-0.06342884 0.8858046 -0.4597028 -1.919049E-06 
0 0 0 1 
0.937342 -0.0971707 -0.3345849 -0.1932967 
-0.3427497 -0.4295662 -0.835461 0.2713284 
-0.06254406 0.8977917 -0.435956 -1.919049E-06 
0 0 0 1 
0.9399704 -0.08609082 -0.3302167 -0.1932967 
-0.3356095 -0.4084868 -0.8488255 0.2713284 
-0.06181307 0.9086949 -0.4128587 -1.919049E-06 
0 0 0 1 
0.9427863 -0.07519539 -0.3248059 -0.1932967 
-0.327718 -0.3880583 -0.861401 0.2713284 
-0.06127024 0.9185619 -0.3904991 -1.919049E-06 
0 0 0 1 
0.9457404 -0.06454135 -0.3184471 -0.1932967 
-0.3191555 -0.368344 -0.8731908 0.2713284 
-0.06094118 0.9274461 -0.3689569 -1.919049E-06 
0 0 0 1 
0.9487845 -0.0541769 -0.3112426 -0.1932967 
-0.3100079 -0.3494001 -0.8842027 0.2713284 
-0.06084482 0.9354056 -0.348301 -1.919049E-06 
0 0 0 1 
0.9518716 -0.04414366 -0.3032998 -0.1932967 
-0.3003654 -0.3312747 -0.8944483 0.2713284 
-0.06099131 0.9425008 -0.3285905 -1.919049E-06 
0 0 0 1 
0.9549577 -0.03447418 -0.2947309 -0.1932967 
-0.2903214 -0.3140093 -0.9039422 0.2713284 
-0.06138558 0.9487934 -0.3098745 -1.919049E-06 
0 0 0 1 
0.9580022 -0.02519536 -0.2856504 -0.1932967 
-0.2799711 -0.2976387 -0.9127033 0.2713284 
-0.06202469 0.9543457 -0.2921927 -1.919049E-06 
0 0 0 1 
0.9609686 -0.01632682 -0.2761738 -0.1932967 
-0.2694104 -0.2821914 -0.9207529 0.2713284 
-0.0629009 0.9592187 -0.2755758 -1.919049E-06 
0 0 0 1 
0.9638252 -0.007882964 -0.2664168 -0.1932967 
-0.2587352 -0.2676905 -0.9281153 0.2713284 
-0.06400095 0.9634724 -0.2600467 -1.919049E-06 
0 0 0 1 
0.9665455 0.0001277252 -0.2564935 -0.1932967 
-0.2480397 -0.254154 -0.9348165 0.2713284 
-0.06530823 0.9671633 -0.24562 -1.919049E-06 
0 0 0 1 
0.969108 0.007699464 -0.2465148 -0.1932967 
-0.237416 -0.2415972 -0.9408849 0.2713284 
-0.06680159 0.9703457 -0.232306 -1.919049E-06 
0 0 0 1 
0.9714964 0.0148317 -0.2365879 -0.1932967 
-0.2269519 -0.2300315 -0.94635 0.2713284 
-0.06845864 0.9730698 -0.2201089 -1.919049E-06 
0 0 0 1 
0.9736995 0.02152543 -0.2268152 -0.1932967 
-0.2167319 -0.2194681 -0.9512419 0.2713284 
-0.0702546 0.9753819 -0.2090309 -1.919049E-06 
0 0 0 1 
0.9757106 0.02778444 -0.2172923 -0.1932967 
-0.2068339 -0.2099165 -0.9555913 0.2713284 
-0.07216381 0.9773241 -0.1990712 -1.919049E-06 
0 0 0 1 
0.9775275 0.03361326 -0.2081085 -0.1932967 
-0.1973303 -0.2013887 -0.9594285 0.2713284 
-0.07416023 0.978934 -0.1902302 -1.919049E-06 
0 0 0 1 
0.979152 0.03901772 -0.1993442 -0.1932967 
-0.1882851 -0.1938981 -0.9627836 0.2713284 
-0.07621808 0.9802451 -0.1825094 -1.919049E-06 
0 0 0 1 
0.9805889 0.04400351 -0.191071 -0.1932967 
-0.1797544 -0.1874614 -0.9656844 0.2713284 
-0.07831195 0.9812855 -0.175913 -1.919049E-06 
0 0 0 1 
0.9818463 0.04857608 -0.1833499 -0.1932967 
-0.1717842 -0.1821008 -0.9681578 0.2713284 
-0.08041745 0.9820789 -0.1704506 -1.919049E-06 
0 0 0 1 
0.9828736 0.05242625 -0.1766634 -0.1932967 
-0.1647679 -0.1792925 -0.9698998 0.2713284 
-0.08252262 0.9823975 -0.1675838 -1.919049E-06 
0 0 0 1 
0.9836538 0.05534011 -0.1713524 -0.1932967 
-0.1589635 -0.1801346 -0.9707121 0.2713284 
-0.08458582 0.9820836 -0.1683931 -1.919049E-06 
0 0 0 1 
0.9842531 0.05745532 -0.1671638 -0.1932967 
-0.1541203 -0.1841333 -0.9707429 0.2713284 
-0.08655476 0.9812202 -0.1723789 -1.919049E-06 
0 0 0 1 
0.9847387 0.05889655 -0.163768 -0.1932967 
-0.1499208 -0.1908324 -0.9701065 0.2713284 
-0.08838816 0.9798537 -0.1790905 -1.919049E-06 
0 0 0 1 
0.9851724 0.05978369 -0.1608116 -0.1932967 
-0.1460314 -0.1997818 -0.9688974 0.2713284 
-0.09005146 0.9780146 -0.1880895 -1.919049E-06 
0 0 0 1 
0.9856057 0.06023549 -0.1579625 -0.1932967 
-0.142147 -0.2105145 -0.967201 0.2713284 
-0.09151322 0.9757328 -0.1989221 -1.919049E-06 
0 0 0 1 
0.9860759 0.06036825 -0.1549483 -0.1932967 
-0.1380288 -0.2225373 -0.9651036 0.2713284 
-0.0927434 0.9730529 -0.2111063 -1.919049E-06 
0 0 0 1 
0.9866029 0.06029478 -0.1515858 -0.1932967 
-0.1335314 -0.2353265 -0.9626997 0.2713284 
-0.09371791 0.970044 -0.2241227 -1.919049E-06 
0 0 0 1 
0.9871875 0.06011738 -0.1478032 -0.1932967 
-0.1286238 -0.2483363 -0.9600963 0.2713284 
-0.09442337 0.9668062 -0.2374222 -1.919049E-06 
0 0 0 1 
0.9878121 0.05992275 -0.1436507 -0.1932967 
-0.1233969 -0.2610111 -0.9574166 0.2713284 
-0.09486544 0.9634739 -0.2504358 -1.919049E-06 
0 0 0 1 
0.9884444 0.05977369 -0.1392975 -0.1932967 
-0.1180592 -0.2727975 -0.9548003 0.2713284 
-0.0950719 0.9602125 -0.2625886 -1.919049E-06 
0 0 0 1 
0.9890419 0.05970911 -0.1350184 -0.1932967 
-0.1129222 -0.2831562 -0.9524028 0.2713284 
-0.09509839 0.957213 -0.2733111 -1.919049E-06 
0 0 0 1 
0.9895582 0.05974263 -0.1311655 -0.1932967 
-0.108371 -0.291568 -0.9503913 0.2713284 
-0.09502254 0.9546821 -0.2820495 -1.919049E-06 
0 0 0 1 
0.9899481 0.05987448 -0.1281285 -0.1932967 
-0.1048253 -0.297531 -0.9489399 0.2713284 
-0.09493947 0.9528325 -0.2882641 -1.919049E-06 
0 0 0 1 
0.9902453 0.05997325 -0.1257638 -0.1932967 
-0.1020768 -0.3020923 -0.9477977 0.2713284 
-0.09483477 0.9513898 -0.2930238 -1.919049E-06 
0 0 0 1 
0.9905129 0.05991359 -0.1236673 -0.1932967 
-0.09963743 -0.3066281 -0.9466 0.2713284 
-0.09463405 0.9499416 -0.2977497 -1.919049E-06 
0 0 0 1 
0.9907525 0.05970177 -0.1218368 -0.1932967 
-0.09750479 -0.3111346 -0.9453508 0.2713284 
-0.09434673 0.9484885 -0.3024364 -1.919049E-06 
0 0 0 1 
0.9909654 0.05934295 -0.1202704 -0.1932967 
-0.09567711 -0.3156056 -0.9440544 0.2713284 
-0.09398098 0.9470325 -0.3070768 -1.919049E-06 
0 0 0 1 
0.9911526 0.05884221 -0.1189667 -0.1932967 
-0.09415302 -0.3200356 -0.9427155 0.2713284 
-0.093545 0.9455762 -0.3116642 -1.919049E-06 
0 0 0 1 
0.9913148 0.05820665 -0.1179242 -0.1932967 
-0.09293049 -0.3244157 -0.9413387 0.2713284 
-0.09304861 0.9441217 -0.3161891 -1.919049E-06 
0 0 0 1 
0.9914522 0.05744082 -0.117142 -0.1932967 
-0.09200852 -0.3287376 -0.9399287 0.2713284 
-0.09249923 0.9426726 -0.3206428 -1.919049E-06 
0 0 0 1 
0.991565 0.05655064 -0.1166182 -0.1932967 
-0.09138507 -0.3329909 -0.9384912 0.2713284 
-0.09190507 0.9412323 -0.3250144 -1.919049E-06 
0 0 0 1 
0.9916533 0.0555431 -0.1163519 -0.1932967 
-0.09105814 -0.3371647 -0.9370316 0.2713284 
-0.09127538 0.9398054 -0.3292931 -1.919049E-06 
0 0 0 1 
0.9917167 0.0544233 -0.1163407 -0.1932967 
-0.09102526 -0.3412476 -0.9355556 0.2713284 
-0.090617 0.9383962 -0.3334673 -1.919049E-06 
0 0 0 1 
0.9917548 0.05319795 -0.1165828 -0.1932967 
-0.09128362 -0.3452272 -0.9340692 0.2713284 
-0.08993813 0.9370098 -0.337525 -1.919049E-06 
0 0 0 1 
0.9917668 0.051874 -0.1170756 -0.1932967 
-0.09182946 -0.3490903 -0.9325787 0.2713284 
-0.08924655 0.9356517 -0.3414528 -1.919049E-06 
0 0 0 1 
0.9917522 0.05045824 -0.1178157 -0.1932967 
-0.09265836 -0.352823 -0.931091 0.2713284 
-0.08854926 0.9343282 -0.3452379 -1.919049E-06 
0 0 0 1 
0.9917102 0.0489571 -0.1187989 -0.1932967 
-0.09376521 -0.3564114 -0.9296123 0.2713284 
-0.08785238 0.9330453 -0.3488666 -1.919049E-06 
0 0 0 1 
0.9916397 0.04737981 -0.1200208 -0.1932967 
-0.09514346 -0.3598402 -0.9281502 0.2713284 
-0.08716387 0.9318098 -0.3523242 -1.919049E-06 
0 0 0 1 
0.9915399 0.04573219 -0.1214754 -0.1932967 
-0.09678625 -0.3630951 -0.9267117 0.2713284 
-0.08648766 0.9306288 -0.3555973 -1.919049E-06 
0 0 0 1 
0.9914098 0.04402444 -0.1231565 -0.1932967 
-0.09868485 -0.3661604 -0.9253043 0.2713284 
-0.08583102 0.9295095 -0.3586708 -1.919049E-06 
0 0 0 1 
0.9912486 0.0422642 -0.1250561 -0.1932967 
-0.1008298 -0.3690206 -0.9239355 0.2713284 
-0.08519769 0.9284593 -0.3615299 -1.919049E-06 
0 0 0 1 
0.9910554 0.04046149 -0.1271659 -0.1932967 
-0.1032102 -0.3716606 -0.9226137 0.2713284 
-0.08459288 0.9274862 -0.3641604 -1.919049E-06 
0 0 0 1 
0.9908295 0.03862552 -0.1294759 -0.1932967 
-0.105814 -0.3740642 -0.9213465 0.2713284 
-0.08401975 0.9265979 -0.366547 -1.919049E-06 
0 0 0 1 
0.9905705 0.03676736 -0.1319749 -0.1932967 
-0.1086274 -0.3762158 -0.9201421 0.2713284 
-0.08348225 0.9258019 -0.3686746 -1.919049E-06 
0 0 0 1 
0.9902779 0.03489733 -0.134651 -0.1932967 
-0.111636 -0.3781007 -0.9190087 0.2713284 
-0.08298258 0.9251061 -0.3705293 -1.919049E-06 
0 0 0 1 
0.9899518 0.03302678 -0.1374904 -0.1932967 
-0.1148233 -0.3797035 -0.9179547 0.2713284 
-0.08252268 0.9245182 -0.3720962 -1.919049E-06 
0 0 0 1 
0.9895926 0.03116817 -0.1404786 -0.1932967 
-0.1181716 -0.3810088 -0.9169884 0.2713284 
-0.08210441 0.9240456 -0.3733606 -1.919049E-06 
0 0 0 1 
0.9892006 0.02933349 -0.1435992 -0.1932967 
-0.1216621 -0.3820028 -0.916118 0.2713284 
-0.08172821 0.9236953 -0.3743089 -1.919049E-06 
0 0 0 1 
0.9887772 0.02753647 -0.146835 -0.1932967 
-0.1252741 -0.3826712 -0.9153519 0.2713284 
-0.08139509 0.9234738 -0.3749273 -1.919049E-06 
0 0 0 1 
0.9883237 0.02578964 -0.1501672 -0.1932967 
-0.1289862 -0.3830007 -0.9146984 0.2713284 
-0.08110386 0.9233877 -0.3752024 -1.919049E-06 
0 0 0 1 
0.9878423 0.02410784 -0.1535759 -0.1932967 
-0.1327751 -0.3829785 -0.9141652 0.2713284 
-0.08085483 0.9234422 -0.3751217 -1.919049E-06 
0 0 0 1 
0.9873354 0.02250456 -0.1570395 -0.1932967 
-0.1366165 -0.3825926 -0.9137607 0.2713284 
-0.08064593 0.9236426 -0.3746731 -1.919049E-06 
0 0 0 1 
0.9868063 0.0209948 -0.1605356 -0.1932967 
-0.140485 -0.3818315 -0.9134924 0.2713284 
-0.08047615 0.9239931 -0.3738445 -1.919049E-06 
0 0 0 1 
0.9862585 0.01959425 -0.1640404 -0.1932967 
-0.1443535 -0.3806848 -0.9133679 0.2713284 
-0.08034445 0.9244969 -0.3726254 -1.919049E-06 
0 0 0 1 
0.9856966 0.01831668 -0.1675286 -0.1932967 
-0.1481946 -0.3791427 -0.9133944 0.2713284 
-0.08024756 0.9251567 -0.3710056 -1.919049E-06 
0 0 0 1 
0.9851252 0.01717847 -0.1709742 -0.1932967 
-0.1519792 -0.3771962 -0.9135783 0.2713284 
-0.08018467 0.9259737 -0.368975 -1.919049E-06 
0 0 0 1 
0.9845501 0.01619434 -0.1743498 -0.1932967 
-0.1556777 -0.3748375 -0.9139262 0.2713284 
-0.08015327 0.9269487 -0.3665255 -1.919049E-06 
0 0 0 1 
0.9839773 0.01537939 -0.1776269 -0.1932967 
-0.1592594 -0.3720599 -0.914444 0.2713284 
-0.08015144 0.928081 -0.3636495 -1.919049E-06 
0 0 0 1 
0.9834132 0.01474922 -0.1807764 -0.1932967 
-0.1626932 -0.3688569 -0.9151368 0.2713284 
-0.08017818 0.9293687 -0.3603394 -1.919049E-06 
0 0 0 1 
0.982865 0.01431801 -0.1837676 -0.1932967 
-0.165947 -0.365223 -0.9160096 0.2713284 
-0.08023159 0.9308096 -0.3565892 -1.919049E-06 
0 0 0 1 
0.9823401 0.01410069 -0.1865693 -0.1932967 
-0.168988 -0.3611543 -0.9170663 0.2713284 
-0.08031157 0.9323991 -0.3523937 -1.919049E-06 
0 0 0 1 
0.9818463 0.01411066 -0.1891499 -0.1932967 
-0.171784 -0.3566471 -0.9183098 0.2713284 
-0.08041772 0.9341322 -0.347749 -1.919049E-06 
0 0 0 1 
0.9813924 0.01444656 -0.1914661 -0.1932967 
-0.1743103 -0.3511433 -0.9199533 0.2713284 
-0.08052218 0.9362099 -0.3420915 -1.919049E-06 
0 0 0 1 
0.9809871 0.01518136 -0.1934758 -0.1932967 
-0.1765453 -0.3441914 -0.9221518 0.2713284 
-0.08059223 0.9387764 -0.3349673 -1.919049E-06 
0 0 0 1 
0.9806384 0.01628785 -0.1951462 -0.1932967 
-0.1784581 -0.3359499 -0.9248191 0.2713284 
-0.08062265 0.9417387 -0.3265389 -1.919049E-06 
0 0 0 1 
0.9803539 0.01773573 -0.1964453 -0.1932967 
-0.1800196 -0.3265798 -0.9278678 0.2713284 
-0.08061144 0.9450029 -0.3169713 -1.919049E-06 
0 0 0 1 
0.9801399 0.01949069 -0.197345 -0.1932967 
-0.1812048 -0.3162423 -0.9312117 0.2713284 
-0.08055881 0.9484776 -0.3064302 -1.919049E-06 
0 0 0 1 
0.9800006 0.02151571 -0.1978256 -0.1932967 
-0.1819959 -0.3051035 -0.9347669 0.2713284 
-0.08046945 0.9520757 -0.2950861 -1.919049E-06 
0 0 0 1 
0.9799382 0.02377116 -0.1978765 -0.1932967 
-0.1823839 -0.2933279 -0.9384534 0.2713284 
-0.08035083 0.955716 -0.283108 -1.919049E-06 
0 0 0 1 
0.9799517 0.02621389 -0.1975005 -0.1932967 
-0.1823719 -0.281082 -0.942196 0.2713284 
-0.08021244 0.9593253 -0.2706665 -1.919049E-06 
0 0 0 1 
0.9800373 0.02879906 -0.1967141 -0.1932967 
-0.181976 -0.2685317 -0.9459257 0.2713284 
-0.08006573 0.96284 -0.2579306 -1.919049E-06 
0 0 0 1 
0.9801877 0.03148092 -0.1955505 -0.1932967 
-0.1812271 -0.2558411 -0.9495798 0.2713284 
-0.07992351 0.9662057 -0.2450673 -1.919049E-06 
0 0 0 1 
0.9803925 0.03421297 -0.1940595 -0.1932967 
-0.1801717 -0.2431711 -0.9531034 0.2713284 
-0.07979814 0.9693795 -0.2322391 -1.919049E-06 
0 0 0 1 
0.980638 0.03694959 -0.1923091 -0.1932967 
-0.1788733 -0.2306779 -0.9564476 0.2713284 
-0.07970178 0.9723279 -0.2196025 -1.919049E-06 
0 0 0 1 
0.9809081 0.03964628 -0.1903852 -0.1932967 
-0.1774121 -0.2185111 -0.9595717 0.2713284 
-0.07964474 0.9750283 -0.2073058 -1.919049E-06 
0 0 0 1 
0.9811838 0.04226152 -0.1883917 -0.1932967 
-0.1758851 -0.2068122 -0.9624411 0.2713284 
-0.07963593 0.977467 -0.1954878 -1.919049E-06 
0 0 0 1 
0.9814441 0.04475512 -0.1864501 -0.1932967 
-0.1744064 -0.1957134 -0.9650279 0.2713284 
-0.0796807 0.9796391 -0.1842763 -1.919049E-06 
0 0 0 1 
0.981666 0.04709112 -0.1846978 -0.1932967 
-0.1731056 -0.1853347 -0.9673084 0.2713284 
-0.07978252 0.9815462 -0.1737852 -1.919049E-06 
0 0 0 1 
0.9818251 0.04923542 -0.1832877 -0.1932967 
-0.1721275 -0.1757843 -0.9692637 0.2713284 
-0.07994118 0.9831964 -0.1641147 -1.919049E-06 
0 0 0 1 
0.9818948 0.05115777 -0.1823859 -0.1932967 
-0.1716302 -0.1671552 -0.9708771 0.2713284 
-0.08015464 0.9846021 -0.1553488 -1.919049E-06 
0 0 0 1 
0.9818463 0.05282856 -0.1821701 -0.1932967 
-0.1717841 -0.1595278 -0.9721323 0.2713284 
-0.08041752 0.9857786 -0.1475569 -1.919049E-06 
0 0 0 1 
0.9816796 0.0544419 -0.1825932 -0.1932967 
-0.1725596 -0.1523162 -0.973151 0.2713284 
-0.08079208 0.9868309 -0.1401313 -1.919049E-06 
0 0 0 1 
0.9814265 0.05619225 -0.1834219 -0.1932967 
-0.1737476 -0.1449379 -0.974066 0.2713284 
-0.08131975 0.9878434 -0.1324828 -1.919049E-06 
0 0 0 1 
0.9811019 0.05805208 -0.1845751 -0.1932967 
-0.1752701 -0.1374628 -0.9748766 0.2713284 
-0.08196582 0.9888039 -0.1246903 -1.919049E-06 
0 0 0 1 
0.9807186 0.05999193 -0.1859869 -0.1932967 
-0.177063 -0.1299555 -0.975582 0.2713284 
-0.08269704 0.9897029 -0.1168275 -1.919049E-06 
0 0 0 1 
0.9802861 0.06198004 -0.1876079 -0.1932967 
-0.1790782 -0.122479 -0.9761813 0.2713284 
-0.08348177 0.9905335 -0.1089653 -1.919049E-06 
0 0 0 1 
0.9798118 0.06398365 -0.189404 -0.1932967 
-0.1812811 -0.115095 -0.976673 0.2713284 
-0.08429054 0.9912913 -0.1011724 -1.919049E-06 
0 0 0 1 
0.9793009 0.0659682 -0.1913555 -0.1932967 
-0.1836507 -0.1078623 -0.9770557 0.2713284 
-0.08509466 0.9919743 -0.09351455 -1.919049E-06 
0 0 0 1 
0.978756 0.0678982 -0.1934572 -0.1932967 
-0.1861792 -0.1008398 -0.9773272 0.2713284 
-0.08586694 0.9925827 -0.08605646 -1.919049E-06 
0 0 0 1 
0.9781775 0.06973676 -0.1957158 -0.1932967 
-0.1888694 -0.09408578 -0.9774845 0.2713284 
-0.08658069 0.9931182 -0.07886147 -1.919049E-06 
0 0 0 1 
0.9775639 0.07144646 -0.1981497 -0.1932967 
-0.1917348 -0.08765908 -0.9775242 0.2713284 
-0.08721027 0.9935846 -0.07199358 -1.919049E-06 
0 0 0 1 
0.9769117 0.07298912 -0.2007864 -0.1932967 
-0.1947969 -0.08161994 -0.9774416 0.2713284 
-0.08773077 0.9939869 -0.06551754 -1.919049E-06 
0 0 0 1 
0.9762155 0.07432543 -0.2036615 -0.1932967 
-0.1980845 -0.07603249 -0.9772315 0.2713284 
-0.08811805 0.9943309 -0.05950141 -1.919049E-06 
0 0 0 1 
0.9754683 0.0754156 -0.2068167 -0.1932967 
-0.2016309 -0.07096538 -0.9768874 0.2713284 
-0.08834936 0.9946235 -0.05401849 -1.919049E-06 
0 0 0 1 
0.9746612 0.07621797 -0.2102983 -0.1932967 
-0.2054736 -0.06649467 -0.976401 0.2713284 
-0.08840302 0.9948711 -0.04914903 -1.919049E-06 
0 0 0 1 
0.9737844 0.07668947 -0.2141534 -0.1932967 
-0.2096501 -0.06270608 -0.9757637 0.2713284 
-0.08825951 0.9950809 -0.04498422 -1.919049E-06 
0 0 0 1 
0.9728266 0.0767838 -0.2184301 -0.1932967 
-0.2141979 -0.05969796 -0.9749642 0.2713284 
-0.08790129 0.9952585 -0.04162883 -1.919049E-06 
0 0 0 1 
0.9717761 0.07645258 -0.2231709 -0.1932967 
-0.2191489 -0.05758486 -0.9739906 0.2713284 
-0.08731534 0.9954086 -0.03920507 -1.919049E-06 
0 0 0 1 
0.9706211 0.07564231 -0.2284118 -0.1932967 
-0.2245278 -0.05650017 -0.9728282 0.2713284 
-0.08649229 0.9955326 -0.03785658 -1.919049E-06 
0 0 0 1 
0.9693736 0.07452345 -0.2340086 -0.1932967 
-0.2302172 -0.05606363 -0.971523 0.2713284 
-0.08552059 0.9956418 -0.03719008 -1.919049E-06 
0 0 0 1 
0.968051 0.07330288 -0.2397977 -0.1932967 
-0.236087 -0.05579767 -0.9701286 0.2713284 
-0.08449336 0.9957473 -0.03670919 -1.919049E-06 
0 0 0 1 
0.9666499 0.07198061 -0.2457761 -0.1932967 
-0.2421341 -0.05570791 -0.9686421 0.2713284 
-0.08341512 0.9958487 -0.03642118 -1.919049E-06 
0 0 0 1 
0.9651669 0.0705549 -0.2519402 -0.1932967 
-0.2483551 -0.05580137 -0.9670604 0.2713284 
-0.08228946 0.9959455 -0.03633511 -1.919049E-06 
0 0 0 1 
0.9635991 0.06902468 -0.2582853 -0.1932967 
-0.254745 -0.05608533 -0.9653805 0.2713284 
-0.08112108 0.9960368 -0.03646016 -1.919049E-06 
0 0 0 1 
0.9619435 0.06738845 -0.2648067 -0.1932967 
-0.2612993 -0.05656729 -0.9635988 0.2713284 
-0.07991482 0.9961216 -0.0368061 -1.919049E-06 
0 0 0 1 
0.960197 0.06564333 -0.2714989 -0.1932967 
-0.2680128 -0.05725668 -0.9617124 0.2713284 
-0.07867512 0.9961987 -0.03738451 -1.919049E-06 
0 0 0 1 
0.9583572 0.06378757 -0.2783554 -0.1932967 
-0.2748792 -0.05816171 -0.959718 0.2713284 
-0.07740768 0.9962669 -0.03820586 -1.919049E-06 
0 0 0 1 
0.9564214 0.06181895 -0.2853693 -0.1932967 
-0.281892 -0.05929229 -0.9576122 0.2713284 
-0.07611879 0.9963242 -0.03928208 -1.919049E-06 
0 0 0 1 
0.9543874 0.0597338 -0.2925331 -0.1932967 
-0.2890442 -0.06065855 -0.9553921 0.2713284 
-0.07481381 0.9963693 -0.04062616 -1.919049E-06 
0 0 0 1 
0.9522533 0.05752952 -0.2998383 -0.1932967 
-0.2963282 -0.06227002 -0.953054 0.2713284 
-0.07349967 0.9963995 -0.04224932 -1.919049E-06 
0 0 0 1 
0.9500176 0.05520216 -0.3072757 -0.1932967 
-0.3037354 -0.06413803 -0.9505951 0.2713284 
-0.07218295 0.9964127 -0.04416537 -1.919049E-06 
0 0 0 1 
0.9476788 0.05274864 -0.3148358 -0.1932967 
-0.3112574 -0.06627259 -0.9480119 0.2713284 
-0.07087133 0.9964058 -0.04638683 -1.919049E-06 
0 0 0 1 
0.9452363 0.05016408 -0.3225074 -0.1932967 
-0.3188842 -0.06868479 -0.9453017 0.2713284 
-0.06957153 0.996376 -0.04892695 -1.919049E-06 
0 0 0 1 
0.9426897 0.04744453 -0.3302792 -0.1932967 
-0.326606 -0.07138512 -0.9424609 0.2713284 
-0.06829163 0.9963194 -0.05179834 -1.919049E-06 
0 0 0 1 
0.940039 0.04458601 -0.3381388 -0.1932967 
-0.3344118 -0.07438466 -0.9394869 0.2713284 
-0.06704031 0.996232 -0.05501449 -1.919049E-06 
0 0 0 1 
0.9372852 0.04158312 -0.3460731 -0.1932967 
-0.3422903 -0.07769403 -0.9363764 0.2713284 
-0.06582526 0.9961093 -0.05858802 -1.919049E-06 
0 0 0 1 
0.9344293 0.03843123 -0.354068 -0.1932967 
-0.3502294 -0.08132323 -0.9331269 0.2713284 
-0.06465515 0.9959463 -0.06253111 -1.919049E-06 
0 0 0 1 
0.9314736 0.03512532 -0.3621085 -0.1932967 
-0.3582165 -0.08528253 -0.9297353 0.2713284 
-0.06353877 0.9957371 -0.06685602 -1.919049E-06 
0 0 0 1 
0.9284205 0.03166065 -0.3701788 -0.1932967 
-0.3662379 -0.08958205 -0.9261991 0.2713284 
-0.06248543 0.9954758 -0.07157456 -1.919049E-06 
0 0 0 1 
0.9252735 0.02803143 -0.3782625 -0.1932967 
-0.3742799 -0.09423085 -0.9225156 0.2713284 
-0.06150342 0.9951553 -0.07669782 -1.919049E-06 
0 0 0 1 
0.9220368 0.02423321 -0.3863419 -0.1932967 
-0.3823278 -0.09923811 -0.9186822 0.2713284 
-0.06060247 0.9947681 -0.08223616 -1.919049E-06 
0 0 0 1 
0.9187155 0.02026037 -0.3943988 -0.1932967 
-0.3903663 -0.1046119 -0.9146968 0.2713284 
-0.05979092 0.9943063 -0.08819973 -1.919049E-06 
0 0 0 1 
0.9153157 0.01610888 -0.4024139 -0.1932967 
-0.3983793 -0.1103602 -0.9105572 0.2713284 
-0.05907854 0.9937608 -0.09459709 -1.919049E-06 
0 0 0 1 
0.9118438 0.01177355 -0.4103675 -0.1932967 
-0.4063506 -0.1164897 -0.9062611 0.2713284 
-0.05847351 0.9931217 -0.1014362 -1.919049E-06 
0 0 0 1 
0.9083076 0.007250247 -0.418239 -0.1932967 
-0.4142633 -0.123007 -0.9018064 0.2713284 
-0.05798466 0.9923788 -0.1087248 -1.919049E-06 
0 0 0 1 
0.9047158 0.002534716 -0.4260072 -0.1932967 
-0.4220999 -0.1299176 -0.8971918 0.2713284 
-0.05761994 0.9915212 -0.1164687 -1.919049E-06 
0 0 0 1 
0.9010779 -0.002376451 -0.4336499 -0.1932967 
-0.4298423 -0.1372256 -0.892415 0.2713284 
-0.05738707 0.9905366 -0.1246725 -1.919049E-06 
0 0 0 1 
0.8974044 -0.007485774 -0.4411447 -0.1932967 
-0.4374722 -0.144935 -0.887475 0.2713284 
-0.05729385 0.9894125 -0.1333401 -1.919049E-06 
0 0 0 1 
0.8937064 -0.01279629 -0.4484688 -0.1932967 
-0.4449711 -0.153048 -0.8823699 0.2713284 
-0.05734618 0.9881355 -0.142474 -1.919049E-06 
0 0 0 1 
0.8899966 -0.01830912 -0.4555986 -0.1932967 
-0.4523197 -0.1615667 -0.8770992 0.2713284 
-0.05755062 0.9866917 -0.1520755 -1.919049E-06 
0 0 0 1 
0.8862879 -0.024025 -0.4625104 -0.1932967 
-0.4594986 -0.1704911 -0.8716615 0.2713284 
-0.05791224 0.985066 -0.1621438 -1.919049E-06 
0 0 0 1 
0.8825943 -0.02994402 -0.4691799 -0.1932967 
-0.4664886 -0.1798206 -0.8660557 0.2713284 
-0.05843503 0.9832431 -0.1726773 -1.919049E-06 
0 0 0 1 
0.8789307 -0.03606467 -0.4755834 -0.1932967 
-0.47327 -0.1895537 -0.8602818 0.2713284 
-0.05912278 0.9812075 -0.183673 -1.919049E-06 
0 0 0 1 
0.8753124 -0.04238484 -0.481696 -0.1932967 
-0.479823 -0.1996866 -0.8543389 0.2713284 
-0.0599772 0.9789423 -0.1951254 -1.919049E-06 
0 0 0 1 
0.8717554 -0.04890091 -0.487494 -0.1932967 
-0.4861281 -0.2102155 -0.8482267 0.2713284 
-0.06099971 0.976431 -0.2070289 -1.919049E-06 
0 0 0 1 
0.8682768 -0.05560832 -0.4929527 -0.1932967 
-0.4921655 -0.2211348 -0.8419455 0.2713284 
-0.06218983 0.9736561 -0.2193749 -1.919049E-06 
0 0 0 1 
0.8648932 -0.06250075 -0.4980488 -0.1932967 
-0.4979163 -0.2324377 -0.8354949 0.2713284 
-0.06354629 0.9706007 -0.2321541 -1.919049E-06 
0 0 0 1 
0.8616225 -0.0695709 -0.5027584 -0.1932967 
-0.503361 -0.244116 -0.8288757 0.2713284 
-0.0650657 0.9672469 -0.2453554 -1.919049E-06 
0 0 0 1 
0.8584819 -0.07680959 -0.5070586 -0.1932967 
-0.5084812 -0.25616 -0.822088 0.2713284 
-0.06674389 0.9635775 -0.2589652 -1.919049E-06 
0 0 0 1 
0.8554896 -0.08420631 -0.5109268 -0.1932967 
-0.5132584 -0.2685593 -0.8151327 0.2713284 
-0.06857484 0.9595752 -0.2729695 -1.919049E-06 
0 0 0 1 
0.852663 -0.09174941 -0.5143415 -0.1932967 
-0.517675 -0.281302 -0.8080108 0.2713284 
-0.07055075 0.9552228 -0.2873524 -1.919049E-06 
0 0 0 1 
0.8500199 -0.09942473 -0.5172816 -0.1932967 
-0.5217139 -0.2943747 -0.8007233 0.2713284 
-0.07266292 0.9505038 -0.3020959 -1.919049E-06 
0 0 0 1 
0.8475773 -0.1072174 -0.5197273 -0.1932967 
-0.5253586 -0.3077633 -0.7932715 0.2713284 
-0.07490049 0.9454023 -0.3171811 -1.919049E-06 
0 0 0 1 
0.845352 -0.115111 -0.5216596 -0.1932967 
-0.5285937 -0.321452 -0.785657 0.2713284 
-0.0772507 0.9399029 -0.3325875 -1.919049E-06 
0 0 0 1 
0.8433602 -0.1230867 -0.5230609 -0.1932967 
-0.5314044 -0.3354239 -0.7778816 0.2713284 
-0.07970022 0.9339913 -0.3482923 -1.919049E-06 
0 0 0 1 
0.8416169 -0.1311253 -0.5239145 -0.1932967 
-0.5337769 -0.3496617 -0.7699471 0.2713284 
-0.08223328 0.9276541 -0.3642732 -1.919049E-06 
0 0 0 1 
0.8401366 -0.1392054 -0.5242057 -0.1932967 
-0.5356985 -0.3641463 -0.7618558 0.2713284 
-0.08483316 0.9208794 -0.3805051 -1.919049E-06 
0 0 0 1 
0.8389323 -0.1473043 -0.5239211 -0.1932967 
-0.5371579 -0.3788577 -0.7536098 0.2713284 
-0.0874816 0.9136561 -0.3969619 -1.919049E-06 
0 0 0 1 
0.838016 -0.1553984 -0.5230487 -0.1932967 
-0.5381446 -0.3937756 -0.745212 0.2713284 
-0.09015907 0.9059755 -0.4136175 -1.919049E-06 
0 0 0 1 
0.8373981 -0.1634628 -0.521578 -0.1932967 
-0.5386496 -0.4088779 -0.7366648 0.2713284 
-0.09284444 0.8978296 -0.430443 -1.919049E-06 
0 0 0 1 
0.8370875 -0.1714716 -0.519501 -0.1932967 
-0.5386652 -0.4241427 -0.7279714 0.2713284 
-0.09551617 0.889213 -0.4474107 -1.919049E-06 
0 0 0 1 
0.8370915 -0.1793987 -0.5168105 -0.1932967 
-0.5381851 -0.439547 -0.7191347 0.2713284 
-0.09815066 0.8801215 -0.4644912 -1.919049E-06 
0 0 0 1 
0.8374156 -0.1872154 -0.5135025 -0.1932967 
-0.5372043 -0.4550673 -0.7101585 0.2713284 
-0.1007255 0.8705537 -0.4816539 -1.919049E-06 
0 0 0 1 
0.8380632 -0.1948948 -0.5095738 -0.1932967 
-0.5357198 -0.4706793 -0.7010456 0.2713284 
-0.1032156 0.8605094 -0.4988684 -1.919049E-06 
0 0 0 1 
0.839036 -0.2024084 -0.5050235 -0.1932967 
-0.5337294 -0.4863589 -0.6918003 0.2713284 
-0.1055965 0.8499914 -0.5161043 -1.919049E-06 
0 0 0 1 
0.8403334 -0.2097272 -0.4998536 -0.1932967 
-0.5312331 -0.502081 -0.6824263 0.2713284 
-0.1078437 0.8390044 -0.5333299 -1.919049E-06 
0 0 0 1 
0.841953 -0.2168239 -0.4940667 -0.1932967 
-0.5282323 -0.5178211 -0.6729276 0.2713284 
-0.1099314 0.8275554 -0.5505148 -1.919049E-06 
0 0 0 1 
0.8438901 -0.2236698 -0.4876686 -0.1932967 
-0.5247298 -0.5335543 -0.6633085 0.2713284 
-0.1118356 0.8156539 -0.5676278 -1.919049E-06 
0 0 0 1 
0.846138 -0.2302375 -0.4806668 -0.1932967 
-0.5207305 -0.5492551 -0.6535735 0.2713284 
-0.1135316 0.8033112 -0.5846378 -1.919049E-06 
0 0 0 1 
0.8486878 -0.2365001 -0.4730709 -0.1932967 
-0.5162404 -0.5648991 -0.643727 0.2713284 
-0.1149958 0.7905416 -0.6015143 -1.919049E-06 
0 0 0 1 
0.8515286 -0.2424318 -0.4648926 -0.1932967 
-0.5112675 -0.5804619 -0.6337737 0.2713284 
-0.1162055 0.7773611 -0.6182279 -1.919049E-06 
0 0 0 1 
0.8546476 -0.2480076 -0.4561459 -0.1932967 
-0.5058212 -0.5959191 -0.6237187 0.2713284 
-0.117139 0.763788 -0.6347489 -1.919049E-06 
0 0 0 1 
0.85803 -0.2532053 -0.4468454 -0.1932967 
-0.4999127 -0.6112465 -0.613567 0.2713284 
-0.1177743 0.7498428 -0.6510488 -1.919049E-06 
0 0 0 1 
0.8616592 -0.2580021 -0.4370098 -0.1932967 
-0.4935548 -0.6264215 -0.6033236 0.2713284 
-0.1180935 0.7355478 -0.6671006 -1.919049E-06 
0 0 0 1 
0.8655171 -0.2623781 -0.4266581 -0.1932967 
-0.4867614 -0.6414212 -0.5929937 0.2713284 
-0.118079 0.720927 -0.682877 -1.919049E-06 
0 0 0 1 
0.8695835 -0.2663162 -0.4158116 -0.1932967 
-0.4795486 -0.6562235 -0.5825831 0.2713284 
-0.117714 0.7060067 -0.6983534 -1.919049E-06 
0 0 0 1 
0.8738378 -0.2697995 -0.4044934 -0.1932967 
-0.471933 -0.6708081 -0.5720972 0.2713284 
-0.1169859 0.690814 -0.7135054 -1.919049E-06 
0 0 0 1 
0.8782574 -0.2728149 -0.392728 -0.1932967 
-0.4639336 -0.6851543 -0.5615415 0.2713284 
-0.1158824 0.6753778 -0.7283104 -1.919049E-06 
0 0 0 1 
0.882819 -0.275351 -0.3805414 -0.1932967 
-0.4555697 -0.6992429 -0.5509221 0.2713284 
-0.1143938 0.6597276 -0.7427471 -1.919049E-06 
0 0 0 1 
0.8874983 -0.2773993 -0.3679616 -0.1932967 
-0.4468631 -0.713056 -0.5402443 0.2713284 
-0.1125138 0.6438944 -0.7567961 -1.919049E-06 
0 0 0 1 
0.8922708 -0.2789533 -0.3550172 -0.1932967 
-0.4378352 -0.7265769 -0.5295149 0.2713284 
-0.1102373 0.6279098 -0.7704396 -1.919049E-06 
0 0 0 1 
0.8971111 -0.2800099 -0.3417387 -0.1932967 
-0.4285103 -0.7397892 -0.5187392 0.2713284 
-0.1075625 0.6118054 -0.7836608 -1.919049E-06 
0 0 0 1 
0.9019943 -0.2805682 -0.3281569 -0.1932967 
-0.4189121 -0.7526787 -0.5079239 0.2713284 
-0.1044894 0.5956135 -0.7964459 -1.919049E-06 
0 0 0 1 
0.906895 -0.2806305 -0.3143043 -0.1932967 
-0.4090663 -0.7652325 -0.4970751 0.2713284 
-0.1010214 0.5793663 -0.8087826 -1.919049E-06 
0 0 0 1 
0.9117885 -0.2802013 -0.3002138 -0.1932967 
-0.3989989 -0.7774381 -0.4861988 0.2713284 
-0.09716413 0.5630955 -0.8206597 -1.919049E-06 
0 0 0 1 
0.9166501 -0.2792881 -0.2859194 -0.1932967 
-0.388737 -0.7892853 -0.4753016 0.2713284 
-0.09292585 0.5468328 -0.8320689 -1.919049E-06 
0 0 0 1 
0.9214564 -0.2779019 -0.2714555 -0.1932967 
-0.3783087 -0.8007648 -0.4643899 0.2713284 
-0.08831713 0.530609 -0.8430032 -1.919049E-06 
0 0 0 1 
0.9261847 -0.2760541 -0.2568568 -0.1932967 
-0.3677413 -0.8118687 -0.45347 0.2713284 
-0.08335172 0.5144538 -0.8534574 -1.919049E-06 
0 0 0 1 
0.9308132 -0.2737612 -0.2421587 -0.1932967 
-0.3570644 -0.8225907 -0.4425485 0.2713284 
-0.07804487 0.4983963 -0.8634292 -1.919049E-06 
0 0 0 1 
0.9353217 -0.2710407 -0.2273968 -0.1932967 
-0.3463068 -0.8329253 -0.431632 0.2713284 
-0.07241473 0.4824639 -0.8729171 -1.919049E-06 
0 0 0 1 
0.9396916 -0.267913 -0.2126061 -0.1932967 
-0.3354981 -0.8428695 -0.4207269 0.2713284 
-0.06648107 0.4666825 -0.8819224 -1.919049E-06 
0 0 0 1 
0.9439056 -0.2644 -0.1978231 -0.1932967 
-0.3246678 -0.8524209 -0.4098399 0.2713284 
-0.06026685 0.451077 -0.8904478 -1.919049E-06 
0 0 0 1 
0.947948 -0.2605269 -0.1830827 -0.1932967 
-0.3138463 -0.8615782 -0.3989775 0.2713284 
-0.05379562 0.4356699 -0.8984976 -1.919049E-06 
0 0 0 1 
0.9518057 -0.2563193 -0.1684204 -0.1932967 
-0.3030629 -0.8703417 -0.3881463 0.2713284 
-0.0470939 0.4204819 -0.9060777 -1.919049E-06 
0 0 0 1 
0.9554667 -0.2518058 -0.153871 -0.1932967 
-0.2923478 -0.8787134 -0.377353 0.2713284 
-0.04018887 0.4055322 -0.913197 -1.919049E-06 
0 0 0 1 
0.9589214 -0.2470162 -0.1394696 -0.1932967 
-0.2817312 -0.8866953 -0.366604 0.2713284 
-0.03310988 0.3908375 -0.919864 -1.919049E-06 
0 0 0 1 
0.9621623 -0.2419817 -0.1252498 -0.1932967 
-0.2712425 -0.894292 -0.355906 0.2713284 
-0.02588714 0.3764125 -0.9260905 -1.919049E-06 
0 0 0 1 
0.965184 -0.2367349 -0.111245 -0.1932967 
-0.2609112 -0.901508 -0.3452655 0.2713284 
-0.01855191 0.3622698 -0.9318886 -1.919049E-06 
0 0 0 1 
0.9679831 -0.2313088 -0.09748885 -0.1932967 
-0.2507664 -0.9083494 -0.3346892 0.2713284 
-0.01113737 0.3484205 -0.937272 -1.919049E-06 
0 0 0 1 
0.9705579 -0.2257389 -0.08401343 -0.1932967 
-0.2408377 -0.9148232 -0.3241834 0.2713284 
-0.003676623 0.3348724 -0.9422562 -1.919049E-06 
0 0 0 1 
</float_array>
          <technique_common>
            <accessor count="225" offset="0" source="#RightUpperArm_0_0-Matrix-animation-output-transform-array" stride="16">
              <param type="float4x4" />
            </accessor>
          </technique_common>
        </source>
        <source id="RightUpperArm_0_0-Interpolations">
          <Name_array id="RightUpperArm_0_0-Interpolations-array" count="225">LINEAR
LINEAR
LINEAR
LINEAR
LINEAR
LINEAR
LINEAR
LINEAR
LINEAR
LINEAR
LINEAR
LINEAR
LINEAR
LINEAR
LINEAR
LINEAR
LINEAR
LINEAR
LINEAR
LINEAR
LINEAR
LINEAR
LINEAR
LINEAR
LINEAR
LINEAR
LINEAR
LINEAR
LINEAR
LINEAR
LINEAR
LINEAR
LINEAR
LINEAR
LINEAR
LINEAR
LINEAR
LINEAR
LINEAR
LINEAR
LINEAR
LINEAR
LINEAR
LINEAR
LINEAR
LINEAR
LINEAR
LINEAR
LINEAR
LINEAR
LINEAR
LINEAR
LINEAR
LINEAR
LINEAR
LINEAR
LINEAR
LINEAR
LINEAR
LINEAR
LINEAR
LINEAR
LINEAR
LINEAR
LINEAR
LINEAR
LINEAR
LINEAR
LINEAR
LINEAR
LINEAR
LINEAR
LINEAR
LINEAR
LINEAR
LINEAR
LINEAR
LINEAR
LINEAR
LINEAR
LINEAR
LINEAR
LINEAR
LINEAR
LINEAR
LINEAR
LINEAR
LINEAR
LINEAR
LINEAR
LINEAR
LINEAR
LINEAR
LINEAR
LINEAR
LINEAR
LINEAR
LINEAR
LINEAR
LINEAR
LINEAR
LINEAR
LINEAR
LINEAR
LINEAR
LINEAR
LINEAR
LINEAR
LINEAR
LINEAR
LINEAR
LINEAR
LINEAR
LINEAR
LINEAR
LINEAR
LINEAR
LINEAR
LINEAR
LINEAR
LINEAR
LINEAR
LINEAR
LINEAR
LINEAR
LINEAR
LINEAR
LINEAR
LINEAR
LINEAR
LINEAR
LINEAR
LINEAR
LINEAR
LINEAR
LINEAR
LINEAR
LINEAR
LINEAR
LINEAR
LINEAR
LINEAR
LINEAR
LINEAR
LINEAR
LINEAR
LINEAR
LINEAR
LINEAR
LINEAR
LINEAR
LINEAR
LINEAR
LINEAR
LINEAR
LINEAR
LINEAR
LINEAR
LINEAR
LINEAR
LINEAR
LINEAR
LINEAR
LINEAR
LINEAR
LINEAR
LINEAR
LINEAR
LINEAR
LINEAR
LINEAR
LINEAR
LINEAR
LINEAR
LINEAR
LINEAR
LINEAR
LINEAR
LINEAR
LINEAR
LINEAR
LINEAR
LINEAR
LINEAR
LINEAR
LINEAR
LINEAR
LINEAR
LINEAR
LINEAR
LINEAR
LINEAR
LINEAR
LINEAR
LINEAR
LINEAR
LINEAR
LINEAR
LINEAR
LINEAR
LINEAR
LINEAR
LINEAR
LINEAR
LINEAR
LINEAR
LINEAR
LINEAR
LINEAR
LINEAR
LINEAR
LINEAR
LINEAR
LINEAR
LINEAR
LINEAR
LINEAR
LINEAR
LINEAR
LINEAR
LINEAR
LINEAR
LINEAR
LINEAR
LINEAR</Name_array>
          <technique_common>
            <accessor count="225" offset="0" source="#RightUpperArm_0_0-Interpolations-array" stride="1">
              <param type="name" />
            </accessor>
          </technique_common>
        </source>
        <sampler id="RightUpperArm_0_0-Matrix-animation-transform">
          <input semantic="INPUT" source="#RightUpperArm_0_0-Matrix-animation-input" />
          <input semantic="OUTPUT" source="#RightUpperArm_0_0-Matrix-animation-output-transform" />
          <input semantic="INTERPOLATION" source="#RightUpperArm_0_0-Interpolations" />
        </sampler>
        <channel source="#RightUpperArm_0_0-Matrix-animation-transform" target="RightUpperArm/matrix" />
      </animation>
      <animation id="RightLowerArm_0_1-anim" name="RightLowerArm_0_1">
        <source id="RightLowerArm_0_1-Matrix-animation-input">
          <float_array id="RightLowerArm_0_1-Matrix-animation-input-array" count="225">0
0.01666667
0.03333334
0.05
0.06666667
0.08333334
0.1
0.1166667
0.1333333
0.15
0.1666667
0.1833333
0.2
0.2166667
0.2333333
0.25
0.2666667
0.2833334
0.3
0.3166667
0.3333334
0.3500001
0.3666668
0.3833334
0.4000001
0.4166668
0.4333335
0.4500002
0.4666668
0.4833335
0.5000002
0.5166668
0.5333335
0.5500001
0.5666668
0.5833334
0.6000001
0.6166667
0.6333334
0.65
0.6666667
0.6833333
0.7
0.7166666
0.7333333
0.7499999
0.7666666
0.7833332
0.7999999
0.8166665
0.8333332
0.8499998
0.8666665
0.8833331
0.8999998
0.9166664
0.9333331
0.9499997
0.9666664
0.9833331
0.9999997
1.016666
1.033333
1.05
1.066666
1.083333
1.1
1.116666
1.133333
1.15
1.166666
1.183333
1.2
1.216666
1.233333
1.25
1.266666
1.283333
1.299999
1.316666
1.333333
1.349999
1.366666
1.383333
1.399999
1.416666
1.433333
1.449999
1.466666
1.483333
1.499999
1.516666
1.533333
1.549999
1.566666
1.583333
1.599999
1.616666
1.633332
1.649999
1.666666
1.683332
1.699999
1.716666
1.733332
