<?xml version="1.0" encoding="utf-8"?>
<COLLADA xmlns:xsi="http://www.w3.org/2001/XMLSchema-instance" xmlns:xsd="http://www.w3.org/2001/XMLSchema" version="1.4.1" xmlns="http://www.collada.org/2005/11/COLLADASchema">
  <asset>
    <created>2017-06-01T10:06:23.3311325+03:00</created>
    <modified>2017-06-01T10:06:23.3311325+03:00</modified>
    <unit meter="1" name="meter" />
    <up_axis>Y_UP</up_axis>
    <contributor>
      <authoring_tool>Skele: Character Animation Tools</authoring_tool>
      <comments>https://www.assetstore.unity3d.com/en/#!/content/16899</comments>
    </contributor>
    <revision>1.0</revision>
  </asset>
  <library_animation_clips>
    <animation_clip name="KamaraThumbUp" start="0" end="2.9166667461395264">
      <instance_animation url="KamaraThumbUp_0" />
    </animation_clip>
  </library_animation_clips>
  <library_animations>
    <animation id="KamaraThumbUp_0" name="KamaraThumbUp">
      <animation id="Chest_0_0-anim" name="Chest_0_0">
        <source id="Chest_0_0-Matrix-animation-input">
          <float_array id="Chest_0_0-Matrix-animation-input-array" count="176">0
0.01666667
0.03333334
0.05
0.06666667
0.08333334
0.1
0.1166667
0.1333333
0.15
0.1666667
0.1833333
0.2
0.2166667
0.2333333
0.25
0.2666667
0.2833334
0.3
0.3166667
0.3333334
0.3500001
0.3666668
0.3833334
0.4000001
0.4166668
0.4333335
0.4500002
0.4666668
0.4833335
0.5000002
0.5166668
0.5333335
0.5500001
0.5666668
0.5833334
0.6000001
0.6166667
0.6333334
0.65
0.6666667
0.6833333
0.7
0.7166666
0.7333333
0.7499999
0.7666666
0.7833332
0.7999999
0.8166665
0.8333332
0.8499998
0.8666665
0.8833331
0.8999998
0.9166664
0.9333331
0.9499997
0.9666664
0.9833331
0.9999997
1.016666
1.033333
1.05
1.066666
1.083333
1.1
1.116666
1.133333
1.15
1.166666
1.183333
1.2
1.216666
1.233333
1.25
1.266666
1.283333
1.299999
1.316666
1.333333
1.349999
1.366666
1.383333
1.399999
1.416666
1.433333
1.449999
1.466666
1.483333
1.499999
1.516666
1.533333
1.549999
1.566666
1.583333
1.599999
1.616666
1.633332
1.649999
1.666666
1.683332
1.699999
1.716666
1.733332
1.749999
1.766666
1.783332
1.799999
1.816666
1.833332
1.849999
1.866666
1.883332
1.899999
1.916666
1.933332
1.949999
1.966666
1.983332
1.999999
2.016665
2.033332
2.049999
2.066665
2.083332
2.099999
2.116665
2.133332
2.149999
2.166665
2.183332
2.199999
2.216665
2.233332
2.249999
2.266665
2.283332
2.299999
2.316665
2.333332
2.349998
2.366665
2.383332
2.399998
2.416665
2.433332
2.449998
2.466665
2.483332
2.499998
2.516665
2.533332
2.549998
2.566665
2.583332
2.599998
2.616665
2.633332
2.649998
2.666665
2.683331
2.699998
2.716665
2.733331
2.749998
2.766665
2.783331
2.799998
2.816665
2.833331
2.849998
2.866665
2.883331
2.899998
2.916665
</float_array>
          <technique_common>
            <accessor count="176" offset="0" source="#Chest_0_0-Matrix-animation-input-array" stride="1">
              <param name="TIME" type="float" />
            </accessor>
          </technique_common>
        </source>
        <source id="Chest_0_0-Matrix-animation-output-transform">
          <float_array id="Chest_0_0-Matrix-animation-output-transform-array" count="2816">1 0 0 -2.642279E-12 
0 0.9999821 0.005980359 0.2666135 
0 -0.005980358 0.9999821 2.243303E-10 
0 0 0 1 
1 0 0 4.84127E-09 
0 0.9999884 0.004802621 0.2666135 
0 -0.00480262 0.9999885 8.253576E-09 
0 0 0 1 
1 0 0 9.79122E-09 
0 0.9999934 0.003599094 0.2666135 
0 -0.003599094 0.9999935 1.645859E-08 
0 0 0 1 
1 0 0 1.48436E-08 
0 0.9999971 0.002370658 0.2666135 
0 -0.002370658 0.9999972 2.483339E-08 
0 0 0 1 
1 0 0 1.999478E-08 
0 0.9999993 0.001118194 0.2666135 
0 -0.001118193 0.9999994 3.337196E-08 
0 0 0 1 
1 0 0 2.524116E-08 
0 0.9999999 -0.0001574173 0.2666135 
0 0.0001574172 1 4.206833E-08 
0 0 0 1 
1 0 0 3.057911E-08 
0 0.9999989 -0.001455295 0.2666135 
0 0.001455295 0.9999989 5.09165E-08 
0 0 0 1 
1 0 0 3.600503E-08 
0 0.9999961 -0.002774558 0.2666135 
0 0.002774558 0.9999961 5.991049E-08 
0 0 0 1 
1 0 0 4.151531E-08 
0 0.9999915 -0.004114327 0.2666135 
0 0.004114326 0.9999915 6.90443E-08 
0 0 0 1 
1 0 0 4.710631E-08 
0 0.999985 -0.005473713 0.2666135 
0 0.005473712 0.999985 7.831192E-08 
0 0 0 1 
1 0 0 5.277444E-08 
0 0.9999765 -0.006851843 0.2666135 
0 0.006851842 0.9999765 8.770738E-08 
0 0 0 1 
1 0 0 5.851606E-08 
0 0.9999659 -0.008247832 0.2666135 
0 0.008247831 0.999966 9.722467E-08 
0 0 0 1 
1 0 0 6.432759E-08 
0 0.9999533 -0.009660794 0.2666135 
0 0.009660793 0.9999533 1.068578E-07 
0 0 0 1 
1 0 0 7.020537E-08 
0 0.9999384 -0.01108985 0.2666135 
0 0.01108985 0.9999385 1.166008E-07 
0 0 0 1 
1 0 0 7.614582E-08 
0 0.9999214 -0.01253412 0.2666135 
0 0.01253412 0.9999214 1.264477E-07 
0 0 0 1 
1 0 0 8.214532E-08 
0 0.999902 -0.01399272 0.2666135 
0 0.01399272 0.9999021 1.363924E-07 
0 0 0 1 
1 0 0 8.820025E-08 
0 0.9998804 -0.01546476 0.2666135 
0 0.01546476 0.9998804 1.46429E-07 
0 0 0 1 
1 0 0 9.4307E-08 
0 0.9998563 -0.01694937 0.2666135 
0 0.01694937 0.9998564 1.565516E-07 
0 0 0 1 
1 0 0 1.004619E-07 
0 0.9998298 -0.01844566 0.2666135 
0 0.01844566 0.9998299 1.66754E-07 
0 0 0 1 
1 0 0 1.066615E-07 
0 0.9998009 -0.01995274 0.2666135 
0 0.01995274 0.9998009 1.770303E-07 
0 0 0 1 
1 0 0 1.12902E-07 
0 0.9997694 -0.02146974 0.2666135 
0 0.02146974 0.9997695 1.873745E-07 
0 0 0 1 
1 0 0 1.191798E-07 
0 0.9997355 -0.02299577 0.2666135 
0 0.02299576 0.9997355 1.977806E-07 
0 0 0 1 
1 0 0 1.254914E-07 
0 0.9996991 -0.02452994 0.2666135 
0 0.02452994 0.9996991 2.082427E-07 
0 0 0 1 
1 0 0 1.318331E-07 
0 0.99966 -0.02607138 0.2666135 
0 0.02607138 0.9996601 2.187547E-07 
0 0 0 1 
1 0 0 1.382014E-07 
0 0.9996185 -0.02761921 0.2666135 
0 0.0276192 0.9996185 2.293107E-07 
0 0 0 1 
1 0 0 1.445925E-07 
0 0.9995743 -0.02917252 0.2666135 
0 0.02917252 0.9995744 2.399046E-07 
0 0 0 1 
1 0 0 1.510029E-07 
0 0.9995276 -0.03073046 0.2666135 
0 0.03073046 0.9995277 2.505304E-07 
0 0 0 1 
1 0 0 1.57429E-07 
0 0.9994784 -0.03229213 0.2666135 
0 0.03229212 0.9994785 2.611822E-07 
0 0 0 1 
1 0 0 1.638671E-07 
0 0.9994267 -0.03385664 0.2666135 
0 0.03385664 0.9994267 2.71854E-07 
0 0 0 1 
1 0 0 1.703136E-07 
0 0.9993724 -0.03542313 0.2666135 
0 0.03542313 0.9993724 2.825398E-07 
0 0 0 1 
1 0 0 1.76765E-07 
0 0.9993156 -0.03699069 0.2666135 
0 0.03699069 0.9993156 2.932336E-07 
0 0 0 1 
1 0 0 1.832176E-07 
0 0.9992563 -0.03855845 0.2666135 
0 0.03855845 0.9992564 3.039293E-07 
0 0 0 1 
1 0 0 1.896677E-07 
0 0.9991946 -0.04012554 0.2666135 
0 0.04012554 0.9991946 3.14621E-07 
0 0 0 1 
1 0 0 1.961118E-07 
0 0.9991305 -0.04169106 0.2666135 
0 0.04169106 0.9991305 3.253028E-07 
0 0 0 1 
1 0 0 2.025463E-07 
0 0.999064 -0.04325414 0.2666135 
0 0.04325414 0.9990641 3.359686E-07 
0 0 0 1 
1 0 0 2.089676E-07 
0 0.9989953 -0.04481389 0.2666135 
0 0.04481389 0.9989954 3.466124E-07 
0 0 0 1 
1 0 0 2.15372E-07 
0 0.9989243 -0.04636945 0.2666135 
0 0.04636944 0.9989244 3.572283E-07 
0 0 0 1 
1 0 0 2.217558E-07 
0 0.9988511 -0.0479199 0.2666135 
0 0.0479199 0.9988512 3.678101E-07 
0 0 0 1 
1 0 0 2.281156E-07 
0 0.9987758 -0.0494644 0.2666135 
0 0.04946439 0.9987759 3.783521E-07 
0 0 0 1 
1 0 0 2.344477E-07 
0 0.9986985 -0.05100204 0.2666135 
0 0.05100204 0.9986985 3.888481E-07 
0 0 0 1 
1 0 0 2.407484E-07 
0 0.9986192 -0.05253195 0.2666135 
0 0.05253195 0.9986193 3.992921E-07 
0 0 0 1 
1 0 0 2.470142E-07 
0 0.998538 -0.05405327 0.2666135 
0 0.05405326 0.9985381 4.096783E-07 
0 0 0 1 
1 0 0 2.532414E-07 
0 0.998455 -0.05556508 0.2666135 
0 0.05556507 0.998455 4.200005E-07 
0 0 0 1 
1 0 0 2.594265E-07 
0 0.9983703 -0.05706654 0.2666135 
0 0.05706654 0.9983703 4.302528E-07 
0 0 0 1 
1 0 0 2.655658E-07 
0 0.998284 -0.05855676 0.2666135 
0 0.05855675 0.9982841 4.404293E-07 
0 0 0 1 
1 0 0 2.716556E-07 
0 0.9981962 -0.06003485 0.2666135 
0 0.06003485 0.9981963 4.505238E-07 
0 0 0 1 
1 0 0 2.776925E-07 
0 0.998107 -0.06149994 0.2666135 
0 0.06149994 0.9981071 4.605305E-07 
0 0 0 1 
1 0 0 2.836727E-07 
0 0.9980165 -0.06295116 0.2666135 
0 0.06295115 0.9980166 4.704432E-07 
0 0 0 1 
1 0 0 2.895927E-07 
0 0.9979249 -0.06438763 0.2666135 
0 0.06438763 0.997925 4.802561E-07 
0 0 0 1 
1 0 0 2.954488E-07 
0 0.9978322 -0.06580848 0.2666135 
0 0.06580847 0.9978323 4.899631E-07 
0 0 0 1 
1 0 0 3.012374E-07 
0 0.9977386 -0.06721281 0.2666135 
0 0.0672128 0.9977387 4.995583E-07 
0 0 0 1 
1 0 0 3.069549E-07 
0 0.9976442 -0.06859976 0.2666135 
0 0.06859975 0.9976442 5.090357E-07 
0 0 0 1 
1 0 0 3.125977E-07 
0 0.9975491 -0.06996848 0.2666135 
0 0.06996847 0.9975492 5.183892E-07 
0 0 0 1 
1 0 0 3.181622E-07 
0 0.9974536 -0.07131805 0.2666135 
0 0.07131804 0.9974536 5.276128E-07 
0 0 0 1 
1 0 0 3.236447E-07 
0 0.9973576 -0.07264762 0.2666135 
0 0.07264761 0.9973577 5.367007E-07 
0 0 0 1 
1 0 0 3.290417E-07 
0 0.9972614 -0.07395632 0.2666135 
0 0.07395631 0.9972615 5.456467E-07 
0 0 0 1 
1 0 0 3.343496E-07 
0 0.9971651 -0.07524327 0.2666135 
0 0.07524326 0.9971652 5.54445E-07 
0 0 0 1 
1 0 0 3.395646E-07 
0 0.9970689 -0.07650761 0.2666135 
0 0.07650761 0.997069 5.630894E-07 
0 0 0 1 
1 0 0 3.446833E-07 
0 0.9969729 -0.07774846 0.2666135 
0 0.07774846 0.996973 5.71574E-07 
0 0 0 1 
1 0 0 3.497019E-07 
0 0.9968773 -0.07896496 0.2666135 
0 0.07896495 0.9968774 5.798929E-07 
0 0 0 1 
1 0 0 3.546169E-07 
0 0.9967822 -0.08015621 0.2666135 
0 0.0801562 0.9967823 5.8804E-07 
0 0 0 1 
1 0 0 3.594247E-07 
0 0.9966879 -0.08132137 0.2666135 
0 0.08132136 0.9966879 5.960093E-07 
0 0 0 1 
1 0 0 3.641216E-07 
0 0.9965944 -0.08245952 0.2666135 
0 0.08245952 0.9965944 6.037948E-07 
0 0 0 1 
1 0 0 3.68704E-07 
0 0.9965019 -0.08356986 0.2666135 
0 0.08356985 0.9965019 6.113906E-07 
0 0 0 1 
1 0 0 3.731683E-07 
0 0.9964105 -0.08465149 0.2666135 
0 0.08465149 0.9964106 6.187908E-07 
0 0 0 1 
1 0 0 3.77511E-07 
0 0.9963206 -0.08570352 0.2666135 
0 0.08570351 0.9963207 6.259891E-07 
0 0 0 1 
1 0 0 3.817283E-07 
0 0.9962322 -0.0867251 0.2666135 
0 0.08672509 0.9962323 6.329797E-07 
0 0 0 1 
1 0 0 3.858167E-07 
0 0.9961455 -0.08771537 0.2666135 
0 0.08771536 0.9961456 6.397565E-07 
0 0 0 1 
1 0 0 3.897725E-07 
0 0.9960607 -0.08867346 0.2666135 
0 0.08867345 0.9960607 6.463138E-07 
0 0 0 1 
1 0 0 3.935922E-07 
0 0.9959779 -0.08959848 0.2666135 
0 0.08959847 0.995978 6.526452E-07 
0 0 0 1 
1 0 0 3.972721E-07 
0 0.9958974 -0.09048957 0.2666135 
0 0.09048957 0.9958974 6.58745E-07 
0 0 0 1 
1 0 0 4.008086E-07 
0 0.9958192 -0.09134589 0.2666135 
0 0.09134588 0.9958192 6.646071E-07 
0 0 0 1 
1 0 0 4.041981E-07 
0 0.9957436 -0.09216653 0.2666135 
0 0.09216652 0.9957436 6.702255E-07 
0 0 0 1 
1 0 0 4.074369E-07 
0 0.9956707 -0.09295065 0.2666135 
0 0.09295064 0.9956707 6.755942E-07 
0 0 0 1 
1 0 0 4.105216E-07 
0 0.9956006 -0.09369738 0.2666135 
0 0.09369738 0.9956007 6.807073E-07 
0 0 0 1 
1 0 0 4.134484E-07 
0 0.9955338 -0.09440584 0.2666135 
0 0.09440584 0.9955338 6.855587E-07 
0 0 0 1 
1 0 0 4.162137E-07 
0 0.99547 -0.0950752 0.2666135 
0 0.09507519 0.9954701 6.901425E-07 
0 0 0 1 
1 0 0 4.188139E-07 
0 0.9954097 -0.09570452 0.2666135 
0 0.09570451 0.9954098 6.944525E-07 
0 0 0 1 
1 0 0 4.212454E-07 
0 0.995353 -0.09629299 0.2666135 
0 0.09629298 0.995353 6.984831E-07 
0 0 0 1 
1 0 0 4.235046E-07 
0 0.9952999 -0.09683973 0.2666135 
0 0.09683973 0.9953 7.022279E-07 
0 0 0 1 
1 0 0 4.25588E-07 
0 0.9952508 -0.09734388 0.2666135 
0 0.09734387 0.9952508 7.056811E-07 
0 0 0 1 
1 0 0 4.274917E-07 
0 0.9952056 -0.09780455 0.2666135 
0 0.09780454 0.9952056 7.088368E-07 
0 0 0 1 
1 0 0 4.292122E-07 
0 0.9951646 -0.09822088 0.2666135 
0 0.09822087 0.9951646 7.116888E-07 
0 0 0 1 
1 0 0 4.307461E-07 
0 0.9951279 -0.098592 0.2666135 
0 0.09859199 0.9951279 7.142312E-07 
0 0 0 1 
1 0 0 4.320895E-07 
0 0.9950956 -0.09891704 0.2666135 
0 0.09891703 0.9950957 7.164581E-07 
0 0 0 1 
1 0 0 4.332389E-07 
0 0.995068 -0.09919515 0.2666135 
0 0.09919514 0.995068 7.183634E-07 
0 0 0 1 
1 0 0 4.341907E-07 
0 0.9950449 -0.09942542 0.2666135 
0 0.09942541 0.995045 7.199411E-07 
0 0 0 1 
1 0 0 4.349413E-07 
0 0.9950268 -0.099607 0.2666135 
0 0.09960699 0.9950268 7.211852E-07 
0 0 0 1 
1 0 0 4.35487E-07 
0 0.9950136 -0.09973903 0.2666135 
0 0.09973902 0.9950137 7.220898E-07 
0 0 0 1 
1 0 0 4.358243E-07 
0 0.9950054 -0.09982062 0.2666135 
0 0.09982061 0.9950054 7.226488E-07 
0 0 0 1 
1 0 0 4.359495E-07 
0 0.9950023 -0.09985092 0.2666135 
0 0.09985091 0.9950024 7.228563E-07 
0 0 0 1 
1 0 0 4.35859E-07 
0 0.9950045 -0.09982902 0.2666135 
0 0.09982901 0.9950046 7.227063E-07 
0 0 0 1 
1 0 0 4.355412E-07 
0 0.9950123 -0.09975217 0.2666135 
0 0.09975216 0.9950123 7.221799E-07 
0 0 0 1 
1 0 0 4.349903E-07 
0 0.9950256 -0.09961886 0.2666135 
0 0.09961885 0.9950257 7.212665E-07 
0 0 0 1 
1 0 0 4.342102E-07 
0 0.9950445 -0.09943014 0.2666135 
0 0.09943014 0.9950445 7.199735E-07 
0 0 0 1 
1 0 0 4.332052E-07 
0 0.9950687 -0.09918702 0.2666135 
0 0.09918701 0.9950688 7.183077E-07 
0 0 0 1 
1 0 0 4.319797E-07 
0 0.9950982 -0.09889051 0.2666135 
0 0.0988905 0.9950983 7.162762E-07 
0 0 0 1 
1 0 0 4.305378E-07 
0 0.9951329 -0.09854161 0.2666135 
0 0.0985416 0.9951329 7.138861E-07 
0 0 0 1 
1 0 0 4.288837E-07 
0 0.9951724 -0.09814139 0.2666135 
0 0.09814139 0.9951725 7.111444E-07 
0 0 0 1 
1 0 0 4.270218E-07 
0 0.9952167 -0.09769086 0.2666135 
0 0.09769085 0.9952168 7.080581E-07 
0 0 0 1 
1 0 0 4.249562E-07 
0 0.9952657 -0.09719103 0.2666135 
0 0.09719102 0.9952657 7.046341E-07 
0 0 0 1 
1 0 0 4.226912E-07 
0 0.9953191 -0.09664291 0.2666135 
0 0.0966429 0.9953191 7.008797E-07 
0 0 0 1 
1 0 0 4.202311E-07 
0 0.9953767 -0.09604753 0.2666135 
0 0.09604752 0.9953768 6.968018E-07 
0 0 0 1 
1 0 0 4.1758E-07 
0 0.9954384 -0.09540589 0.2666135 
0 0.09540588 0.9954385 6.924074E-07 
0 0 0 1 
1 0 0 4.147423E-07 
0 0.995504 -0.09471905 0.2666135 
0 0.09471904 0.995504 6.877036E-07 
0 0 0 1 
1 0 0 4.117221E-07 
0 0.9955733 -0.093988 0.2666135 
0 0.09398799 0.9955733 6.826974E-07 
0 0 0 1 
1 0 0 4.085238E-07 
0 0.9956461 -0.09321376 0.2666135 
0 0.09321375 0.9956461 6.773959E-07 
0 0 0 1 
1 0 0 4.051515E-07 
0 0.9957222 -0.09239736 0.2666135 
0 0.09239735 0.9957222 6.71806E-07 
0 0 0 1 
1 0 0 4.016095E-07 
0 0.9958013 -0.09153982 0.2666135 
0 0.09153981 0.9958014 6.659348E-07 
0 0 0 1 
1 0 0 3.979021E-07 
0 0.9958835 -0.09064213 0.2666135 
0 0.09064212 0.9958835 6.597894E-07 
0 0 0 1 
1 0 0 3.940334E-07 
0 0.9959683 -0.08970533 0.2666135 
0 0.08970532 0.9959683 6.533767E-07 
0 0 0 1 
1 0 0 3.900078E-07 
0 0.9960556 -0.08873042 0.2666135 
0 0.08873041 0.9960557 6.467038E-07 
0 0 0 1 
1 0 0 3.858294E-07 
0 0.9961452 -0.08771846 0.2666135 
0 0.08771845 0.9961453 6.397777E-07 
0 0 0 1 
1 0 0 3.815025E-07 
0 0.996237 -0.08667041 0.2666135 
0 0.08667041 0.996237 6.326055E-07 
0 0 0 1 
1 0 0 3.770314E-07 
0 0.9963306 -0.08558734 0.2666135 
0 0.08558733 0.9963307 6.251942E-07 
0 0 0 1 
1 0 0 3.724203E-07 
0 0.9964259 -0.08447026 0.2666135 
0 0.08447025 0.996426 6.175509E-07 
0 0 0 1 
1 0 0 3.676734E-07 
0 0.9965228 -0.08332016 0.2666135 
0 0.08332016 0.9965228 6.096824E-07 
0 0 0 1 
1 0 0 3.62795E-07 
0 0.9966209 -0.0821381 0.2666135 
0 0.08213809 0.996621 6.01596E-07 
0 0 0 1 
1 0 0 3.577893E-07 
0 0.9967201 -0.08092505 0.2666135 
0 0.08092504 0.9967202 5.932986E-07 
0 0 0 1 
1 0 0 3.526606E-07 
0 0.9968203 -0.07968207 0.2666135 
0 0.07968206 0.9968203 5.847973E-07 
0 0 0 1 
1 0 0 3.474131E-07 
0 0.9969211 -0.07841019 0.2666135 
0 0.07841018 0.9969212 5.760991E-07 
0 0 0 1 
1 0 0 3.420511E-07 
0 0.9970225 -0.07711039 0.2666135 
0 0.07711039 0.9970226 5.67211E-07 
0 0 0 1 
1 0 0 3.365787E-07 
0 0.9971242 -0.07578372 0.2666135 
0 0.07578371 0.9971243 5.5814E-07 
0 0 0 1 
1 0 0 3.310003E-07 
0 0.9972261 -0.07443121 0.2666135 
0 0.0744312 0.9972262 5.488932E-07 
0 0 0 1 
1 0 0 3.2532E-07 
0 0.9973279 -0.07305387 0.2666135 
0 0.07305387 0.997328 5.394777E-07 
0 0 0 1 
1 0 0 3.195422E-07 
0 0.9974296 -0.07165273 0.2666135 
0 0.07165272 0.9974297 5.299004E-07 
0 0 0 1 
1 0 0 3.136711E-07 
0 0.9975309 -0.07022879 0.2666135 
0 0.07022879 0.9975309 5.201684E-07 
0 0 0 1 
1 0 0 3.077108E-07 
0 0.9976315 -0.06878313 0.2666135 
0 0.06878312 0.9976316 5.102887E-07 
0 0 0 1 
1 0 0 3.016657E-07 
0 0.9977316 -0.06731671 0.2666135 
0 0.0673167 0.9977317 5.002684E-07 
0 0 0 1 
1 0 0 2.9554E-07 
0 0.9978307 -0.06583061 0.2666135 
0 0.0658306 0.9978308 4.901144E-07 
0 0 0 1 
1 0 0 2.893379E-07 
0 0.9979289 -0.06432581 0.2666135 
0 0.0643258 0.997929 4.798339E-07 
0 0 0 1 
1 0 0 2.830637E-07 
0 0.9980258 -0.06280339 0.2666135 
0 0.06280338 0.9980259 4.694338E-07 
0 0 0 1 
1 0 0 2.767216E-07 
0 0.9981215 -0.06126433 0.2666135 
0 0.06126433 0.9981216 4.589212E-07 
0 0 0 1 
1 0 0 2.703159E-07 
0 0.9982157 -0.05970968 0.2666135 
0 0.05970968 0.9982158 4.483031E-07 
0 0 0 1 
1 0 0 2.638508E-07 
0 0.9983084 -0.05814048 0.2666135 
0 0.05814048 0.9983084 4.375866E-07 
0 0 0 1 
1 0 0 2.573305E-07 
0 0.9983993 -0.05655774 0.2666135 
0 0.05655774 0.9983993 4.267786E-07 
0 0 0 1 
1 0 0 2.507593E-07 
0 0.9984884 -0.05496249 0.2666135 
0 0.05496249 0.9984884 4.158862E-07 
0 0 0 1 
1 0 0 2.441414E-07 
0 0.9985755 -0.05335579 0.2666135 
0 0.05335579 0.9985756 4.049165E-07 
0 0 0 1 
1 0 0 2.374812E-07 
0 0.9986606 -0.05173864 0.2666135 
0 0.05173863 0.9986607 3.938765E-07 
0 0 0 1 
1 0 0 2.307827E-07 
0 0.9987435 -0.05011208 0.2666135 
0 0.05011208 0.9987436 3.827731E-07 
0 0 0 1 
1 0 0 2.240503E-07 
0 0.9988242 -0.04847714 0.2666135 
0 0.04847713 0.9988243 3.716135E-07 
0 0 0 1 
1 0 0 2.172882E-07 
0 0.9989026 -0.04683486 0.2666135 
0 0.04683485 0.9989026 3.604046E-07 
0 0 0 1 
1 0 0 2.105006E-07 
0 0.9989785 -0.04518628 0.2666135 
0 0.04518628 0.9989786 3.491537E-07 
0 0 0 1 
1 0 0 2.036918E-07 
0 0.9990519 -0.04353241 0.2666135 
0 0.04353241 0.999052 3.378675E-07 
0 0 0 1 
1 0 0 1.968661E-07 
0 0.9991228 -0.0418743 0.2666135 
0 0.0418743 0.9991229 3.265531E-07 
0 0 0 1 
1 0 0 1.900276E-07 
0 0.999191 -0.04021299 0.2666135 
0 0.04021298 0.9991911 3.152177E-07 
0 0 0 1 
1 0 0 1.831807E-07 
0 0.9992566 -0.0385495 0.2666135 
0 0.03854949 0.9992567 3.038683E-07 
0 0 0 1 
1 0 0 1.763295E-07 
0 0.9993194 -0.03688487 0.2666135 
0 0.03688487 0.9993195 2.925117E-07 
0 0 0 1 
1 0 0 1.694783E-07 
0 0.9993795 -0.03522015 0.2666135 
0 0.03522014 0.9993796 2.811552E-07 
0 0 0 1 
1 0 0 1.626314E-07 
0 0.9994368 -0.03355635 0.2666135 
0 0.03355635 0.9994369 2.698058E-07 
0 0 0 1 
1 0 0 1.557929E-07 
0 0.9994912 -0.03189453 0.2666135 
0 0.03189453 0.9994912 2.584704E-07 
0 0 0 1 
1 0 0 1.489671E-07 
0 0.9995427 -0.03023571 0.2666135 
0 0.03023571 0.9995428 2.47156E-07 
0 0 0 1 
1 0 0 1.421583E-07 
0 0.9995914 -0.02858094 0.2666135 
0 0.02858094 0.9995915 2.358698E-07 
0 0 0 1 
1 0 0 1.353708E-07 
0 0.9996372 -0.02693123 0.2666135 
0 0.02693123 0.9996373 2.246188E-07 
0 0 0 1 
1 0 0 1.286087E-07 
0 0.9996802 -0.02528764 0.2666135 
0 0.02528764 0.9996802 2.1341E-07 
0 0 0 1 
1 0 0 1.218763E-07 
0 0.9997202 -0.0236512 0.2666135 
0 0.0236512 0.9997203 2.022503E-07 
0 0 0 1 
1 0 0 1.151778E-07 
0 0.9997574 -0.02202296 0.2666135 
0 0.02202296 0.9997575 1.91147E-07 
0 0 0 1 
1 0 0 1.085175E-07 
0 0.9997917 -0.02040392 0.2666135 
0 0.02040392 0.9997918 1.80107E-07 
0 0 0 1 
1 0 0 1.018997E-07 
0 0.9998233 -0.01879516 0.2666135 
0 0.01879516 0.9998233 1.691373E-07 
0 0 0 1 
1 0 0 9.532843E-08 
0 0.9998521 -0.01719769 0.2666135 
0 0.01719769 0.9998521 1.582448E-07 
0 0 0 1 
1 0 0 8.880818E-08 
0 0.999878 -0.01561256 0.2666135 
0 0.01561255 0.9998781 1.474368E-07 
0 0 0 1 
1 0 0 8.234301E-08 
0 0.9999014 -0.01404079 0.2666135 
0 0.01404079 0.9999014 1.367202E-07 
0 0 0 1 
1 0 0 7.593729E-08 
0 0.999922 -0.01248343 0.2666135 
0 0.01248343 0.9999221 1.261021E-07 
0 0 0 1 
1 0 0 6.959522E-08 
0 0.9999401 -0.0109415 0.2666135 
0 0.01094149 0.9999402 1.155895E-07 
0 0 0 1 
1 0 0 6.332098E-08 
0 0.9999556 -0.009416058 0.2666135 
0 0.009416057 0.9999557 1.051894E-07 
0 0 0 1 
1 0 0 5.711888E-08 
0 0.9999686 -0.007908124 0.2666135 
0 0.007908124 0.9999687 9.490884E-08 
0 0 0 1 
1 0 0 5.099315E-08 
0 0.9999793 -0.006418748 0.2666135 
0 0.006418748 0.9999794 8.475484E-08 
0 0 0 1 
1 0 0 4.4948E-08 
0 0.9999877 -0.004948957 0.2666135 
0 0.004948957 0.9999878 7.473449E-08 
0 0 0 1 
1 0 0 3.898776E-08 
0 0.9999938 -0.003499778 0.2666135 
0 0.003499778 0.9999939 6.485476E-08 
0 0 0 1 
1 0 0 3.311658E-08 
0 0.9999978 -0.002072262 0.2666135 
0 0.002072262 0.9999979 5.512277E-08 
0 0 0 1 
1 0 0 2.73387E-08 
0 0.9999997 -0.0006674214 0.2666135 
0 0.0006674213 0.9999998 4.554545E-08 
0 0 0 1 
1 0 0 2.165845E-08 
0 0.9999997 0.0007136771 0.2666135 
0 -0.0007136771 0.9999998 3.612985E-08 
0 0 0 1 
1 0 0 1.608001E-08 
0 0.9999978 0.002070032 0.2666135 
0 -0.002070032 0.9999979 2.688307E-08 
0 0 0 1 
1 0 0 1.060764E-08 
0 0.9999942 0.003400592 0.2666135 
0 -0.003400592 0.9999942 1.781211E-08 
0 0 0 1 
1 0 0 5.245568E-09 
0 0.9999889 0.004704315 0.2666135 
0 -0.004704315 0.9999889 8.923962E-09 
0 0 0 1 
1 0 0 -1.98952E-12 
0 0.9999821 0.005980195 0.2666135 
0 -0.005980194 0.9999821 2.257252E-10 
0 0 0 1 
</float_array>
          <technique_common>
            <accessor count="176" offset="0" source="#Chest_0_0-Matrix-animation-output-transform-array" stride="16">
              <param type="float4x4" />
            </accessor>
          </technique_common>
        </source>
        <source id="Chest_0_0-Interpolations">
          <Name_array id="Chest_0_0-Interpolations-array" count="176">LINEAR
LINEAR
LINEAR
LINEAR
LINEAR
LINEAR
LINEAR
LINEAR
LINEAR
LINEAR
LINEAR
LINEAR
LINEAR
LINEAR
LINEAR
LINEAR
LINEAR
LINEAR
LINEAR
LINEAR
LINEAR
LINEAR
LINEAR
LINEAR
LINEAR
LINEAR
LINEAR
LINEAR
LINEAR
LINEAR
LINEAR
LINEAR
LINEAR
LINEAR
LINEAR
LINEAR
LINEAR
LINEAR
LINEAR
LINEAR
LINEAR
LINEAR
LINEAR
LINEAR
LINEAR
LINEAR
LINEAR
LINEAR
LINEAR
LINEAR
LINEAR
LINEAR
LINEAR
LINEAR
LINEAR
LINEAR
LINEAR
LINEAR
LINEAR
LINEAR
LINEAR
LINEAR
LINEAR
LINEAR
LINEAR
LINEAR
LINEAR
LINEAR
LINEAR
LINEAR
LINEAR
LINEAR
LINEAR
LINEAR
LINEAR
LINEAR
LINEAR
LINEAR
LINEAR
LINEAR
LINEAR
LINEAR
LINEAR
LINEAR
LINEAR
LINEAR
LINEAR
LINEAR
LINEAR
LINEAR
LINEAR
LINEAR
LINEAR
LINEAR
LINEAR
LINEAR
LINEAR
LINEAR
LINEAR
LINEAR
LINEAR
LINEAR
LINEAR
LINEAR
LINEAR
LINEAR
LINEAR
LINEAR
LINEAR
LINEAR
LINEAR
LINEAR
LINEAR
LINEAR
LINEAR
LINEAR
LINEAR
LINEAR
LINEAR
LINEAR
LINEAR
LINEAR
LINEAR
LINEAR
LINEAR
LINEAR
LINEAR
LINEAR
LINEAR
LINEAR
LINEAR
LINEAR
LINEAR
LINEAR
LINEAR
LINEAR
LINEAR
LINEAR
LINEAR
LINEAR
LINEAR
LINEAR
LINEAR
LINEAR
LINEAR
LINEAR
LINEAR
LINEAR
LINEAR
LINEAR
LINEAR
LINEAR
LINEAR
LINEAR
LINEAR
LINEAR
LINEAR
LINEAR
LINEAR
LINEAR
LINEAR
LINEAR
LINEAR
LINEAR
LINEAR
LINEAR
LINEAR
LINEAR
LINEAR
LINEAR
LINEAR
LINEAR
LINEAR
LINEAR
LINEAR
LINEAR</Name_array>
          <technique_common>
            <accessor count="176" offset="0" source="#Chest_0_0-Interpolations-array" stride="1">
              <param type="name" />
            </accessor>
          </technique_common>
        </source>
        <sampler id="Chest_0_0-Matrix-animation-transform">
          <input semantic="INPUT" source="#Chest_0_0-Matrix-animation-input" />
          <input semantic="OUTPUT" source="#Chest_0_0-Matrix-animation-output-transform" />
          <input semantic="INTERPOLATION" source="#Chest_0_0-Interpolations" />
        </sampler>
        <channel source="#Chest_0_0-Matrix-animation-transform" target="Chest/matrix" />
      </animation>
      <animation id="LeftUpperArm_0_1-anim" name="LeftUpperArm_0_1">
        <source id="LeftUpperArm_0_1-Matrix-animation-input">
          <float_array id="LeftUpperArm_0_1-Matrix-animation-input-array" count="176">0
0.01666667
0.03333334
0.05
0.06666667
0.08333334
0.1
0.1166667
0.1333333
0.15
0.1666667
0.1833333
0.2
0.2166667
0.2333333
0.25
0.2666667
0.2833334
0.3
0.3166667
0.3333334
0.3500001
0.3666668
0.3833334
0.4000001
0.4166668
0.4333335
0.4500002
0.4666668
0.4833335
0.5000002
0.5166668
0.5333335
0.5500001
0.5666668
0.5833334
0.6000001
0.6166667
0.6333334
0.65
0.6666667
0.6833333
0.7
0.7166666
0.7333333
0.7499999
0.7666666
0.7833332
0.7999999
0.8166665
0.8333332
0.8499998
0.8666665
0.8833331
0.8999998
0.9166664
0.9333331
0.9499997
0.9666664
0.9833331
0.9999997
1.016666
1.033333
1.05
1.066666
1.083333
1.1
1.116666
1.133333
1.15
1.166666
1.183333
1.2
1.216666
1.233333
1.25
1.266666
1.283333
1.299999
1.316666
1.333333
1.349999
1.366666
1.383333
1.399999
1.416666
1.433333
1.449999
1.466666
1.483333
1.499999
1.516666
1.533333
1.549999
1.566666
1.583333
1.599999
1.616666
1.633332
1.649999
1.666666
1.683332
1.699999
1.716666
1.733332
1.749999
1.766666
1.783332
1.799999
1.816666
1.833332
1.849999
1.866666
1.883332
1.899999
1.916666
1.933332
1.949999
1.966666
1.983332
1.999999
2.016665
2.033332
2.049999
2.066665
2.083332
2.099999
2.116665
2.133332
2.149999
2.166665
2.183332
2.199999
2.216665
2.233332
2.249999
2.266665
2.283332
2.299999
2.316665
2.333332
2.349998
2.366665
2.383332
2.399998
2.416665
2.433332
2.449998
2.466665
2.483332
2.499998
2.516665
2.533332
2.549998
2.566665
2.583332
2.599998
2.616665
2.633332
2.649998
2.666665
2.683331
2.699998
2.716665
2.733331
2.749998
2.766665
2.783331
2.799998
2.816665
2.833331
2.849998
2.866665
2.883331
2.899998
2.916665
</float_array>
          <technique_common>
            <accessor count="176" offset="0" source="#LeftUpperArm_0_1-Matrix-animation-input-array" stride="1">
              <param name="TIME" type="float" />
            </accessor>
          </technique_common>
        </source>
        <source id="LeftUpperArm_0_1-Matrix-animation-output-transform">
          <float_array id="LeftUpperArm_0_1-Matrix-animation-output-transform-array" count="2816">0.3240633 0.2343125 0.9165592 0.1937947 
-0.05785143 -0.9621212 0.2664143 0.2713284 
0.9442649 -0.1393594 -0.2982328 7.221822E-07 
0 0 0 1 
0.3237779 0.2346531 0.9165729 0.1937947 
-0.05680658 -0.962188 0.2663977 0.2713284 
0.9444263 -0.1383211 -0.2982053 6.991692E-07 
0 0 0 1 
0.3234859 0.2350007 0.9165871 0.1937947 
-0.05573913 -0.9622554 0.266381 0.2713284 
0.94459 -0.1372603 -0.2981771 6.756524E-07 
0 0 0 1 
0.3231872 0.2353551 0.9166013 0.1937947 
-0.05464945 -0.9623222 0.2663638 0.2713284 
0.9447558 -0.1361772 -0.2981482 6.516491E-07 
0 0 0 1 
0.3228825 0.2357161 0.9166159 0.1937947 
-0.05353831 -0.9623895 0.2663462 0.2713284 
0.9449235 -0.1350726 -0.2981188 6.271763E-07 
0 0 0 1 
0.3225716 0.2360835 0.9166309 0.1937947 
-0.05240644 -0.9624568 0.2663285 0.2713284 
0.9450932 -0.1339474 -0.2980889 6.022512E-07 
0 0 0 1 
0.322255 0.2364568 0.9166459 0.1937947 
-0.05125472 -0.9625237 0.2663103 0.2713284 
0.9452643 -0.1328023 -0.2980585 5.768911E-07 
0 0 0 1 
0.3219329 0.2368357 0.9166614 0.1937947 
-0.05008433 -0.9625907 0.2662919 0.2713284 
0.9454368 -0.1316385 -0.2980278 5.511131E-07 
0 0 0 1 
0.3216051 0.2372202 0.9166771 0.1937947 
-0.04889528 -0.962657 0.2662732 0.2713284 
0.9456106 -0.130456 -0.2979964 5.249343E-07 
0 0 0 1 
0.321272 0.2376098 0.9166929 0.1937947 
-0.04768874 -0.9627227 0.2662542 0.2713284 
0.9457855 -0.129256 -0.2979645 4.983719E-07 
0 0 0 1 
0.3209338 0.2380043 0.916709 0.1937947 
-0.04646556 -0.9627877 0.2662349 0.2713284 
0.945961 -0.1280392 -0.2979321 4.714432E-07 
0 0 0 1 
0.320591 0.2384036 0.9167253 0.1937947 
-0.04522622 -0.9628522 0.2662154 0.2713284 
0.9461374 -0.1268063 -0.2978996 4.441653E-07 
0 0 0 1 
0.3202436 0.2388071 0.9167418 0.1937947 
-0.04397206 -0.962916 0.2661957 0.2713284 
0.9463143 -0.1255585 -0.2978667 4.165553E-07 
0 0 0 1 
0.3198913 0.2392146 0.9167584 0.1937947 
-0.04270345 -0.9629784 0.2661757 0.2713284 
0.9464914 -0.1242961 -0.2978331 3.886305E-07 
0 0 0 1 
0.3195349 0.2396261 0.9167753 0.1937947 
-0.04142088 -0.9630401 0.2661555 0.2713284 
0.9466687 -0.1230197 -0.2977993 3.604079E-07 
0 0 0 1 
0.3191742 0.2400411 0.9167923 0.1937947 
-0.04012566 -0.9631004 0.2661352 0.2713284 
0.9468463 -0.1217304 -0.2977649 3.319049E-07 
0 0 0 1 
0.3188099 0.2404594 0.9168094 0.1937947 
-0.03881838 -0.9631598 0.2661146 0.2713284 
0.9470233 -0.1204291 -0.2977306 3.031385E-07 
0 0 0 1 
0.3184419 0.2408808 0.9168268 0.1937947 
-0.03749976 -0.9632179 0.2660939 0.2713284 
0.9472004 -0.1191163 -0.2976959 2.741259E-07 
0 0 0 1 
0.3180705 0.2413048 0.9168444 0.1937947 
-0.03617096 -0.9632745 0.266073 0.2713284 
0.9473769 -0.1177931 -0.2976608 2.448843E-07 
0 0 0 1 
0.3176957 0.2417313 0.9168617 0.1937947 
-0.03483223 -0.9633294 0.2660519 0.2713284 
0.9475527 -0.1164599 -0.2976255 2.15431E-07 
0 0 0 1 
0.3173178 0.2421601 0.9168794 0.1937947 
-0.03348465 -0.963383 0.2660307 0.2713284 
0.9477279 -0.1151177 -0.2975899 1.857829E-07 
0 0 0 1 
0.3169371 0.2425909 0.9168974 0.1937947 
-0.03212871 -0.9634354 0.2660094 0.2713284 
0.9479024 -0.113767 -0.2975541 1.559575E-07 
0 0 0 1 
0.3165539 0.2430235 0.9169152 0.1937947 
-0.03076538 -0.9634857 0.265988 0.2713284 
0.9480755 -0.1124088 -0.2975184 1.259717E-07 
0 0 0 1 
0.3161679 0.2434573 0.9169331 0.1937947 
-0.02939602 -0.9635342 0.2659664 0.2713284 
0.9482476 -0.1110443 -0.2974819 9.584278E-08 
0 0 0 1 
0.3157801 0.2438926 0.9169512 0.1937947 
-0.0280201 -0.9635813 0.2659448 0.2713284 
0.9484186 -0.1096731 -0.2974458 6.558793E-08 
0 0 0 1 
0.3153902 0.2443286 0.9169694 0.1937947 
-0.02663974 -0.9636266 0.2659231 0.2713284 
0.9485882 -0.1082974 -0.2974094 3.522428E-08 
0 0 0 1 
0.3149985 0.2447654 0.9169875 0.1937947 
-0.02525472 -0.9636698 0.2659012 0.2713284 
0.9487562 -0.1069168 -0.2973729 4.769049E-09 
0 0 0 1 
0.3146052 0.2452027 0.9170057 0.1937947 
-0.02386644 -0.9637113 0.2658795 0.2713284 
0.9489227 -0.1055327 -0.2973363 -2.576058E-08 
0 0 0 1 
0.3142106 0.2456402 0.917024 0.1937947 
-0.02247551 -0.9637508 0.2658576 0.2713284 
0.9490873 -0.1041459 -0.2972997 -5.634746E-08 
0 0 0 1 
0.313815 0.2460775 0.9170422 0.1937947 
-0.02108275 -0.9637883 0.2658357 0.2713284 
0.9492503 -0.102757 -0.297263 -8.697447E-08 
0 0 0 1 
0.3134184 0.2465145 0.9170603 0.1937947 
-0.01968896 -0.9638236 0.2658138 0.2713284 
0.949411 -0.1013669 -0.2972263 -1.176242E-07 
0 0 0 1 
0.313021 0.2469511 0.9170787 0.1937947 
-0.01829464 -0.9638573 0.2657919 0.2713284 
0.94957 -0.09997609 -0.2971896 -1.482798E-07 
0 0 0 1 
0.312623 0.2473867 0.9170969 0.1937947 
-0.01690106 -0.9638884 0.2657699 0.2713284 
0.9497269 -0.09858571 -0.2971525 -1.789239E-07 
0 0 0 1 
0.3122251 0.2478214 0.9171152 0.1937947 
-0.01550845 -0.9639182 0.2657481 0.2713284 
0.9498816 -0.09719627 -0.297116 -2.095393E-07 
0 0 0 1 
0.311827 0.2482549 0.9171335 0.1937947 
-0.01411791 -0.9639456 0.2657262 0.2713284 
0.950034 -0.09580864 -0.2970793 -2.40109E-07 
0 0 0 1 
0.3114291 0.2486867 0.9171515 0.1937947 
-0.01273033 -0.9639709 0.2657044 0.2713284 
0.9501842 -0.09442375 -0.2970426 -2.706157E-07 
0 0 0 1 
0.3110317 0.2491168 0.9171696 0.1937947 
-0.01134612 -0.9639941 0.2656826 0.2713284 
0.9503318 -0.09304205 -0.2970061 -3.010422E-07 
0 0 0 1 
0.3106351 0.2495449 0.9171878 0.1937947 
-0.009966473 -0.9640152 0.2656609 0.2713284 
0.9504771 -0.09166475 -0.2969698 -3.313714E-07 
0 0 0 1 
0.3102391 0.2499708 0.9172058 0.1937947 
-0.008591893 -0.9640344 0.2656393 0.2713284 
0.9506198 -0.09029226 -0.2969334 -3.615862E-07 
0 0 0 1 
0.3098447 0.2503942 0.9172236 0.1937947 
-0.007223393 -0.9640517 0.2656178 0.2713284 
0.9507597 -0.08892576 -0.2968975 -3.916692E-07 
0 0 0 1 
0.3094515 0.2508149 0.9172416 0.1937947 
-0.005861571 -0.964067 0.2655964 0.2713284 
0.9508973 -0.08756568 -0.2968616 -4.216034E-07 
0 0 0 1 
0.3090598 0.2512326 0.9172592 0.1937947 
-0.004507317 -0.9640801 0.2655751 0.2713284 
0.9510319 -0.08621299 -0.2968259 -4.513716E-07 
0 0 0 1 
0.3086701 0.2516471 0.9172769 0.1937947 
-0.003161301 -0.9640913 0.2655539 0.2713284 
0.9511641 -0.08486836 -0.2967905 -4.809565E-07 
0 0 0 1 
0.3082826 0.2520583 0.9172943 0.1937947 
-0.001824413 -0.9641006 0.265533 0.2713284 
0.9512931 -0.08353273 -0.2967554 -5.103412E-07 
0 0 0 1 
0.3078969 0.2524659 0.9173115 0.1937947 
-0.0004972813 -0.9641076 0.2655121 0.2713284 
0.9514196 -0.08220653 -0.2967201 -5.395083E-07 
0 0 0 1 
0.3075143 0.2528696 0.9173288 0.1937947 
0.0008191562 -0.9641132 0.2654914 0.2713284 
0.9515431 -0.08089099 -0.2966857 -5.684407E-07 
0 0 0 1 
0.3071343 0.2532692 0.9173459 0.1937947 
0.002123897 -0.9641168 0.2654709 0.2713284 
0.9516639 -0.0795869 -0.2966512 -5.971212E-07 
0 0 0 1 
0.3067575 0.2536644 0.9173627 0.1937947 
0.003416432 -0.9641187 0.2654506 0.2713284 
0.9517816 -0.07829485 -0.2966172 -6.255326E-07 
0 0 0 1 
0.3063836 0.2540552 0.9173796 0.1937947 
0.004696318 -0.964119 0.2654305 0.2713284 
0.9518965 -0.07701525 -0.2965833 -6.536578E-07 
0 0 0 1 
0.3060135 0.2544412 0.9173961 0.1937947 
0.005961971 -0.9641174 0.2654106 0.2713284 
0.9520085 -0.07574974 -0.2965498 -6.814795E-07 
0 0 0 1 
0.3056473 0.2548223 0.9174124 0.1937947 
0.007213373 -0.9641142 0.2653909 0.2713284 
0.9521176 -0.07449837 -0.2965169 -7.089806E-07 
0 0 0 1 
0.3052848 0.2551982 0.9174287 0.1937947 
0.008449403 -0.9641097 0.2653715 0.2713283 
0.9522236 -0.07326218 -0.2964842 -7.361442E-07 
0 0 0 1 
0.304927 0.2555686 0.9174445 0.1937947 
0.009669103 -0.9641032 0.2653523 0.2713283 
0.9523267 -0.07204223 -0.2964522 -7.629527E-07 
0 0 0 1 
0.3045734 0.2559334 0.9174602 0.1937947 
0.01087198 -0.9640957 0.2653334 0.2713283 
0.9524267 -0.0708389 -0.2964203 -7.893889E-07 
0 0 0 1 
0.3042248 0.2562923 0.9174758 0.1937947 
0.01205697 -0.964087 0.2653148 0.2713283 
0.9525241 -0.06965335 -0.2963891 -8.15436E-07 
0 0 0 1 
0.3038813 0.2566453 0.917491 0.1937947 
0.01322383 -0.9640768 0.2652964 0.2713283 
0.9526183 -0.06848589 -0.2963586 -8.410768E-07 
0 0 0 1 
0.303543 0.2569918 0.9175059 0.1937947 
0.01437084 -0.9640652 0.2652784 0.2713283 
0.9527093 -0.06733809 -0.2963283 -8.662936E-07 
0 0 0 1 
0.3032099 0.257332 0.9175207 0.1937947 
0.01549828 -0.9640527 0.2652607 0.2713283 
0.9527978 -0.06620968 -0.2962984 -8.910698E-07 
0 0 0 1 
0.3028831 0.2576654 0.9175351 0.1937947 
0.01660467 -0.964039 0.2652433 0.2713283 
0.9528831 -0.06510235 -0.2962694 -9.153881E-07 
0 0 0 1 
0.3025618 0.2579919 0.9175493 0.1937947 
0.01768955 -0.9640243 0.2652262 0.2713283 
0.9529657 -0.0640163 -0.2962406 -9.392311E-07 
0 0 0 1 
0.3022471 0.2583113 0.9175632 0.1937947 
0.01875199 -0.9640088 0.2652096 0.2713283 
0.9530452 -0.06295271 -0.2962127 -9.625819E-07 
0 0 0 1 
0.3019388 0.2586234 0.9175767 0.1937947 
0.01979116 -0.9639925 0.2651932 0.2713283 
0.9531218 -0.06191225 -0.2961851 -9.85423E-07 
0 0 0 1 
0.3016373 0.2589278 0.91759 0.1937947 
0.02080616 -0.9639754 0.2651772 0.2713283 
0.9531956 -0.06089585 -0.2961582 -1.007738E-06 
0 0 0 1 
0.3013431 0.2592246 0.917603 0.1937947 
0.02179684 -0.963958 0.2651617 0.2713283 
0.9532666 -0.05990382 -0.2961323 -1.029508E-06 
0 0 0 1 
0.3010561 0.2595133 0.9176155 0.1937947 
0.02276148 -0.9639397 0.2651465 0.2713283 
0.9533348 -0.05893768 -0.2961067 -1.050718E-06 
0 0 0 1 
0.3007767 0.2597939 0.9176277 0.1937947 
0.02370019 -0.9639211 0.2651317 0.2713283 
0.9534001 -0.0579975 -0.296082 -1.071349E-06 
0 0 0 1 
0.3005047 0.2600662 0.9176397 0.1937947 
0.02461192 -0.9639024 0.2651174 0.2713283 
0.9534627 -0.05708416 -0.2960578 -1.091385E-06 
0 0 0 1 
0.3002415 0.2603297 0.9176511 0.1937947 
0.02549521 -0.9638832 0.2651036 0.2713283 
0.9535224 -0.0561994 -0.2960348 -1.110809E-06 
0 0 0 1 
0.299986 0.2605846 0.9176623 0.1937947 
0.02635039 -0.9638638 0.2650901 0.2713283 
0.9535797 -0.05534256 -0.296012 -1.129603E-06 
0 0 0 1 
0.2997393 0.2608303 0.9176731 0.1937947 
0.02717572 -0.9638444 0.2650771 0.2713283 
0.953634 -0.0545156 -0.2959902 -1.14775E-06 
0 0 0 1 
0.2995015 0.261067 0.9176835 0.1937947 
0.02797116 -0.9638252 0.2650646 0.2713283 
0.9536857 -0.05371859 -0.2959694 -1.165233E-06 
0 0 0 1 
0.2992729 0.2612942 0.9176935 0.1937947 
0.02873534 -0.9638062 0.2650526 0.2713283 
0.9537348 -0.05295284 -0.2959493 -1.182034E-06 
0 0 0 1 
0.2990534 0.2615117 0.917703 0.1937947 
0.02946797 -0.9637871 0.2650411 0.2713283 
0.9537813 -0.05221858 -0.2959299 -1.198137E-06 
0 0 0 1 
0.2988435 0.2617195 0.9177122 0.1937947 
0.03016796 -0.9637685 0.2650301 0.2713283 
0.9538251 -0.05151703 -0.2959114 -1.213525E-06 
0 0 0 1 
0.2986435 0.2619171 0.9177208 0.1937947 
0.03083438 -0.9637501 0.2650196 0.2713283 
0.9538665 -0.05084903 -0.2958937 -1.228179E-06 
0 0 0 1 
0.2984537 0.2621045 0.9177292 0.1937947 
0.03146686 -0.9637327 0.2650096 0.2713283 
0.9539053 -0.05021506 -0.2958771 -1.242084E-06 
0 0 0 1 
0.2982742 0.2622815 0.9177369 0.1937947 
0.03206457 -0.9637154 0.2650003 0.2713283 
0.9539415 -0.04961593 -0.2958614 -1.255222E-06 
0 0 0 1 
0.2981052 0.2624477 0.9177442 0.1937947 
0.03262641 -0.9636989 0.2649914 0.2713283 
0.9539753 -0.04905261 -0.2958462 -1.267575E-06 
0 0 0 1 
0.2979474 0.2626031 0.9177512 0.1937947 
0.03315172 -0.9636834 0.2649832 0.2713283 
0.9540065 -0.04852604 -0.2958326 -1.279127E-06 
0 0 0 1 
0.2978007 0.2627473 0.9177574 0.1937947 
0.03364005 -0.9636683 0.2649755 0.2713283 
0.9540352 -0.04803647 -0.2958199 -1.289861E-06 
0 0 0 1 
0.2976649 0.2628803 0.9177633 0.1937947 
0.03409019 -0.9636545 0.2649683 0.2713283 
0.9540615 -0.04758507 -0.2958077 -1.299758E-06 
0 0 0 1 
0.297541 0.2630019 0.9177687 0.1937947 
0.03450174 -0.9636418 0.2649619 0.2713283 
0.9540854 -0.04717243 -0.2957969 -1.308803E-06 
0 0 0 1 
0.2974291 0.2631115 0.9177735 0.1937947 
0.03487327 -0.9636298 0.2649561 0.2713283 
0.9541067 -0.0467999 -0.2957871 -1.316977E-06 
0 0 0 1 
0.2973294 0.2632093 0.917778 0.1937947 
0.03520489 -0.9636195 0.2649509 0.2713283 
0.9541258 -0.0464674 -0.2957785 -1.324264E-06 
0 0 0 1 
0.2972417 0.263295 0.9177817 0.1937947 
0.0354953 -0.9636099 0.2649463 0.2713283 
0.9541423 -0.04617616 -0.2957706 -1.330646E-06 
0 0 0 1 
0.297167 0.2633682 0.917785 0.1937947 
0.03574351 -0.9636021 0.2649424 0.2713283 
0.9541564 -0.0459273 -0.2957643 -1.336107E-06 
0 0 0 1 
0.2971048 0.2634288 0.9177876 0.1937947 
0.03594936 -0.9635949 0.2649392 0.2713283 
0.9541678 -0.04572083 -0.2957587 -1.340629E-06 
0 0 0 1 
0.2970559 0.2634766 0.9177898 0.1937947 
0.03611134 -0.9635898 0.2649366 0.2713283 
0.954177 -0.04555837 -0.2957544 -1.344195E-06 
0 0 0 1 
0.2970202 0.2635113 0.9177913 0.1937947 
0.0362292 -0.9635859 0.2649347 0.2713283 
0.9541836 -0.04544015 -0.2957512 -1.346787E-06 
0 0 0 1 
0.2969985 0.2635328 0.9177923 0.1937947 
0.03630208 -0.9635835 0.2649336 0.2713283 
0.9541878 -0.04536713 -0.2957495 -1.34839E-06 
0 0 0 1 
0.2969903 0.2635408 0.9177926 0.1937947 
0.03632917 -0.9635825 0.2649332 0.2713283 
0.9541891 -0.04533997 -0.2957488 -1.348985E-06 
0 0 0 1 
0.2969962 0.263535 0.9177923 0.1937947 
0.03630965 -0.963583 0.2649335 0.2713283 
0.954188 -0.04535955 -0.2957493 -1.348555E-06 
0 0 0 1 
0.2970169 0.2635148 0.9177914 0.1937947 
0.03624117 -0.9635854 0.2649345 0.2713283 
0.9541842 -0.04542819 -0.2957511 -1.347046E-06 
0 0 0 1 
0.297053 0.2634797 0.9177899 0.1937947 
0.03612195 -0.9635894 0.2649365 0.2713283 
0.9541777 -0.04554782 -0.2957544 -1.344428E-06 
0 0 0 1 
0.2971038 0.26343 0.9177876 0.1937947 
0.03595325 -0.9635949 0.2649391 0.2713283 
0.9541681 -0.04571695 -0.2957587 -1.340722E-06 
0 0 0 1 
0.2971691 0.263366 0.9177848 0.1937947 
0.03573611 -0.9636021 0.2649425 0.2713283 
0.9541559 -0.04593467 -0.2957643 -1.335948E-06 
0 0 0 1 
0.297249 0.263288 0.9177815 0.1937947 
0.03547146 -0.9636109 0.2649467 0.2713283 
0.954141 -0.0462001 -0.2957715 -1.330125E-06 
0 0 0 1 
0.2973428 0.2631961 0.9177774 0.1937947 
0.03515986 -0.9636209 0.2649516 0.2713283 
0.9541232 -0.04651253 -0.2957796 -1.323275E-06 
0 0 0 1 
0.2974507 0.2630907 0.9177727 0.1937947 
0.03480257 -0.9636323 0.2649572 0.2713283 
0.9541027 -0.04687088 -0.2957892 -1.315417E-06 
0 0 0 1 
0.2975717 0.2629718 0.9177675 0.1937947 
0.03439996 -0.9636451 0.2649636 0.2713283 
0.9540796 -0.04727449 -0.2957996 -1.306571E-06 
0 0 0 1 
0.2977061 0.2628401 0.9177616 0.1937947 
0.0339537 -0.9636589 0.2649705 0.2713283 
0.9540536 -0.04772196 -0.2958114 -1.296757E-06 
0 0 0 1 
0.2978533 0.2626955 0.9177552 0.1937947 
0.03346448 -0.9636738 0.2649783 0.2713283 
0.9540249 -0.04821245 -0.2958243 -1.285997E-06 
0 0 0 1 
0.2980134 0.2625383 0.9177482 0.1937947 
0.03293277 -0.9636898 0.2649866 0.2713283 
0.9539934 -0.04874557 -0.2958385 -1.274309E-06 
0 0 0 1 
0.2981856 0.2623689 0.9177408 0.1937947 
0.03235987 -0.963707 0.2649956 0.2713283 
0.9539592 -0.0493199 -0.2958536 -1.261714E-06 
0 0 0 1 
